16 1 2 3 4 5 6 7 8 10 11 12 17 19 21 23 31 
9 0 2 3 7 13 16 17 21 30 
10 0 1 3 7 8 9 13 27 28 32 
6 0 1 2 7 13 33 
3 0 6 10 
4 0 6 10 16 
4 0 4 5 19 
4 0 1 2 3 
5 0 2 30 32 33 
2 2 12 
3 0 4 5 
1 0 
2 0 9 
5 1 2 3 29 33 
2 32 33 
2 32 33 
2 1 5 
2 0 1 
2 32 33 
3 0 6 33 
2 32 33 
2 0 1 
2 32 33 
5 0 25 27 32 33 
3 25 27 31 
3 23 24 31 
2 29 33 
4 2 23 24 33 
3 2 31 33 
4 13 26 32 33 
4 1 8 32 33 
6 0 24 25 28 32 33 
12 2 8 14 15 18 20 22 23 29 30 31 33 
17 3 8 13 14 15 18 19 20 22 23 26 27 28 29 30 31 32 
