16 1 2 3 4 5 7 8 11 12 13 17 19 21 23 31 33 
9 0 2 3 7 10 17 19 21 30 
10 0 1 3 5 7 9 13 27 28 32 
6 0 1 2 7 12 13 
3 0 6 10 
4 0 2 6 10 
4 4 5 16 32 
4 0 1 2 3 
5 0 16 29 32 33 
2 2 13 
3 1 4 5 
1 0 
2 0 3 
5 0 2 3 9 33 
2 32 33 
2 32 33 
2 6 8 
2 0 1 
2 32 33 
3 0 1 33 
2 32 33 
2 0 1 
2 32 33 
5 0 25 27 29 33 
3 27 31 33 
3 23 28 31 
2 30 33 
4 2 23 24 33 
3 2 25 31 
4 8 23 32 33 
4 1 26 32 33 
6 0 24 25 28 32 33 
12 2 6 8 14 15 18 20 22 29 30 31 33 
17 0 8 13 14 15 18 19 20 22 23 24 26 27 29 30 31 32 
