16 1 2 3 4 5 7 8 11 12 13 17 19 21 23 31 33 
9 0 2 3 7 17 19 21 24 30 
10 0 1 3 5 7 9 13 27 32 33 
6 0 1 2 7 12 13 
3 0 6 10 
4 0 2 6 10 
4 4 5 16 32 
4 0 1 2 3 
5 0 16 29 32 33 
2 2 13 
3 4 5 33 
1 0 
2 0 3 
5 0 2 3 9 33 
2 32 33 
2 32 33 
2 6 8 
2 0 1 
2 32 33 
3 0 1 33 
2 32 33 
2 0 1 
2 32 33 
5 0 25 27 28 29 
3 1 27 31 
3 23 31 33 
2 30 33 
4 2 23 24 28 
3 23 27 31 
4 8 23 32 33 
4 1 26 32 33 
6 0 24 25 28 32 33 
12 2 6 8 14 15 18 20 22 29 30 31 33 
17 0 2 8 10 13 14 15 18 19 20 22 25 26 29 30 31 32 
