16 1 2 3 4 6 7 8 10 11 12 13 17 19 21 25 31 
9 0 2 7 13 19 21 24 29 30 
10 0 1 3 7 8 9 13 17 27 32 
6 0 2 5 7 9 33 
3 0 6 10 
4 3 6 10 23 
4 0 4 5 16 
4 0 1 2 3 
5 0 2 30 32 33 
2 2 3 
3 0 4 5 
1 0 
2 0 13 
5 0 1 2 12 33 
2 32 33 
2 32 33 
2 6 33 
2 0 2 
2 32 33 
3 0 1 33 
2 32 33 
2 0 1 
2 32 33 
5 5 25 27 28 32 
3 1 27 31 
3 0 23 31 
2 29 33 
4 2 23 24 33 
3 23 31 33 
4 1 26 32 33 
4 1 8 32 33 
6 0 24 25 28 32 33 
12 2 8 14 15 18 20 22 23 29 30 31 33 
17 3 8 13 14 15 16 18 19 20 22 26 27 28 29 30 31 32 
