16 1 2 3 4 6 7 8 10 11 12 13 17 19 21 25 31 
9 0 2 3 13 17 19 21 29 30 
10 0 1 3 7 8 9 13 27 28 32 
6 0 1 2 7 12 13 
3 0 6 10 
4 6 10 16 24 
4 0 4 5 23 
4 0 2 3 16 
5 0 2 30 32 33 
2 2 33 
3 0 4 5 
1 0 
2 0 3 
5 0 1 2 3 33 
2 32 33 
2 32 33 
2 5 7 
2 0 1 
2 32 33 
3 0 1 33 
2 32 33 
2 0 1 
2 32 33 
5 6 25 27 32 33 
3 5 27 31 
3 0 23 31 
2 29 33 
4 2 23 24 33 
3 2 31 33 
4 1 26 32 33 
4 1 8 32 33 
6 0 24 25 28 32 33 
12 2 8 14 15 18 20 22 23 29 30 31 33 
17 8 9 13 14 15 18 19 20 22 23 26 27 28 29 30 31 32 
