1	100
1	117
1	188
1	195
1	203
2	18
2	100
2	188
2	203
2	290
3	171
3	250
3	281
3	282
3	292
4	71
4	85
4	93
4	130
4	172
5	23
5	43
5	66
5	79
5	300
6	108
6	163
6	166
6	182
6	269
7	199
7	235
7	272
7	276
7	290
8	189
8	250
8	271
8	281
8	292
9	70
9	123
9	163
9	166
9	182
10	248
10	269
10	275
10	280
10	286
11	250
11	260
11	281
11	282
11	285
12	20
12	184
12	202
12	259
12	264
13	95
13	278
13	287
13	289
13	291
14	118
14	130
14	205
14	245
14	264
15	86
15	165
15	180
15	215
15	219
16	255
16	256
16	263
16	268
16	283
17	55
17	238
17	247
17	261
17	265
18	2
18	107
18	188
18	195
18	203
19	154
19	167
19	194
19	206
19	251
20	12
20	205
20	245
20	259
20	264
21	29
21	40
21	99
21	103
21	106
22	46
22	68
22	92
22	194
22	206
23	5
23	66
23	73
23	79
23	229
24	107
24	135
24	188
24	195
24	203
25	136
25	205
25	245
25	259
25	264
26	218
26	257
26	262
26	280
26	286
27	75
27	242
27	253
27	272
27	290
28	255
28	263
28	268
28	273
28	277
29	21
29	51
29	99
29	103
29	106
30	134
30	271
30	282
30	285
30	292
31	116
31	242
31	272
31	276
31	290
32	165
32	198
32	219
32	225
32	243
33	267
33	271
33	282
33	285
33	292
34	184
34	202
34	205
34	208
34	259
35	57
35	173
35	175
35	190
35	193
36	229
36	242
36	253
36	272
36	276
37	207
37	241
37	256
37	277
37	283
38	59
38	108
38	123
38	163
38	166
39	119
39	139
39	159
39	254
39	258
40	21
40	51
40	99
40	103
40	106
41	90
41	231
41	232
41	254
41	258
42	183
42	229
42	242
42	272
42	290
43	5
43	66
43	73
43	79
43	228
44	139
44	179
44	232
44	240
44	258
45	65
45	77
45	120
45	147
45	172
46	22
46	154
46	167
46	194
46	206
47	294
47	295
47	296
47	297
47	300
48	68
48	141
48	154
48	194
48	206
49	113
49	137
49	173
49	190
49	193
50	125
50	202
50	208
50	259
50	264
51	29
51	40
51	99
51	103
51	106
52	266
52	271
52	281
52	285
52	292
53	82
53	231
53	232
53	254
53	258
54	256
54	260
54	268
54	277
54	283
55	17
55	66
55	73
55	79
55	258
56	236
56	250
56	267
56	282
56	292
57	35
57	257
57	269
57	280
57	286
58	83
58	179
58	231
58	254
58	258
59	38
59	70
59	108
59	166
59	182
60	260
60	263
60	268
60	277
60	283
61	180
61	198
61	216
61	219
61	243
62	145
62	184
62	205
62	259
62	264
63	113
63	137
63	175
63	190
63	193
64	178
64	197
64	235
64	253
64	272
64	290
65	45
65	120
65	130
65	147
65	172
65	286
66	5
66	23
66	43
66	55
66	73
66	79
67	220
67	238
67	247
67	251
67	261
67	265
68	22
68	48
68	92
68	141
68	167
68	206
69	293
69	295
69	296
69	297
69	298
69	299
70	9
70	59
70	123
70	163
70	166
70	182
71	4
71	77
71	93
71	120
71	147
71	172
72	173
72	175
72	190
72	193
72	209
72	240
73	23
73	43
73	55
73	66
73	79
73	289
74	128
74	152
74	165
74	180
74	238
74	243
75	27
75	229
75	242
75	253
75	276
75	290
76	85
76	236
76	271
76	281
76	285
76	292
77	45
77	71
77	85
77	120
77	147
77	172
78	230
78	256
78	263
78	268
78	277
78	283
79	5
79	23
79	43
79	55
79	66
79	73
80	92
80	141
80	167
80	194
80	206
80	214
81	199
81	235
81	239
81	242
81	272
81	290
82	53
82	232
82	240
82	254
82	258
82	276
83	58
83	231
83	232
83	240
83	254
83	258
84	255
84	256
84	263
84	265
84	277
84	283
85	4
85	76
85	77
85	93
85	147
85	172
86	15
86	198
86	215
86	219
86	225
86	243
87	140
87	197
87	226
87	242
87	276
87	290
88	293
88	294
88	295
88	296
88	299
88	300
89	116
89	229
89	239
89	274
89	276
89	290
90	41
90	152
90	198
90	216
90	219
90	243
91	121
91	224
91	234
91	269
91	275
91	286
92	22
92	68
92	80
92	141
92	194
92	206
93	4
93	71
93	85
93	120
93	130
93	172
94	191
94	273
94	279
94	287
94	289
94	291
95	13
95	262
95	278
95	279
95	289
95	291
96	237
96	244
96	247
96	255
96	261
96	265
97	200
97	250
97	267
97	281
97	285
97	292
98	133
98	159
98	179
98	240
98	254
98	258
99	21
99	29
99	40
99	51
99	103
99	106
100	1
100	2
100	117
100	188
100	195
100	203
101	229
101	239
101	253
101	272
101	276
101	290
102	250
102	267
102	281
102	282
102	285
102	292
103	21
103	29
103	40
103	51
103	99
103	106
104	137
104	173
104	175
104	190
104	193
104	211
105	233
105	246
105	273
105	279
105	287
105	289
105	291
106	21
106	29
106	40
106	51
106	99
106	103
106	136
107	18
107	24
107	117
107	135
107	188
107	195
107	203
108	6
108	38
108	59
108	123
108	163
108	166
108	182
109	220
109	237
109	238
109	244
109	251
109	261
109	265
110	151
110	267
110	271
110	281
110	282
110	285
110	292
111	204
111	212
111	222
111	260
111	268
111	277
111	283
112	168
112	266
112	273
112	278
112	287
112	289
112	291
113	49
113	63
113	137
113	173
113	175
113	190
113	193
114	134
114	146
114	205
114	208
114	245
114	259
114	264
115	224
115	248
115	257
115	262
115	269
115	280
115	286
116	31
116	89
116	226
116	229
116	253
116	276
116	290
117	1
117	100
117	107
117	135
117	188
117	195
117	203
118	14
118	146
118	202
118	208
118	245
118	259
118	264
119	39
119	159
119	179
119	232
119	240
119	254
119	258
120	45
120	65
120	71
120	77
120	93
120	130
120	147
121	91
121	257
121	262
121	269
121	275
121	280
121	286
122	293
122	294
122	296
122	297
122	298
122	299
122	300
123	9
123	38
123	70
123	108
123	163
123	166
123	182
124	231
124	294
124	295
124	296
124	298
124	299
124	300
125	50
125	152
125	165
125	180
125	216
125	225
125	243
126	148
126	236
126	267
126	281
126	282
126	285
126	292
127	185
127	223
127	244
127	251
127	261
127	265
127	272
128	74
128	157
128	165
128	216
128	225
128	243
128	281
129	197
129	199
129	226
129	235
129	253
129	276
129	290
130	4
130	14
130	65
130	93
130	120
130	147
130	172
131	138
131	238
131	244
131	247
131	251
131	261
131	265
132	150
132	210
132	278
132	279
132	287
132	289
132	291
133	98
133	139
133	231
133	232
133	240
133	254
133	258
134	30
134	114
134	136
134	208
134	245
134	259
134	264
135	24
135	107
135	117
135	188
135	195
135	203
135	297
136	25
136	106
136	134
136	146
136	202
136	245
136	259
136	264
137	49
137	63
137	104
137	113
137	173
137	175
137	190
137	193
138	131
138	185
138	223
138	237
138	244
138	251
138	261
138	265
139	39
139	44
139	133
139	159
139	231
139	240
139	254
139	258
140	87
140	214
140	266
140	278
140	279
140	287
140	289
140	291
141	48
141	68
141	80
141	92
141	154
141	167
141	194
141	206
142	192
142	220
142	223
142	237
142	244
142	247
142	261
142	265
143	288
143	293
143	294
143	295
143	296
143	298
143	299
143	300
144	277
144	288
144	293
144	295
144	297
144	298
144	299
144	300
145	62
145	146
145	202
145	205
145	208
145	245
145	259
145	264
146	114
146	118
146	136
146	145
146	184
146	208
146	245
146	259
147	45
147	65
147	71
147	77
147	85
147	120
147	130
147	172
148	126
148	200
148	267
148	271
148	281
148	282
148	285
148	292
149	168
149	233
149	246
149	266
149	279
149	287
149	289
149	291
150	132
150	266
150	273
150	278
150	279
150	287
150	289
150	291
151	110
151	236
151	264
151	267
151	271
151	282
151	285
151	292
152	74
152	90
152	125
152	198
152	215
152	219
152	225
152	243
153	191
153	210
153	266
153	273
153	278
153	279
153	289
153	291
154	19
154	46
154	48
154	141
154	167
154	194
154	206
154	235
155	181
155	233
155	266
155	278
155	279
155	287
155	289
155	291
156	199
156	229
156	239
156	249
156	253
156	272
156	276
156	290
157	128
157	165
157	198
157	215
157	216
157	219
157	225
157	243
158	220
158	223
158	237
158	244
158	247
158	251
158	261
158	265
159	39
159	98
159	119
159	139
159	231
159	240
159	254
159	258
160	174
160	213
160	234
160	262
160	269
160	275
160	280
160	286
161	163
161	186
161	224
161	248
161	262
161	269
161	275
161	280
162	177
162	247
162	255
162	260
162	263
162	268
162	277
162	283
163	6
163	9
163	38
163	70
163	108
163	123
163	161
163	166
163	182
164	284
164	288
164	293
164	294
164	296
164	297
164	298
164	299
164	300
165	15
165	32
165	74
165	125
165	128
165	157
165	198
165	215
165	225
166	6
166	9
166	38
166	59
166	70
166	108
166	123
166	163
166	182
167	19
167	46
167	68
167	80
167	141
167	154
167	194
167	206
167	299
168	112
168	149
168	246
168	273
168	278
168	279
168	287
168	289
168	291
169	288
169	293
169	294
169	295
169	296
169	297
169	298
169	299
169	300
170	204
170	222
170	230
170	255
170	256
170	260
170	268
170	277
170	283
171	3
171	182
171	192
171	200
171	267
171	271
171	281
171	282
171	285
172	4
172	45
172	65
172	71
172	77
172	85
172	93
172	130
172	147
173	35
173	49
173	72
173	104
173	113
173	137
173	175
173	190
173	193
174	160
174	218
174	248
174	257
174	262
174	275
174	280
174	286
174	298
175	35
175	63
175	72
175	104
175	113
175	137
175	173
175	190
175	193
176	196
176	228
176	234
176	248
176	257
176	262
176	275
176	280
176	286
177	162
177	230
177	241
177	256
177	260
177	263
177	268
177	277
177	283
178	64
178	189
178	236
178	267
178	271
178	281
178	282
178	285
178	292
179	44
179	58
179	98
179	119
179	231
179	232
179	240
179	254
179	258
180	15
180	61
180	74
180	125
180	198
180	215
180	216
180	219
180	225
181	155
181	199
181	226
181	235
181	239
181	253
181	272
181	276
181	290
182	6
182	9
182	59
182	70
182	108
182	123
182	163
182	166
182	171
183	42
183	284
183	288
183	294
183	295
183	297
183	298
183	299
183	300
184	12
184	34
184	62
184	146
184	202
184	205
184	245
184	259
184	264
185	127
185	138
185	223
185	238
185	244
185	247
185	251
185	261
185	265
186	161
186	196
186	213
186	228
186	262
186	269
186	275
186	280
186	286
187	267
187	288
187	293
187	294
187	295
187	296
187	297
187	298
187	299
187	300
188	1
188	2
188	18
188	24
188	100
188	107
188	117
188	135
188	195
188	203
189	8
189	178
189	236
189	250
189	267
189	271
189	281
189	282
189	285
189	292
190	35
190	49
190	63
190	72
190	104
190	113
190	137
190	173
190	175
190	193
191	94
191	153
191	209
191	233
191	266
191	273
191	278
191	287
191	289
191	291
192	142
192	171
192	200
192	236
192	250
192	271
192	281
192	282
192	285
192	292
193	35
193	49
193	63
193	72
193	104
193	113
193	137
193	173
193	175
193	190
194	19
194	22
194	46
194	48
194	80
194	92
194	141
194	154
194	167
194	206
195	1
195	18
195	24
195	100
195	107
195	117
195	135
195	188
195	203
195	236
196	176
196	186
196	213
196	218
196	234
196	257
196	262
196	275
196	280
196	286
197	64
197	87
197	129
197	229
197	235
197	239
197	253
197	272
197	276
197	290
198	32
198	61
198	86
198	90
198	152
198	157
198	165
198	180
198	215
198	216
198	243
199	7
199	81
199	129
199	156
199	181
199	226
199	235
199	239
199	272
199	276
199	290
200	97
200	148
200	171
200	192
200	250
200	267
200	271
200	281
200	282
200	285
200	292
201	274
201	284
201	288
201	293
201	294
201	295
201	296
201	297
201	298
201	299
201	300
202	12
202	34
202	50
202	118
202	136
202	145
202	184
202	208
202	245
202	259
202	264
203	1
203	2
203	18
203	24
203	100
203	107
203	117
203	135
203	188
203	195
203	243
204	111
204	170
204	207
204	221
204	241
204	255
204	256
204	260
204	263
204	277
204	283
205	14
205	20
205	25
205	34
205	62
205	114
205	145
205	184
205	245
205	259
205	264
206	19
206	22
206	46
206	48
206	68
206	80
206	92
206	141
206	154
206	167
206	194
207	37
207	204
207	222
207	241
207	255
207	256
207	260
207	263
207	268
207	277
207	283
208	34
208	50
208	114
208	118
208	134
208	145
208	146
208	202
208	259
208	264
208	278
209	72
209	191
209	211
209	246
209	266
209	273
209	278
209	279
209	287
209	289
209	291
210	132
210	153
210	211
210	246
210	253
210	266
210	273
210	279
210	287
210	289
210	291
211	104
211	209
211	210
211	214
211	246
211	266
211	273
211	278
211	279
211	287
211	289
211	291
212	111
212	274
212	284
212	288
212	293
212	294
212	295
212	296
212	297
212	298
212	299
212	300
213	160
213	186
213	196
213	218
213	228
213	234
213	257
213	262
213	269
213	275
213	280
213	286
214	80
214	140
214	211
214	233
214	246
214	266
214	273
214	278
214	279
214	287
214	289
214	291
215	15
215	86
215	152
215	157
215	165
215	180
215	198
215	216
215	219
215	225
215	242
215	243
216	61
216	90
216	125
216	128
216	157
216	180
216	198
216	215
216	219
216	225
216	243
216	279
217	270
217	274
217	284
217	288
217	293
217	294
217	295
217	296
217	297
217	298
217	299
217	300
218	26
218	174
218	196
218	213
218	228
218	248
218	257
218	262
218	269
218	275
218	280
218	286
219	15
219	32
219	61
219	86
219	90
219	152
219	157
219	180
219	215
219	216
219	225
219	243
220	67
220	109
220	142
220	158
220	223
220	237
220	238
220	247
220	251
220	261
220	265
220	298
221	204
221	274
221	284
221	288
221	293
221	294
221	295
221	296
221	297
221	298
221	299
221	300
222	111
222	170
222	207
222	230
222	241
222	255
222	260
222	263
222	268
222	277
222	283
222	292
223	127
223	138
223	142
223	158
223	185
223	220
223	237
223	238
223	244
223	247
223	251
223	261
223	265
224	91
224	115
224	161
224	228
224	234
224	248
224	257
224	262
224	269
224	275
224	280
224	282
224	286
225	32
225	86
225	125
225	128
225	152
225	157
225	165
225	180
225	215
225	216
225	219
225	243
225	284
226	87
226	116
226	129
226	181
226	199
226	229
226	235
226	239
226	253
226	272
226	276
226	290
226	294
227	232
227	270
227	274
227	284
227	288
227	293
227	294
227	295
227	296
227	297
227	298
227	299
227	300
228	43
228	176
228	186
228	213
228	218
228	224
228	234
228	248
228	257
228	269
228	275
228	280
228	286
229	23
229	36
229	42
229	75
229	89
229	101
229	116
229	156
229	197
229	226
229	242
229	272
229	290
230	78
230	170
230	177
230	222
230	234
230	241
230	255
230	256
230	260
230	263
230	268
230	277
230	283
231	41
231	53
231	58
231	83
231	124
231	133
231	139
231	159
231	179
231	232
231	240
231	254
231	258
232	41
232	44
232	53
232	82
232	83
232	119
232	133
232	179
232	227
232	231
232	240
232	254
232	258
232	300
233	105
233	149
233	155
233	191
233	214
233	246
233	266
233	273
233	278
233	279
233	280
233	287
233	289
233	291
234	91
234	160
234	176
234	196
234	213
234	224
234	228
234	230
234	248
234	257
234	269
234	275
234	280
234	286
235	7
235	64
235	81
235	129
235	154
235	181
235	197
235	199
235	226
235	242
235	253
235	272
235	276
235	290
236	56
236	76
236	126
236	151
236	178
236	189
236	192
236	195
236	250
236	267
236	281
236	282
236	285
236	292
237	96
237	109
237	138
237	142
237	158
237	220
237	223
237	238
237	244
237	247
237	251
237	256
237	261
237	265
238	17
238	67
238	74
238	109
238	131
238	185
238	220
238	223
238	237
238	244
238	247
238	251
238	261
238	265
239	81
239	89
239	101
239	156
239	181
239	197
239	199
239	226
239	242
239	253
239	272
239	276
239	290
239	291
240	44
240	72
240	82
240	83
240	98
240	119
240	133
240	139
240	159
240	179
240	231
240	232
240	254
240	258
241	37
241	177
241	204
241	207
241	222
241	230
241	252
241	255
241	256
241	260
241	263
241	268
241	277
241	283
242	27
242	31
242	36
242	42
242	75
242	81
242	87
242	215
242	229
242	235
242	239
242	253
242	272
242	276
242	290
243	32
243	61
243	74
243	86
243	90
243	125
243	128
243	152
243	157
243	198
243	203
243	215
243	216
243	219
243	225
244	96
244	109
244	127
244	131
244	138
244	142
244	158
244	185
244	223
244	237
244	238
244	247
244	251
244	261
244	265
245	14
245	20
245	25
245	114
245	118
245	134
245	136
245	145
245	146
245	184
245	202
245	205
245	259
245	264
245	270
246	105
246	149
246	168
246	209
246	210
246	211
246	214
246	233
246	273
246	278
246	279
246	287
246	289
246	291
246	297
247	17
247	67
247	96
247	131
247	142
247	158
247	162
247	185
247	220
247	223
247	237
247	238
247	244
247	251
247	261
247	265
248	10
248	115
248	161
248	174
248	176
248	218
248	224
248	228
248	234
248	257
248	262
248	269
248	275
248	280
248	286
248	292
249	156
249	252
249	270
249	274
249	284
249	288
249	293
249	294
249	295
249	296
249	297
249	298
249	299
249	300
250	3
250	8
250	11
250	56
250	97
250	102
250	189
250	192
250	200
250	236
250	267
250	271
250	281
250	282
250	285
250	292
251	19
251	67
251	109
251	127
251	131
251	138
251	158
251	185
251	220
251	223
251	237
251	238
251	244
251	247
251	261
251	265
252	241
252	249
252	270
252	274
252	284
252	288
252	293
252	294
252	295
252	296
252	297
252	298
252	299
252	300
253	27
253	36
253	64
253	75
253	101
253	116
253	129
253	156
253	181
253	197
253	210
253	226
253	235
253	239
253	242
253	276
253	290
254	39
254	41
254	53
254	58
254	82
254	83
254	98
254	119
254	133
254	139
254	159
254	179
254	231
254	232
254	240
254	258
254	283
255	16
255	28
255	84
255	96
255	162
255	170
255	204
255	207
255	222
255	230
255	241
255	256
255	260
255	263
255	268
255	277
255	283
256	16
256	37
256	54
256	78
256	84
256	170
256	177
256	204
256	207
256	230
256	237
256	241
256	255
256	260
256	263
256	268
256	277
256	283
257	26
257	57
257	115
257	121
257	174
257	176
257	196
257	213
257	218
257	224
257	228
257	234
257	248
257	262
257	269
257	275
257	280
257	286
258	39
258	41
258	44
258	53
258	55
258	58
258	82
258	83
258	98
258	119
258	133
258	139
258	159
258	179
258	231
258	232
258	240
258	254
259	12
259	20
259	25
259	34
259	50
259	62
259	114
259	118
259	134
259	136
259	145
259	146
259	184
259	202
259	205
259	208
259	245
259	264
260	11
260	54
260	60
260	111
260	162
260	170
260	177
260	204
260	207
260	222
260	230
260	241
260	255
260	256
260	263
260	268
260	277
260	283
261	17
261	67
261	96
261	109
261	127
261	131
261	138
261	142
261	158
261	185
261	220
261	223
261	237
261	238
261	244
261	247
261	251
261	265
262	26
262	95
262	115
262	121
262	160
262	161
262	174
262	176
262	186
262	196
262	213
262	218
262	224
262	248
262	257
262	269
262	275
262	280
262	286
263	16
263	28
263	60
263	78
263	84
263	162
263	177
263	204
263	207
263	222
263	230
263	241
263	255
263	256
263	260
263	268
263	277
263	283
263	290
264	12
264	14
264	20
264	25
264	50
264	62
264	114
264	118
264	134
264	136
264	145
264	151
264	184
264	202
264	205
264	208
264	245
264	259
264	285
265	17
265	67
265	84
265	96
265	109
265	127
265	131
265	138
265	142
265	158
265	185
265	220
265	223
265	237
265	238
265	244
265	247
265	251
265	261
266	52
266	112
266	140
266	149
266	150
266	153
266	155
266	191
266	209
266	210
266	211
266	214
266	233
266	273
266	278
266	279
266	287
266	289
266	291
267	33
267	56
267	97
267	102
267	110
267	126
267	148
267	151
267	171
267	178
267	187
267	189
267	200
267	236
267	250
267	271
267	281
267	282
267	285
267	292
268	16
268	28
268	54
268	60
268	78
268	111
268	162
268	170
268	177
268	207
268	222
268	230
268	241
268	255
268	256
268	260
268	263
268	277
268	283
268	287
269	6
269	10
269	57
269	91
269	115
269	121
269	160
269	161
269	186
269	213
269	218
269	224
269	228
269	234
269	248
269	257
269	262
269	275
269	280
269	286
270	217
270	227
270	245
270	249
270	252
270	274
270	284
270	288
270	293
270	294
270	295
270	296
270	297
270	298
270	299
270	300
271	8
271	30
271	33
271	52
271	76
271	110
271	148
271	151
271	171
271	178
271	189
271	192
271	200
271	250
271	267
271	281
271	282
271	285
271	288
271	292
272	7
272	27
272	31
272	36
272	42
272	64
272	81
272	101
272	127
272	156
272	181
272	197
272	199
272	226
272	229
272	235
272	239
272	242
272	276
272	290
273	28
273	94
273	105
273	112
273	150
273	153
273	168
273	191
273	209
273	210
273	211
273	214
273	233
273	246
273	266
273	278
273	279
273	287
273	289
273	291
274	89
274	201
274	212
274	217
274	221
274	227
274	249
274	252
274	270
274	284
274	288
274	293
274	294
274	295
274	296
274	297
274	298
274	299
274	300
275	10
275	91
275	121
275	160
275	161
275	174
275	176
275	186
275	196
275	213
275	218
275	224
275	228
275	234
275	248
275	257
275	262
275	269
275	280
275	286
275	296
276	7
276	31
276	36
276	75
276	82
276	87
276	89
276	101
276	116
276	129
276	156
276	181
276	197
276	199
276	226
276	235
276	239
276	242
276	253
276	272
276	290
277	28
277	37
277	54
277	60
277	78
277	84
277	111
277	144
277	162
277	170
277	177
277	204
277	207
277	222
277	230
277	241
277	255
277	256
277	260
277	263
277	268
277	283
278	13
278	95
278	112
278	132
278	140
278	150
278	153
278	155
278	168
278	191
278	208
278	209
278	211
278	214
278	233
278	246
278	266
278	273
278	279
278	287
278	289
278	291
279	94
279	95
279	105
279	132
279	140
279	149
279	150
279	153
279	155
279	168
279	209
279	210
279	211
279	214
279	216
279	233
279	246
279	266
279	273
279	278
279	287
279	289
279	291
280	10
280	26
280	57
280	115
280	121
280	160
280	161
280	174
280	176
280	186
280	196
280	213
280	218
280	224
280	228
280	233
280	234
280	248
280	257
280	262
280	269
280	275
280	286
281	3
281	8
281	11
281	52
281	76
281	97
281	102
281	110
281	126
281	128
281	148
281	171
281	178
281	189
281	192
281	200
281	236
281	250
281	267
281	271
281	282
281	285
281	292
282	3
282	11
282	30
282	33
282	56
282	102
282	110
282	126
282	148
282	151
282	171
282	178
282	189
282	192
282	200
282	224
282	236
282	250
282	267
282	271
282	281
282	285
282	292
283	16
283	37
283	54
283	60
283	78
283	84
283	111
283	162
283	170
283	177
283	204
283	207
283	222
283	230
283	241
283	254
283	255
283	256
283	260
283	263
283	268
283	277
283	293
284	164
284	183
284	201
284	212
284	217
284	221
284	225
284	227
284	249
284	252
284	270
284	274
284	288
284	293
284	294
284	295
284	296
284	297
284	298
284	299
284	300
285	11
285	30
285	33
285	52
285	76
285	97
285	102
285	110
285	126
285	148
285	151
285	171
285	178
285	189
285	192
285	200
285	236
285	250
285	264
285	267
285	271
285	281
285	282
285	292
286	10
286	26
286	57
286	65
286	91
286	115
286	121
286	160
286	174
286	176
286	186
286	196
286	213
286	218
286	224
286	228
286	234
286	248
286	257
286	262
286	269
286	275
286	280
286	295
287	13
287	94
287	105
287	112
287	132
287	140
287	149
287	150
287	155
287	168
287	191
287	209
287	210
287	211
287	214
287	233
287	246
287	266
287	268
287	273
287	278
287	279
287	289
287	291
288	143
288	144
288	164
288	169
288	183
288	187
288	201
288	212
288	217
288	221
288	227
288	249
288	252
288	270
288	271
288	274
288	284
288	293
288	294
288	295
288	296
288	297
288	298
288	299
288	300
289	13
289	73
289	94
289	95
289	105
289	112
289	132
289	140
289	149
289	150
289	153
289	155
289	168
289	191
289	209
289	210
289	211
289	214
289	233
289	246
289	266
289	273
289	278
289	279
289	287
289	291
290	2
290	7
290	27
290	31
290	42
290	64
290	75
290	81
290	87
290	89
290	101
290	116
290	129
290	156
290	181
290	197
290	199
290	226
290	229
290	235
290	239
290	242
290	253
290	263
290	272
290	276
291	13
291	94
291	95
291	105
291	112
291	132
291	140
291	149
291	150
291	153
291	155
291	168
291	191
291	209
291	210
291	211
291	214
291	233
291	239
291	246
291	266
291	273
291	278
291	279
291	287
291	289
292	3
292	8
292	30
292	33
292	52
292	56
292	76
292	97
292	102
292	110
292	126
292	148
292	151
292	178
292	189
292	192
292	200
292	222
292	236
292	248
292	250
292	267
292	271
292	281
292	282
292	285
293	69
293	88
293	122
293	143
293	144
293	164
293	169
293	187
293	201
293	212
293	217
293	221
293	227
293	249
293	252
293	270
293	274
293	283
293	284
293	288
293	294
293	295
293	296
293	297
293	298
293	299
293	300
294	47
294	88
294	122
294	124
294	143
294	164
294	169
294	183
294	187
294	201
294	212
294	217
294	221
294	226
294	227
294	249
294	252
294	270
294	274
294	284
294	288
294	293
294	295
294	296
294	297
294	298
294	299
294	300
295	47
295	69
295	88
295	124
295	143
295	144
295	169
295	183
295	187
295	201
295	212
295	217
295	221
295	227
295	249
295	252
295	270
295	274
295	284
295	286
295	288
295	293
295	294
295	296
295	297
295	298
295	299
295	300
296	47
296	69
296	88
296	122
296	124
296	143
296	164
296	169
296	187
296	201
296	212
296	217
296	221
296	227
296	249
296	252
296	270
296	274
296	275
296	284
296	288
296	293
296	294
296	295
296	297
296	298
296	299
296	300
297	47
297	69
297	122
297	135
297	144
297	164
297	169
297	183
297	187
297	201
297	212
297	217
297	221
297	227
297	246
297	249
297	252
297	270
297	274
297	284
297	288
297	293
297	294
297	295
297	296
297	298
297	299
297	300
298	69
298	122
298	124
298	143
298	144
298	164
298	169
298	174
298	183
298	187
298	201
298	212
298	217
298	220
298	221
298	227
298	249
298	252
298	270
298	274
298	284
298	288
298	293
298	294
298	295
298	296
298	297
298	299
298	300
299	69
299	88
299	122
299	124
299	143
299	144
299	164
299	167
299	169
299	183
299	187
299	201
299	212
299	217
299	221
299	227
299	249
299	252
299	270
299	274
299	284
299	288
299	293
299	294
299	295
299	296
299	297
299	298
299	300
300	5
300	47
300	88
300	122
300	124
300	143
300	144
300	164
300	169
300	183
300	187
300	201
300	212
300	217
300	221
300	227
300	232
300	249
300	252
300	270
300	274
300	284
300	288
300	293
300	294
300	295
300	296
300	297
300	298
300	299
