1	88
1	96
1	161
1	171
1	174
2	128
2	187
2	212
2	263
2	278
3	5
3	25
3	73
3	113
3	295
4	17
4	42
4	43
4	54
4	294
5	3
5	9
5	25
5	113
5	192
6	8
6	131
6	193
6	199
6	211
7	81
7	94
7	98
7	142
7	144
8	6
8	109
8	185
8	193
8	211
9	5
9	25
9	73
9	113
9	237
10	40
10	234
10	276
10	282
10	284
11	173
11	295
11	297
11	298
11	300
12	38
12	75
12	107
12	118
12	120
13	34
13	150
13	185
13	199
13	211
14	30
14	50
14	57
14	67
14	256
15	280
15	283
15	288
15	290
15	292
16	45
16	229
16	277
16	282
16	284
17	4
17	43
17	54
17	60
17	296
18	20
18	28
18	85
18	95
18	115
19	191
19	239
19	241
19	266
19	269
20	18
20	61
20	95
20	115
20	292
21	35
21	64
21	70
21	76
21	151
22	81
22	94
22	98
22	142
22	144
23	198
23	203
23	227
23	229
23	245
24	271
24	281
24	286
24	287
24	289
25	3
25	5
25	9
25	73
25	113
26	231
26	233
26	257
26	259
26	262
27	156
27	263
27	265
27	267
27	278
28	18
28	61
28	85
28	95
28	115
29	184
29	276
29	277
29	282
29	284
30	14
30	47
30	50
30	57
30	67
31	154
31	168
31	195
31	254
31	264
32	52
32	121
32	152
32	153
32	290
33	232
33	280
33	288
33	290
33	292
34	13
34	185
34	193
34	199
34	211
35	21
35	39
35	76
35	151
35	266
36	281
36	286
36	287
36	289
36	293
37	126
37	222
37	236
37	237
37	262
38	12
38	58
38	107
38	118
38	193
39	35
39	64
39	76
39	101
39	151
40	10
40	283
40	288
40	290
40	292
41	250
41	252
41	266
41	268
41	269
42	4
42	43
42	54
42	60
42	297
43	4
43	17
43	42
43	54
43	60
44	170
44	180
44	190
44	192
44	219
45	16
45	295
45	298
45	299
45	300
46	162
46	238
46	251
46	254
46	264
47	30
47	50
47	57
47	67
47	126
48	219
48	221
48	261
48	270
48	280
49	186
49	297
49	298
49	299
49	300
50	14
50	30
50	47
50	57
50	67
51	60
51	111
51	161
51	171
51	174
52	32
52	121
52	127
52	152
52	153
53	224
53	265
53	267
53	275
53	278
54	4
54	17
54	42
54	43
54	60
55	86
55	280
55	288
55	290
55	292
56	198
56	295
56	298
56	299
56	300
57	14
57	30
57	47
57	50
57	67
58	38
58	100
58	107
58	118
58	120
59	142
59	237
59	257
59	259
59	262
60	17
60	42
60	43
60	51
60	54
61	20
61	28
61	85
61	95
61	115
62	97
62	121
62	127
62	152
62	153
63	158
63	240
63	251
63	254
63	264
64	21
64	39
64	70
64	101
64	151
65	242
65	271
65	281
65	289
65	293
66	136
66	281
66	286
66	289
66	293
67	14
67	30
67	47
67	50
67	57
68	122
68	239
68	249
68	266
68	269
69	220
69	243
69	244
69	261
69	270
70	21
70	64
70	76
70	101
70	151
71	234
71	272
71	277
71	282
71	284
72	156
72	272
72	276
72	277
72	284
73	3
73	9
73	25
73	113
73	207
74	222
74	231
74	237
74	257
74	259
74	262
75	12
75	100
75	107
75	118
75	120
75	230
76	21
76	35
76	39
76	70
76	101
76	151
77	218
77	281
77	286
77	287
77	289
77	293
78	114
78	165
78	167
78	180
78	190
78	192
79	222
79	233
79	236
79	257
79	259
79	262
80	256
80	280
80	283
80	288
80	290
80	292
81	7
81	22
81	94
81	98
81	142
81	144
82	260
82	280
82	283
82	288
82	290
82	292
83	141
83	198
83	213
83	227
83	230
83	245
84	260
84	280
84	283
84	288
84	290
84	292
85	18
85	28
85	61
85	95
85	115
85	211
86	55
86	219
86	221
86	244
86	261
86	270
87	260
87	280
87	283
87	288
87	290
87	292
88	1
88	92
88	111
88	171
88	174
88	272
89	191
89	213
89	249
89	268
89	269
89	279
90	110
90	272
90	276
90	277
90	282
90	284
91	255
91	271
91	281
91	286
91	287
91	293
92	88
92	96
92	161
92	171
92	174
92	175
93	144
93	241
93	249
93	252
93	266
93	268
94	7
94	22
94	81
94	98
94	142
94	144
95	18
95	20
95	28
95	61
95	85
95	115
96	1
96	92
96	111
96	161
96	171
96	174
97	62
97	121
97	127
97	152
97	153
97	264
98	7
98	22
98	81
98	94
98	142
98	144
99	117
99	296
99	297
99	298
99	299
99	300
100	58
100	75
100	107
100	118
100	120
100	228
101	39
101	64
101	70
101	76
101	151
101	197
102	262
102	281
102	286
102	287
102	289
102	293
103	163
103	198
103	221
103	226
103	230
103	245
104	223
104	281
104	286
104	287
104	289
104	293
105	198
105	203
105	226
105	227
105	230
105	245
106	165
106	167
106	170
106	180
106	190
106	192
107	12
107	38
107	58
107	75
107	100
107	120
108	171
108	272
108	276
108	277
108	282
108	284
109	8
109	150
109	185
109	193
109	199
109	211
110	90
110	141
110	226
110	227
110	230
110	245
111	51
111	88
111	96
111	161
111	171
111	174
112	220
112	223
112	243
112	261
112	270
112	292
113	3
113	5
113	9
113	25
113	73
113	259
114	78
114	165
114	170
114	190
114	192
114	281
115	18
115	20
115	28
115	61
115	85
115	95
116	210
116	295
116	296
116	297
116	298
116	299
116	300
117	99
117	149
117	195
117	238
117	240
117	251
117	264
118	12
118	38
118	58
118	75
118	100
118	120
118	300
119	122
119	204
119	239
119	248
119	249
119	266
119	269
120	12
120	58
120	75
120	100
120	107
120	118
120	141
121	32
121	52
121	62
121	97
121	127
121	152
121	153
122	68
122	119
122	241
122	252
122	266
122	268
122	269
123	181
123	195
123	206
123	207
123	240
123	251
123	264
124	256
124	260
124	280
124	283
124	288
124	290
124	292
125	132
125	141
125	198
125	203
125	226
125	230
125	245
126	37
126	47
126	200
126	236
126	257
126	259
126	262
127	52
127	62
127	97
127	121
127	152
127	153
127	265
128	2
128	138
128	156
128	263
128	265
128	267
128	278
129	157
129	208
129	272
129	276
129	277
129	282
129	284
130	204
130	223
130	232
130	243
130	244
130	261
130	270
131	6
131	150
131	185
131	193
131	199
131	211
131	292
132	125
132	203
132	226
132	227
132	230
132	245
132	269
133	189
133	255
133	281
133	286
133	287
133	289
133	293
134	225
134	255
134	271
134	286
134	287
134	289
134	293
135	219
135	220
135	232
135	243
135	244
135	261
135	270
136	66
136	155
136	212
136	228
136	263
136	267
136	278
137	198
137	203
137	226
137	227
137	230
137	245
137	248
138	128
138	196
138	224
138	228
138	267
138	278
138	283
139	149
139	158
139	179
139	181
139	207
139	240
139	264
140	223
140	232
140	243
140	244
140	261
140	270
140	279
141	83
141	110
141	120
141	125
141	227
141	245
141	293
142	7
142	22
142	59
142	81
142	94
142	98
142	144
143	217
143	234
143	272
143	276
143	277
143	282
143	284
144	7
144	22
144	81
144	93
144	94
144	98
144	142
145	294
145	295
145	296
145	297
145	298
145	299
145	300
146	223
146	256
146	280
146	283
146	288
146	290
146	292
147	178
147	219
147	220
147	221
147	243
147	254
147	261
147	270
148	216
148	256
148	260
148	280
148	283
148	288
148	290
148	292
149	117
149	139
149	201
149	207
149	238
149	240
149	254
149	264
150	13
150	109
150	131
150	185
150	193
150	199
150	211
150	265
151	21
151	35
151	39
151	64
151	70
151	76
151	101
151	208
152	32
152	52
152	62
152	97
152	121
152	127
152	153
152	297
153	32
153	52
153	62
153	97
153	121
153	127
153	152
153	205
154	31
154	214
154	229
154	246
154	276
154	277
154	282
154	284
155	136
155	187
155	196
155	224
155	263
155	267
155	278
155	289
156	27
156	72
156	128
156	197
156	263
156	265
156	267
156	278
157	129
157	191
157	246
157	272
157	276
157	277
157	282
157	284
158	63
158	139
158	195
158	206
158	238
158	251
158	254
158	264
159	214
159	256
159	260
159	280
159	283
159	288
159	290
159	292
160	164
160	204
160	213
160	248
160	252
160	266
160	268
160	269
161	1
161	51
161	92
161	96
161	111
161	171
161	174
161	221
162	46
162	181
162	206
162	238
162	242
162	251
162	254
162	264
163	103
163	169
163	198
163	203
163	226
163	227
163	230
163	245
164	160
164	190
164	213
164	239
164	248
164	252
164	268
164	269
165	78
165	106
165	114
165	167
165	170
165	180
165	190
165	192
166	256
166	260
166	280
166	283
166	284
166	288
166	290
166	292
167	78
167	106
167	165
167	170
167	180
167	190
167	192
167	222
168	31
168	195
168	201
168	240
168	251
168	254
168	264
168	266
169	163
169	253
169	255
169	271
169	281
169	286
169	287
169	289
169	293
170	44
170	106
170	114
170	165
170	167
170	180
170	190
170	192
170	296
171	1
171	51
171	88
171	92
171	96
171	108
171	111
171	161
171	174
172	204
172	213
172	239
172	241
172	252
172	262
172	266
172	268
172	269
173	11
173	175
173	186
173	187
173	228
173	263
173	265
173	267
173	278
174	1
174	51
174	88
174	92
174	96
174	111
174	161
174	171
174	298
175	92
175	173
175	186
175	197
175	212
175	224
175	263
175	265
175	278
176	231
176	291
176	294
176	295
176	296
176	297
176	298
176	299
176	300
177	253
177	255
177	271
177	278
177	281
177	286
177	287
177	289
177	293
178	147
178	220
178	221
178	232
178	243
178	244
178	261
178	270
178	273
179	139
179	181
179	195
179	201
179	207
179	240
179	254
179	264
179	288
180	44
180	78
180	106
180	165
180	167
180	170
180	190
180	192
180	206
181	123
181	139
181	162
181	179
181	207
181	238
181	240
181	254
181	261
181	264
182	215
182	216
182	256
182	260
182	280
182	283
182	288
182	290
182	291
182	292
183	253
183	285
183	291
183	294
183	295
183	296
183	297
183	298
183	299
183	300
184	29
184	200
184	210
184	222
184	231
184	233
184	237
184	257
184	259
184	262
185	8
185	13
185	34
185	109
185	131
185	150
185	193
185	199
185	211
185	248
186	49
186	173
186	175
186	187
186	197
186	212
186	228
186	265
186	267
186	278
187	2
187	155
187	173
187	186
187	196
187	228
187	245
187	265
187	267
187	278
188	208
188	229
188	234
188	246
188	253
188	272
188	276
188	277
188	282
188	284
189	133
189	242
189	253
189	271
189	281
189	286
189	287
189	289
189	291
189	293
190	44
190	78
190	106
190	114
190	164
190	165
190	167
190	170
190	180
190	192
191	19
191	89
191	157
191	239
191	241
191	248
191	249
191	252
191	266
191	268
192	5
192	44
192	78
192	106
192	114
192	165
192	167
192	170
192	180
192	190
193	6
193	8
193	34
193	38
193	109
193	131
193	150
193	185
193	199
193	211
194	257
194	285
194	291
194	294
194	295
194	296
194	297
194	298
194	299
194	300
195	31
195	117
195	123
195	158
195	168
195	179
195	201
195	206
195	240
195	251
195	267
196	138
196	155
196	187
196	197
196	212
196	224
196	235
196	263
196	265
196	267
196	278
197	101
197	156
197	175
197	186
197	196
197	224
197	228
197	263
197	265
197	267
197	278
198	23
198	56
198	83
198	103
198	105
198	125
198	137
198	163
198	203
198	226
198	227
199	6
199	13
199	34
199	109
199	131
199	150
199	185
199	193
199	201
199	211
199	212
200	126
200	184
200	210
200	231
200	233
200	236
200	237
200	257
200	259
200	262
200	263
201	149
201	168
201	179
201	195
201	199
201	206
201	207
201	238
201	251
201	264
201	293
202	263
202	279
202	285
202	291
202	294
202	295
202	296
202	297
202	298
202	299
202	300
203	23
203	105
203	125
203	132
203	137
203	163
203	198
203	226
203	230
203	241
203	245
204	119
204	130
204	160
204	172
204	241
204	248
204	249
204	252
204	266
204	268
204	269
205	153
205	215
205	216
205	256
205	260
205	280
205	283
205	288
205	290
205	292
206	123
206	158
206	162
206	180
206	195
206	201
206	207
206	238
206	251
206	254
206	264
207	73
207	123
207	139
207	149
207	179
207	181
207	201
207	206
207	240
207	251
207	254
208	129
208	151
208	188
208	214
208	217
208	246
208	272
208	276
208	277
208	282
208	284
209	225
209	242
209	253
209	255
209	271
209	281
209	286
209	287
209	289
209	293
209	299
210	116
210	184
210	200
210	222
210	231
210	233
210	236
210	237
210	257
210	259
210	262
211	6
211	8
211	13
211	34
211	85
211	109
211	131
211	150
211	185
211	193
211	199
212	2
212	136
212	175
212	186
212	196
212	199
212	224
212	263
212	265
212	267
212	278
213	83
213	89
213	160
213	164
213	172
213	239
213	248
213	249
213	252
213	268
213	269
214	154
214	159
214	208
214	217
214	229
214	234
214	246
214	272
214	276
214	277
214	282
214	284
215	182
215	205
215	216
215	256
215	260
215	277
215	280
215	283
215	288
215	290
215	292
215	300
216	148
216	182
216	205
216	215
216	227
216	256
216	260
216	280
216	283
216	288
216	290
216	292
217	143
217	208
217	214
217	229
217	234
217	246
217	272
217	276
217	277
217	282
217	284
217	294
218	77
218	225
218	242
218	253
218	255
218	260
218	271
218	281
218	286
218	287
218	289
218	293
219	44
219	48
219	86
219	135
219	147
219	221
219	223
219	232
219	243
219	244
219	261
219	270
220	69
220	112
220	135
220	147
220	178
220	223
220	232
220	243
220	244
220	252
220	261
220	270
221	48
221	86
221	103
221	147
221	161
221	178
221	219
221	232
221	243
221	244
221	261
221	270
222	37
222	74
222	79
222	167
222	184
222	210
222	231
222	233
222	236
222	257
222	259
222	262
223	104
223	112
223	130
223	140
223	146
223	219
223	220
223	232
223	243
223	244
223	261
223	270
224	53
224	138
224	155
224	175
224	196
224	197
224	212
224	228
224	263
224	265
224	267
224	273
224	278
225	134
225	209
225	218
225	237
225	242
225	253
225	255
225	271
225	281
225	286
225	287
225	289
225	293
226	103
226	105
226	110
226	125
226	132
226	137
226	163
226	198
226	203
226	227
226	230
226	245
226	272
227	23
227	83
227	105
227	110
227	132
227	137
227	141
227	163
227	198
227	216
227	226
227	230
227	245
228	100
228	136
228	138
228	173
228	186
228	187
228	197
228	224
228	246
228	263
228	265
228	267
228	278
229	16
229	23
229	154
229	188
229	214
229	217
229	234
229	246
229	272
229	276
229	277
229	282
229	284
230	75
230	83
230	103
230	105
230	110
230	125
230	132
230	137
230	163
230	203
230	226
230	227
230	245
231	26
231	74
231	176
231	184
231	200
231	210
231	222
231	233
231	236
231	237
231	257
231	259
231	262
232	33
232	130
232	135
232	140
232	178
232	219
232	220
232	221
232	223
232	243
232	244
232	261
232	270
233	26
233	79
233	184
233	200
233	210
233	222
233	231
233	236
233	237
233	240
233	257
233	259
233	262
234	10
234	71
234	143
234	188
234	214
234	217
234	229
234	246
234	258
234	272
234	276
234	277
234	282
234	284
235	196
235	268
235	273
235	275
235	279
235	285
235	291
235	294
235	295
235	296
235	297
235	298
235	299
235	300
236	37
236	79
236	126
236	200
236	210
236	222
236	231
236	233
236	237
236	257
236	259
236	262
236	269
236	287
237	9
237	37
237	59
237	74
237	184
237	200
237	210
237	225
237	231
237	233
237	236
237	257
237	259
237	262
238	46
238	117
238	149
238	158
238	162
238	181
238	201
238	206
238	240
238	247
238	251
238	254
238	264
238	278
239	19
239	68
239	119
239	164
239	172
239	191
239	213
239	241
239	248
239	249
239	252
239	266
239	268
239	285
240	63
240	117
240	123
240	139
240	149
240	168
240	179
240	181
240	195
240	207
240	233
240	238
240	251
240	254
241	19
241	93
241	122
241	172
241	191
241	203
241	204
241	239
241	248
241	249
241	252
241	257
241	266
241	268
241	269
242	65
242	162
242	189
242	209
242	218
242	225
242	253
242	255
242	271
242	281
242	285
242	286
242	287
242	289
242	293
243	69
243	112
243	130
243	135
243	140
243	147
243	178
243	219
243	220
243	221
243	223
243	232
243	244
243	261
243	270
244	69
244	86
244	130
244	135
244	140
244	178
244	219
244	220
244	221
244	223
244	232
244	243
244	261
244	270
244	282
245	23
245	83
245	103
245	105
245	110
245	125
245	132
245	137
245	141
245	163
245	187
245	203
245	226
245	227
245	230
246	154
246	157
246	188
246	208
246	214
246	217
246	228
246	229
246	234
246	247
246	272
246	276
246	277
246	282
246	284
247	238
247	246
247	273
247	274
247	275
247	279
247	285
247	291
247	294
247	295
247	296
247	297
247	298
247	299
247	300
248	119
248	137
248	160
248	164
248	185
248	191
248	204
248	213
248	239
248	241
248	249
248	252
248	266
248	268
248	269
249	68
249	89
249	93
249	119
249	191
249	204
249	213
249	239
249	241
249	248
249	251
249	266
249	268
249	269
249	287
250	41
250	258
250	273
250	274
250	275
250	279
250	285
250	291
250	294
250	295
250	296
250	297
250	298
250	299
250	300
251	46
251	63
251	117
251	123
251	158
251	162
251	168
251	195
251	201
251	206
251	207
251	238
251	240
251	249
251	254
251	264
252	41
252	93
252	122
252	160
252	164
252	172
252	191
252	204
252	213
252	220
252	239
252	241
252	248
252	266
252	268
252	269
253	169
253	177
253	183
253	188
253	189
253	209
253	218
253	225
253	242
253	255
253	271
253	281
253	286
253	287
253	289
253	293
254	31
254	46
254	63
254	147
254	149
254	158
254	162
254	168
254	179
254	181
254	206
254	207
254	238
254	240
254	251
254	264
254	299
255	91
255	133
255	134
255	169
255	177
255	209
255	218
255	225
255	242
255	253
255	271
255	281
255	284
255	286
255	287
255	289
255	293
256	14
256	80
256	124
256	146
256	148
256	159
256	166
256	182
256	205
256	215
256	216
256	260
256	280
256	283
256	288
256	290
256	292
257	26
257	59
257	74
257	79
257	126
257	184
257	194
257	200
257	210
257	222
257	231
257	233
257	236
257	237
257	241
257	259
257	262
258	234
258	250
258	273
258	274
258	275
258	279
258	285
258	291
258	293
258	294
258	295
258	296
258	297
258	298
258	299
258	300
259	26
259	59
259	74
259	79
259	113
259	126
259	184
259	200
259	210
259	222
259	231
259	233
259	236
259	237
259	257
259	262
259	286
260	82
260	84
260	87
260	124
260	148
260	159
260	166
260	182
260	205
260	215
260	216
260	218
260	256
260	280
260	283
260	288
260	290
260	292
261	48
261	69
261	86
261	112
261	130
261	135
261	140
261	147
261	178
261	181
261	219
261	220
261	221
261	223
261	232
261	243
261	244
261	270
262	26
262	37
262	59
262	74
262	79
262	102
262	126
262	172
262	184
262	200
262	210
262	222
262	231
262	233
262	236
262	237
262	257
262	259
263	2
263	27
263	128
263	136
263	155
263	156
263	173
263	175
263	196
263	197
263	200
263	202
263	212
263	224
263	228
263	265
263	267
263	278
264	31
264	46
264	63
264	97
264	117
264	123
264	139
264	149
264	158
264	162
264	168
264	179
264	181
264	201
264	206
264	238
264	251
264	254
265	27
265	53
265	127
265	128
265	150
265	156
265	173
265	175
265	186
265	187
265	196
265	197
265	212
265	224
265	228
265	263
265	267
265	278
266	19
266	35
266	41
266	68
266	93
266	119
266	122
266	160
266	168
266	172
266	191
266	204
266	239
266	241
266	248
266	249
266	252
266	268
266	269
267	27
267	53
267	128
267	136
267	138
267	155
267	156
267	173
267	186
267	187
267	195
267	196
267	197
267	212
267	224
267	228
267	263
267	265
267	278
268	41
268	89
268	93
268	122
268	160
268	164
268	172
268	191
268	204
268	213
268	235
268	239
268	241
268	248
268	249
268	252
268	266
268	269
268	295
269	19
269	41
269	68
269	89
269	119
269	122
269	132
269	160
269	164
269	172
269	204
269	213
269	236
269	241
269	248
269	249
269	252
269	266
269	268
270	48
270	69
270	86
270	112
270	130
270	135
270	140
270	147
270	178
270	219
270	220
270	221
270	223
270	232
270	243
270	244
270	261
270	274
270	296
271	24
271	65
271	91
271	134
271	169
271	177
271	189
271	209
271	218
271	225
271	242
271	253
271	255
271	276
271	281
271	286
271	287
271	289
271	293
271	298
272	71
272	72
272	88
272	90
272	108
272	129
272	143
272	157
272	188
272	208
272	214
272	217
272	226
272	229
272	234
272	246
272	276
272	277
272	282
272	284
272	287
273	178
273	224
273	235
273	247
273	250
273	258
273	274
273	275
273	279
273	285
273	291
273	294
273	295
273	296
273	297
273	298
273	299
273	300
274	247
274	250
274	258
274	270
274	273
274	275
274	279
274	285
274	288
274	291
274	294
274	295
274	296
274	297
274	298
274	299
274	300
275	53
275	235
275	247
275	250
275	258
275	273
275	274
275	276
275	279
275	285
275	291
275	294
275	295
275	296
275	297
275	298
275	299
275	300
276	10
276	29
276	72
276	90
276	108
276	129
276	143
276	154
276	157
276	188
276	208
276	214
276	217
276	229
276	234
276	246
276	271
276	272
276	275
276	277
276	282
276	284
277	16
277	29
277	71
277	72
277	90
277	108
277	129
277	143
277	154
277	157
277	188
277	208
277	214
277	215
277	217
277	229
277	234
277	246
277	272
277	276
277	282
277	284
277	286
278	2
278	27
278	53
278	128
278	136
278	138
278	155
278	156
278	173
278	175
278	177
278	186
278	187
278	196
278	197
278	212
278	224
278	228
278	238
278	263
278	265
278	267
278	300
279	89
279	140
279	202
279	235
279	247
279	250
279	258
279	273
279	274
279	275
279	285
279	291
279	294
279	295
279	296
279	297
279	298
279	299
279	300
280	15
280	33
280	48
280	55
280	80
280	82
280	84
280	87
280	124
280	146
280	148
280	159
280	166
280	182
280	205
280	215
280	216
280	256
280	260
280	283
280	285
280	288
280	290
280	292
281	24
281	36
281	65
281	66
281	77
281	91
281	102
281	104
281	114
281	133
281	169
281	177
281	189
281	209
281	218
281	225
281	242
281	253
281	255
281	271
281	286
281	287
281	289
281	293
282	10
282	16
282	29
282	71
282	90
282	108
282	129
282	143
282	154
282	157
282	188
282	208
282	214
282	217
282	229
282	234
282	244
282	246
282	272
282	276
282	277
282	284
282	290
282	299
283	15
283	40
283	80
283	82
283	84
283	87
283	124
283	138
283	146
283	148
283	159
283	166
283	182
283	205
283	215
283	216
283	256
283	260
283	280
283	288
283	290
283	292
283	294
284	10
284	16
284	29
284	71
284	72
284	90
284	108
284	129
284	143
284	154
284	157
284	166
284	188
284	208
284	214
284	217
284	229
284	234
284	246
284	255
284	272
284	276
284	277
284	282
285	183
285	194
285	202
285	235
285	239
285	242
285	247
285	250
285	258
285	273
285	274
285	275
285	279
285	280
285	291
285	294
285	295
285	296
285	297
285	298
285	299
285	300
286	24
286	36
286	66
286	77
286	91
286	102
286	104
286	133
286	134
286	169
286	177
286	189
286	209
286	218
286	225
286	242
286	253
286	255
286	259
286	271
286	277
286	281
286	287
286	289
286	293
287	24
287	36
287	77
287	91
287	102
287	104
287	133
287	134
287	169
287	177
287	189
287	209
287	218
287	225
287	236
287	242
287	249
287	253
287	255
287	271
287	272
287	281
287	286
287	289
287	293
288	15
288	33
288	40
288	55
288	80
288	82
288	84
288	87
288	124
288	146
288	148
288	159
288	166
288	179
288	182
288	205
288	215
288	216
288	256
288	260
288	274
288	280
288	283
288	290
288	292
289	24
289	36
289	65
289	66
289	77
289	102
289	104
289	133
289	134
289	155
289	169
289	177
289	189
289	209
289	218
289	225
289	242
289	253
289	255
289	271
289	281
289	286
289	287
289	293
289	297
290	15
290	32
290	33
290	40
290	55
290	80
290	82
290	84
290	87
290	124
290	146
290	148
290	159
290	166
290	182
290	205
290	215
290	216
290	256
290	260
290	280
290	282
290	283
290	288
290	292
291	176
291	182
291	183
291	189
291	194
291	202
291	235
291	247
291	250
291	258
291	273
291	274
291	275
291	279
291	285
291	294
291	295
291	296
291	297
291	298
291	299
291	300
292	15
292	20
292	33
292	40
292	55
292	80
292	82
292	84
292	87
292	112
292	124
292	131
292	146
292	148
292	159
292	166
292	182
292	205
292	215
292	216
292	256
292	260
292	280
292	283
292	288
292	290
293	36
293	65
293	66
293	77
293	91
293	102
293	104
293	133
293	134
293	141
293	169
293	177
293	189
293	201
293	209
293	218
293	225
293	242
293	253
293	255
293	258
293	271
293	281
293	286
293	287
293	289
294	4
294	145
294	176
294	183
294	194
294	202
294	217
294	235
294	247
294	250
294	258
294	273
294	274
294	275
294	279
294	283
294	285
294	291
294	295
294	296
294	297
294	298
294	299
294	300
295	3
295	11
295	45
295	56
295	116
295	145
295	176
295	183
295	194
295	202
295	235
295	247
295	250
295	258
295	268
295	273
295	274
295	275
295	279
295	285
295	291
295	294
295	296
295	297
295	298
295	299
295	300
296	17
296	99
296	116
296	145
296	170
296	176
296	183
296	194
296	202
296	235
296	247
296	250
296	258
296	270
296	273
296	274
296	275
296	279
296	285
296	291
296	294
296	295
296	297
296	298
296	299
296	300
297	11
297	42
297	49
297	99
297	116
297	145
297	152
297	176
297	183
297	194
297	202
297	235
297	247
297	250
297	258
297	273
297	274
297	275
297	279
297	285
297	289
297	291
297	294
297	295
297	296
297	298
297	299
297	300
298	11
298	45
298	49
298	56
298	99
298	116
298	145
298	174
298	176
298	183
298	194
298	202
298	235
298	247
298	250
298	258
298	271
298	273
298	274
298	275
298	279
298	285
298	291
298	294
298	295
298	296
298	297
298	299
298	300
299	45
299	49
299	56
299	99
299	116
299	145
299	176
299	183
299	194
299	202
299	209
299	235
299	247
299	250
299	254
299	258
299	273
299	274
299	275
299	279
299	282
299	285
299	291
299	294
299	295
299	296
299	297
299	298
299	300
300	11
300	45
300	49
300	56
300	99
300	116
300	118
300	145
300	176
300	183
300	194
300	202
300	215
300	235
300	247
300	250
300	258
300	273
300	274
300	275
300	278
300	279
300	285
300	291
300	294
300	295
300	296
300	297
300	298
300	299
