1	37
1	42
1	94
1	98
1	290
2	152
2	177
2	269
2	270
2	272
3	140
3	187
3	193
3	194
3	279
4	45
4	55
4	135
4	165
4	228
5	22
5	49
5	90
5	102
5	300
6	33
6	65
6	167
6	176
6	182
7	117
7	222
7	289
7	294
7	296
8	79
8	201
8	262
8	294
8	296
9	29
9	126
9	140
9	187
9	194
10	121
10	128
10	198
10	215
10	267
11	86
11	212
11	269
11	270
11	272
12	19
12	53
12	58
12	73
12	75
13	59
13	264
13	279
13	284
13	293
14	181
14	283
14	292
14	295
14	300
15	21
15	135
15	163
15	165
15	246
16	62
16	282
16	285
16	286
16	287
17	245
17	282
17	285
17	286
17	287
18	76
18	166
18	199
18	200
18	206
19	12
19	53
19	73
19	75
19	225
20	22
20	49
20	90
20	102
20	158
21	15
21	55
21	65
21	135
21	165
22	5
22	20
22	90
22	102
22	207
23	187
23	280
23	282
23	286
23	287
24	26
24	40
24	66
24	77
24	129
25	37
25	41
25	42
25	94
25	98
26	24
26	52
26	66
26	73
26	77
27	82
27	86
27	122
27	124
27	162
28	88
28	147
28	151
28	178
28	249
29	9
29	107
29	189
29	223
29	253
30	48
30	229
30	269
30	270
30	272
31	35
31	171
31	176
31	182
31	266
32	233
32	240
32	255
32	263
32	265
33	6
33	136
33	197
33	213
33	251
34	196
34	226
34	232
34	257
34	268
35	31
35	167
35	176
35	182
35	268
36	180
36	291
36	297
36	298
36	299
37	1
37	25
37	94
37	98
37	289
38	106
38	273
38	283
38	292
38	300
39	233
39	290
39	291
39	298
39	299
40	24
40	52
40	66
40	77
40	136
41	25
41	110
41	127
41	139
41	159
42	1
42	25
42	94
42	98
42	195
43	109
43	118
43	196
43	232
43	257
44	119
44	128
44	169
44	198
44	215
45	4
45	123
45	135
45	163
45	165
46	195
46	234
46	279
46	284
46	293
47	110
47	127
47	139
47	159
47	218
48	30
48	228
48	276
48	292
48	300
49	5
49	20
49	90
49	102
49	216
50	214
50	238
50	264
50	284
50	293
51	149
51	153
51	269
51	270
51	272
52	26
52	40
52	66
52	77
52	278
53	12
53	19
53	58
53	73
53	75
54	110
54	127
54	139
54	159
54	218
55	4
55	21
55	163
55	165
55	178
56	196
56	225
56	257
56	265
56	268
57	85
57	274
57	280
57	285
57	286
58	12
58	53
58	71
58	73
58	75
59	13
59	111
59	166
59	199
59	200
59	206
60	85
60	96
60	120
60	151
60	178
60	227
61	109
61	225
61	232
61	257
61	268
61	297
62	16
62	95
62	117
62	134
62	145
62	170
63	81
63	190
63	203
63	216
63	231
63	251
64	223
64	290
64	291
64	297
64	298
64	299
65	6
65	21
65	78
65	171
65	176
65	182
66	24
66	26
66	40
66	52
66	77
66	245
67	108
67	201
67	229
67	262
67	289
67	296
68	153
68	222
68	259
68	289
68	294
68	296
69	82
69	93
69	122
69	124
69	162
69	213
70	271
70	279
70	281
70	283
70	295
70	300
71	58
71	196
71	209
71	226
71	257
71	268
72	155
72	188
72	242
72	255
72	263
72	265
73	12
73	19
73	26
73	53
73	58
73	75
74	119
74	128
74	169
74	198
74	215
74	221
75	12
75	19
75	53
75	58
75	73
75	141
76	18
76	106
76	166
76	199
76	200
76	206
77	24
77	26
77	40
77	52
77	66
77	133
78	65
78	167
78	171
78	176
78	182
78	252
79	8
79	214
79	267
79	278
79	284
79	293
80	211
80	241
80	244
80	277
80	297
80	299
81	63
81	83
81	213
81	231
81	233
81	251
82	27
82	69
82	93
82	122
82	161
82	162
83	81
83	104
83	190
83	213
83	231
83	251
84	95
84	117
84	143
84	144
84	145
84	170
85	57
85	60
85	120
85	147
85	151
85	178
86	11
86	27
86	93
86	122
86	124
86	162
87	126
87	140
87	142
87	193
87	194
87	250
88	28
88	120
88	147
88	151
88	178
88	179
89	210
89	219
89	231
89	238
89	278
89	293
90	5
90	20
90	22
90	49
90	102
90	121
91	148
91	184
91	278
91	279
91	284
91	293
92	213
92	237
92	277
92	297
92	298
92	299
93	69
93	82
93	86
93	124
93	162
93	242
94	1
94	25
94	37
94	42
94	98
94	186
95	62
95	84
95	113
95	134
95	145
95	170
96	60
96	120
96	147
96	151
96	156
96	178
97	137
97	185
97	223
97	253
97	261
97	296
98	1
98	25
98	37
98	42
98	94
98	163
99	212
99	236
99	269
99	270
99	272
99	277
100	112
100	229
100	236
100	269
100	270
100	272
101	239
101	246
101	262
101	289
101	294
101	296
102	5
102	20
102	22
102	49
102	90
102	235
103	205
103	233
103	242
103	255
103	263
103	265
104	83
104	186
104	203
104	231
104	243
104	251
105	265
105	271
105	273
105	281
105	292
105	295
105	300
106	38
106	76
106	111
106	166
106	199
106	200
106	206
107	29
107	177
107	202
107	223
107	253
107	259
107	261
108	67
108	192
108	222
108	252
108	279
108	294
108	296
109	43
109	61
109	209
109	210
109	225
109	232
109	268
110	41
110	47
110	54
110	127
110	139
110	157
110	159
111	59
111	106
111	166
111	199
111	200
111	206
111	290
112	100
112	196
112	209
112	226
112	232
112	257
112	268
113	95
113	266
113	277
113	291
113	297
113	298
113	299
114	175
114	238
114	267
114	278
114	279
114	284
114	293
115	182
115	201
115	239
115	246
115	252
115	294
115	296
116	248
116	277
116	283
116	290
116	297
116	298
116	299
117	7
117	62
117	84
117	134
117	144
117	145
117	170
118	43
118	131
118	225
118	232
118	257
118	268
118	291
119	44
119	74
119	133
119	156
119	169
119	198
119	215
120	60
120	85
120	88
120	96
120	147
120	178
120	258
121	10
121	90
121	133
121	169
121	198
121	215
121	255
122	27
122	69
122	82
122	86
122	124
122	162
122	288
123	45
123	192
123	201
123	259
123	289
123	294
123	296
124	27
124	69
124	86
124	93
124	122
124	162
124	258
125	158
125	246
125	259
125	289
125	294
125	295
125	296
126	9
126	87
126	142
126	187
126	193
126	194
126	285
127	41
127	47
127	54
127	110
127	139
127	159
127	224
128	10
128	44
128	74
128	133
128	198
128	215
128	261
129	24
129	137
129	185
129	189
129	202
129	224
129	261
130	191
130	212
130	227
130	236
130	270
130	272
130	289
131	118
131	145
131	225
131	226
131	232
131	257
131	268
132	158
132	239
132	259
132	289
132	290
132	294
132	296
133	77
133	119
133	121
133	128
133	169
133	198
133	215
134	62
134	95
134	117
134	144
134	145
134	170
134	293
135	4
135	15
135	21
135	45
135	163
135	165
135	208
136	33
136	40
136	186
136	197
136	203
136	231
136	251
137	97
137	129
137	189
137	223
137	224
137	261
137	262
138	241
138	256
138	266
138	291
138	297
138	298
138	299
139	41
139	47
139	54
139	110
139	127
139	159
139	287
140	3
140	9
140	87
140	142
140	187
140	193
140	194
141	75
141	254
141	281
141	283
141	292
141	295
141	300
142	87
142	126
142	140
142	187
142	193
142	194
142	240
143	84
143	274
143	280
143	282
143	285
143	287
143	288
144	84
144	117
144	134
144	145
144	170
144	190
144	193
145	62
145	84
145	95
145	117
145	131
145	134
145	144
145	170
146	217
146	254
146	273
146	276
146	281
146	295
146	299
146	300
147	28
147	85
147	88
147	96
147	120
147	151
147	178
147	287
148	91
148	179
148	188
148	216
148	240
148	242
148	263
148	265
149	51
149	152
149	153
149	227
149	236
149	269
149	272
149	273
150	219
150	235
150	264
150	267
150	278
150	279
150	293
150	295
151	28
151	60
151	85
151	88
151	96
151	147
151	152
151	178
152	2
152	149
152	151
152	227
152	236
152	269
152	270
152	272
153	51
153	68
153	149
153	227
153	229
153	269
153	270
153	272
154	204
154	271
154	281
154	283
154	292
154	295
154	298
154	300
155	72
155	244
155	277
155	290
155	291
155	297
155	298
155	299
156	96
156	119
156	161
156	174
156	202
156	223
156	253
156	261
157	110
157	243
157	273
157	276
157	281
157	292
157	295
157	300
158	20
158	125
158	132
158	172
158	218
158	262
158	289
158	294
159	41
159	47
159	54
159	110
159	127
159	139
159	249
159	297
160	184
160	214
160	219
160	261
160	278
160	279
160	284
160	293
161	82
161	156
161	174
161	177
161	223
161	224
161	253
161	261
162	27
162	69
162	82
162	86
162	93
162	122
162	124
162	251
163	15
163	45
163	55
163	98
163	135
163	165
163	271
163	275
164	208
164	248
164	284
164	290
164	291
164	297
164	298
164	299
165	4
165	15
165	21
165	45
165	55
165	135
165	163
165	296
166	18
166	59
166	76
166	106
166	111
166	199
166	200
166	206
167	6
167	35
167	78
167	171
167	176
167	182
167	237
167	262
168	191
168	196
168	209
168	225
168	226
168	232
168	257
168	268
169	44
169	74
169	119
169	121
169	133
169	198
169	215
169	230
170	62
170	84
170	95
170	117
170	134
170	144
170	145
170	267
171	31
171	65
171	78
171	167
171	176
171	182
171	239
171	292
172	158
172	219
172	234
172	259
172	262
172	289
172	294
172	296
173	183
173	222
173	258
173	271
173	273
173	276
173	283
173	295
173	300
174	156
174	161
174	177
174	199
174	202
174	223
174	224
174	253
174	261
175	114
175	243
175	254
175	271
175	281
175	283
175	292
175	295
175	300
176	6
176	31
176	35
176	65
176	78
176	167
176	171
176	182
176	190
177	2
177	107
177	161
177	174
177	185
177	189
177	202
177	224
177	253
178	28
178	55
178	60
178	85
178	88
178	96
178	120
178	147
178	151
179	88
179	148
179	181
179	240
179	242
179	247
179	255
179	263
179	265
180	36
180	217
180	274
180	280
180	282
180	285
180	286
180	287
180	288
181	14
181	179
181	188
181	222
181	233
181	240
181	255
181	263
181	265
182	6
182	31
182	35
182	65
182	78
182	115
182	167
182	171
182	176
183	173
183	217
183	243
183	274
183	276
183	281
183	283
183	295
183	300
184	91
184	160
184	210
184	221
184	267
184	275
184	278
184	284
184	293
185	97
185	129
185	177
185	189
185	223
185	224
185	253
185	260
185	261
186	94
186	104
186	136
186	197
186	203
186	213
186	231
186	241
186	251
187	3
187	9
187	23
187	126
187	140
187	142
187	193
187	194
187	284
188	72
188	148
188	181
188	192
188	216
188	240
188	255
188	263
188	265
189	29
189	129
189	137
189	177
189	185
189	224
189	253
189	261
189	282
190	63
190	83
190	144
190	176
190	197
190	203
190	213
190	231
190	251
191	130
191	168
191	212
191	227
191	229
191	236
191	269
191	270
191	272
192	108
192	123
192	188
192	218
192	234
192	252
192	262
192	294
192	296
193	3
193	87
193	126
193	140
193	142
193	144
193	187
193	194
193	295
194	3
194	9
194	87
194	126
194	140
194	142
194	187
194	193
194	296
195	42
195	46
195	225
195	250
195	264
195	267
195	278
195	279
195	293
196	34
196	43
196	56
196	71
196	112
196	168
196	200
196	209
196	226
196	268
197	33
197	136
197	186
197	190
197	203
197	213
197	231
197	251
197	260
197	286
198	10
198	44
198	74
198	119
198	121
198	128
198	133
198	169
198	215
198	273
199	18
199	59
199	76
199	106
199	111
199	166
199	174
199	200
199	206
199	239
200	18
200	59
200	76
200	106
200	111
200	166
200	196
200	199
200	206
200	269
201	8
201	67
201	115
201	123
201	252
201	288
201	289
201	294
201	295
201	296
202	107
202	129
202	156
202	174
202	177
202	205
202	224
202	253
202	261
202	291
203	63
203	104
203	136
203	186
203	190
203	197
203	213
203	231
203	251
203	275
204	154
204	274
204	275
204	280
204	282
204	285
204	286
204	287
204	288
204	297
205	103
205	202
205	216
205	233
205	238
205	240
205	242
205	255
205	263
205	265
206	18
206	59
206	76
206	106
206	111
206	166
206	199
206	200
206	263
206	281
207	22
207	260
207	274
207	275
207	280
207	282
207	285
207	286
207	287
207	288
208	135
208	164
208	241
208	248
208	266
208	290
208	291
208	297
208	298
208	299
209	71
209	109
209	112
209	168
209	196
209	225
209	226
209	257
209	268
209	292
210	89
210	109
210	184
210	235
210	244
210	250
210	264
210	278
210	279
210	284
210	293
211	80
211	260
211	274
211	275
211	278
211	280
211	282
211	285
211	286
211	287
211	288
212	11
212	99
212	130
212	191
212	227
212	229
212	269
212	270
212	272
212	274
212	293
213	33
213	69
213	81
213	83
213	92
213	186
213	190
213	197
213	203
213	231
213	251
214	50
214	79
214	160
214	250
214	264
214	267
214	279
214	283
214	284
214	291
214	293
215	10
215	44
215	74
215	119
215	121
215	128
215	133
215	169
215	198
215	271
215	293
216	49
216	63
216	148
216	188
216	205
216	233
216	240
216	242
216	255
216	263
216	265
217	146
217	180
217	183
217	259
217	273
217	276
217	281
217	283
217	292
217	295
217	300
218	47
218	54
218	158
218	192
218	234
218	252
218	259
218	262
218	289
218	294
218	296
219	89
219	150
219	160
219	172
219	238
219	250
219	264
219	267
219	278
219	284
219	293
220	221
220	230
220	237
220	248
220	277
220	290
220	291
220	294
220	297
220	298
220	299
221	74
221	184
221	220
221	244
221	248
221	266
221	290
221	291
221	297
221	298
221	299
222	7
222	68
222	108
222	173
222	181
222	234
222	246
222	252
222	259
222	289
222	294
222	296
223	29
223	64
223	97
223	107
223	137
223	156
223	161
223	174
223	185
223	224
223	253
223	261
224	127
224	129
224	137
224	161
224	174
224	177
224	185
224	189
224	202
224	223
224	253
224	261
225	19
225	56
225	61
225	109
225	118
225	131
225	168
225	195
225	209
225	226
225	257
225	268
226	34
226	71
226	112
226	131
226	168
226	196
226	209
226	225
226	232
226	257
226	268
226	298
227	60
227	130
227	149
227	152
227	153
227	191
227	212
227	229
227	269
227	270
227	272
227	285
228	4
228	48
228	245
228	254
228	257
228	258
228	271
228	273
228	281
228	292
228	295
228	300
229	30
229	67
229	100
229	153
229	191
229	212
229	227
229	236
229	269
229	270
229	272
229	300
230	169
230	220
230	244
230	248
230	264
230	266
230	277
230	290
230	291
230	297
230	298
230	299
231	63
231	81
231	83
231	89
231	104
231	136
231	186
231	190
231	197
231	203
231	213
231	251
232	34
232	43
232	61
232	109
232	112
232	118
232	131
232	168
232	226
232	257
232	268
232	282
233	32
233	39
233	81
233	103
233	181
233	205
233	216
233	240
233	242
233	255
233	263
233	265
234	46
234	172
234	192
234	218
234	222
234	239
234	259
234	262
234	289
234	294
234	296
234	298
235	102
235	150
235	210
235	238
235	250
235	264
235	267
235	276
235	278
235	279
235	284
235	293
236	99
236	100
236	130
236	149
236	152
236	191
236	229
236	252
236	269
236	270
236	272
236	277
237	92
237	167
237	220
237	241
237	244
237	266
237	277
237	290
237	291
237	297
237	298
237	299
238	50
238	89
238	114
238	205
238	219
238	235
238	250
238	267
238	278
238	279
238	280
238	284
238	293
239	101
239	115
239	132
239	171
239	199
239	234
239	246
239	252
239	259
239	262
239	289
239	294
239	296
240	32
240	142
240	148
240	179
240	181
240	188
240	205
240	216
240	233
240	242
240	255
240	263
240	265
241	80
241	138
241	186
241	208
241	237
241	266
241	274
241	277
241	290
241	291
241	297
241	298
241	299
242	72
242	93
242	103
242	148
242	179
242	205
242	216
242	233
242	240
242	255
242	263
242	265
242	294
243	104
243	157
243	175
243	183
243	245
243	258
243	264
243	271
243	276
243	283
243	292
243	295
243	300
244	80
244	155
244	210
244	221
244	230
244	237
244	266
244	277
244	290
244	294
244	297
244	298
244	299
245	17
245	66
245	228
245	243
245	254
245	258
245	273
245	276
245	281
245	283
245	292
245	295
245	300
246	15
246	101
246	115
246	125
246	222
246	239
246	252
246	259
246	262
246	280
246	289
246	294
246	296
247	179
247	249
247	254
247	256
247	260
247	274
247	275
247	280
247	282
247	285
247	286
247	287
247	288
248	116
248	164
248	208
248	220
248	221
248	230
248	266
248	272
248	277
248	290
248	291
248	297
248	298
248	299
249	28
249	159
249	247
249	256
249	260
249	274
249	275
249	280
249	282
249	285
249	286
249	287
249	288
250	87
250	195
250	210
250	214
250	219
250	235
250	238
250	259
250	264
250	267
250	278
250	279
250	284
250	293
251	33
251	63
251	81
251	83
251	104
251	136
251	162
251	186
251	190
251	197
251	203
251	213
251	231
251	253
252	78
252	108
252	115
252	192
252	201
252	218
252	222
252	236
252	239
252	246
252	259
252	262
252	289
252	294
252	296
253	29
253	97
253	107
253	156
253	161
253	174
253	177
253	185
253	189
253	202
253	223
253	224
253	251
253	261
253	268
254	141
254	146
254	175
254	228
254	245
254	247
254	258
254	271
254	272
254	273
254	281
254	283
254	292
254	295
254	300
255	32
255	72
255	103
255	121
255	179
255	181
255	188
255	205
255	216
255	233
255	240
255	242
255	263
255	265
255	286
256	138
256	247
256	249
256	260
256	274
256	275
256	280
256	282
256	285
256	286
256	287
256	288
256	300
257	34
257	43
257	56
257	61
257	71
257	112
257	118
257	131
257	168
257	209
257	225
257	226
257	228
257	232
257	268
257	283
258	120
258	124
258	173
258	228
258	243
258	245
258	254
258	271
258	273
258	276
258	281
258	283
258	292
258	294
258	295
258	300
259	68
259	107
259	123
259	125
259	132
259	172
259	217
259	218
259	222
259	234
259	239
259	246
259	250
259	252
259	294
259	296
260	185
260	197
260	207
260	211
260	247
260	249
260	256
260	274
260	275
260	280
260	282
260	285
260	286
260	287
260	288
261	97
261	107
261	128
261	129
261	137
261	156
261	160
261	161
261	174
261	185
261	189
261	202
261	223
261	224
261	253
261	298
262	8
262	67
262	101
262	137
262	158
262	167
262	172
262	192
262	218
262	234
262	239
262	246
262	252
262	289
262	290
262	294
262	296
263	32
263	72
263	103
263	148
263	179
263	181
263	188
263	205
263	206
263	216
263	233
263	240
263	242
263	255
263	265
263	281
263	292
264	13
264	50
264	150
264	195
264	210
264	214
264	219
264	230
264	235
264	243
264	250
264	267
264	278
264	279
264	284
264	293
264	300
265	32
265	56
265	72
265	103
265	105
265	148
265	179
265	181
265	188
265	205
265	216
265	233
265	240
265	242
265	255
265	263
265	299
266	31
266	113
266	138
266	208
266	221
266	230
266	237
266	241
266	244
266	248
266	277
266	289
266	290
266	291
266	297
266	298
266	299
267	10
267	79
267	114
267	150
267	170
267	184
267	195
267	214
267	219
267	235
267	238
267	250
267	264
267	278
267	279
267	284
267	293
267	298
268	34
268	35
268	56
268	61
268	71
268	109
268	112
268	118
268	131
268	168
268	196
268	209
268	225
268	226
268	232
268	253
268	257
268	281
269	2
269	11
269	30
269	51
269	99
269	100
269	149
269	152
269	153
269	191
269	200
269	212
269	227
269	229
269	236
269	270
269	272
269	277
269	288
270	2
270	11
270	30
270	51
270	99
270	100
270	130
270	152
270	153
270	191
270	212
270	227
270	229
270	236
270	269
270	272
270	278
270	282
270	288
271	70
271	105
271	154
271	163
271	173
271	175
271	215
271	228
271	243
271	254
271	258
271	273
271	276
271	281
271	283
271	287
271	292
271	295
271	300
272	2
272	11
272	30
272	51
272	99
272	100
272	130
272	149
272	152
272	153
272	191
272	212
272	227
272	229
272	236
272	248
272	254
272	269
272	270
272	296
273	38
273	105
273	146
273	149
273	157
273	173
273	198
273	217
273	228
273	245
273	254
273	258
273	271
273	276
273	281
273	283
273	284
273	292
273	295
273	300
274	57
274	143
274	180
274	183
274	204
274	207
274	211
274	212
274	241
274	247
274	249
274	256
274	260
274	275
274	280
274	282
274	285
274	286
274	287
274	288
275	163
275	184
275	203
275	204
275	207
275	211
275	247
275	249
275	256
275	260
275	274
275	280
275	282
275	285
275	286
275	287
275	288
276	48
276	146
276	157
276	173
276	183
276	217
276	235
276	243
276	245
276	258
276	271
276	273
276	279
276	281
276	283
276	285
276	286
276	292
276	295
276	300
277	80
277	92
277	99
277	113
277	116
277	155
277	220
277	230
277	236
277	237
277	241
277	244
277	248
277	266
277	269
277	290
277	291
277	297
277	298
277	299
278	52
278	79
278	89
278	91
278	114
278	150
278	160
278	184
278	195
278	210
278	211
278	219
278	235
278	238
278	250
278	264
278	267
278	270
278	279
278	284
278	293
279	3
279	13
279	46
279	70
279	91
279	108
279	114
279	150
279	160
279	195
279	210
279	214
279	235
279	238
279	250
279	264
279	267
279	276
279	278
279	284
279	293
280	23
280	57
280	143
280	180
280	204
280	207
280	211
280	238
280	246
280	247
280	249
280	256
280	260
280	274
280	275
280	282
280	285
280	286
280	287
280	288
280	289
281	70
281	105
281	141
281	146
281	154
281	157
281	175
281	183
281	206
281	217
281	228
281	245
281	254
281	258
281	263
281	268
281	271
281	273
281	276
281	292
281	295
281	300
282	16
282	17
282	23
282	143
282	180
282	189
282	204
282	207
282	211
282	232
282	247
282	249
282	256
282	260
282	270
282	274
282	275
282	280
282	285
282	286
282	287
282	288
283	14
283	38
283	70
283	116
283	141
283	154
283	173
283	175
283	183
283	214
283	217
283	243
283	245
283	254
283	257
283	258
283	271
283	273
283	276
283	292
283	295
283	300
284	13
284	46
284	50
284	79
284	91
284	114
284	160
284	164
284	184
284	187
284	210
284	214
284	219
284	235
284	238
284	250
284	264
284	267
284	273
284	278
284	279
284	293
285	16
285	17
285	57
285	126
285	143
285	180
285	204
285	207
285	211
285	227
285	247
285	249
285	256
285	260
285	274
285	275
285	276
285	280
285	282
285	286
285	287
285	288
286	16
286	17
286	23
286	57
286	180
286	197
286	204
286	207
286	211
286	247
286	249
286	255
286	256
286	260
286	274
286	275
286	276
286	280
286	282
286	285
286	287
286	288
287	16
287	17
287	23
287	139
287	143
287	147
287	180
287	204
287	207
287	211
287	247
287	249
287	256
287	260
287	271
287	274
287	275
287	280
287	282
287	285
287	286
287	288
288	122
288	143
288	180
288	201
288	204
288	207
288	211
288	247
288	249
288	256
288	260
288	269
288	270
288	274
288	275
288	280
288	282
288	285
288	286
288	287
288	297
289	7
289	37
289	67
289	68
289	101
289	123
289	125
289	130
289	132
289	158
289	172
289	201
289	218
289	222
289	234
289	239
289	246
289	252
289	262
289	266
289	280
289	294
289	296
290	1
290	39
290	64
290	111
290	116
290	132
290	155
290	164
290	208
290	220
290	221
290	230
290	237
290	241
290	244
290	248
290	262
290	266
290	277
290	291
290	297
290	298
290	299
291	36
291	39
291	64
291	113
291	118
291	138
291	155
291	164
291	202
291	208
291	214
291	220
291	221
291	230
291	237
291	241
291	248
291	266
291	277
291	290
291	297
291	298
291	299
292	14
292	38
292	48
292	105
292	141
292	154
292	157
292	171
292	175
292	209
292	217
292	228
292	243
292	245
292	254
292	258
292	263
292	271
292	273
292	276
292	281
292	283
292	295
292	299
292	300
293	13
293	46
293	50
293	79
293	89
293	91
293	114
293	134
293	150
293	160
293	184
293	195
293	210
293	212
293	214
293	215
293	219
293	235
293	238
293	250
293	264
293	267
293	278
293	279
293	284
293	299
294	7
294	8
294	68
294	101
294	108
294	115
294	123
294	125
294	132
294	158
294	172
294	192
294	201
294	218
294	220
294	222
294	234
294	239
294	242
294	244
294	246
294	252
294	258
294	259
294	262
294	289
294	296
295	14
295	70
295	105
295	125
295	141
295	146
295	150
295	154
295	157
295	173
295	175
295	183
295	193
295	201
295	217
295	228
295	243
295	245
295	254
295	258
295	271
295	273
295	276
295	281
295	283
295	292
295	300
296	7
296	8
296	67
296	68
296	97
296	101
296	108
296	115
296	123
296	125
296	132
296	165
296	172
296	192
296	194
296	201
296	218
296	222
296	234
296	239
296	246
296	252
296	259
296	262
296	272
296	289
296	294
297	36
297	61
297	64
297	80
297	92
297	113
297	116
297	138
297	155
297	159
297	164
297	204
297	208
297	220
297	221
297	230
297	237
297	241
297	244
297	248
297	266
297	277
297	288
297	290
297	291
297	298
297	299
298	36
298	39
298	64
298	92
298	113
298	116
298	138
298	154
298	155
298	164
298	208
298	220
298	221
298	226
298	230
298	234
298	237
298	241
298	244
298	248
298	261
298	266
298	267
298	277
298	290
298	291
298	297
298	299
299	36
299	39
299	64
299	80
299	92
299	113
299	116
299	138
299	146
299	155
299	164
299	208
299	220
299	221
299	230
299	237
299	241
299	244
299	248
299	265
299	266
299	277
299	290
299	291
299	292
299	293
299	297
299	298
300	5
300	14
300	38
300	48
300	70
300	105
300	141
300	146
300	154
300	157
300	173
300	175
300	183
300	217
300	228
300	229
300	243
300	245
300	254
300	256
300	258
300	264
300	271
300	273
300	276
300	281
300	283
300	292
300	295
