1	152
1	213
1	237
1	249
1	291
2	153
2	217
2	226
2	288
2	293
3	17
3	180
3	267
3	275
3	296
4	58
4	102
4	177
4	226
4	261
5	64
5	200
5	292
5	298
5	300
6	13
6	234
6	264
6	271
6	278
7	76
7	94
7	210
7	227
7	261
8	191
8	208
8	211
8	231
8	263
9	90
9	231
9	237
9	292
9	295
10	24
10	93
10	163
10	204
10	265
11	164
11	191
11	208
11	228
11	262
12	106
12	141
12	209
12	245
12	260
13	6
13	51
13	153
13	230
13	269
14	54
14	157
14	197
14	248
14	281
15	76
15	206
15	216
15	273
15	294
16	85
16	123
16	260
16	294
16	296
17	3
17	156
17	196
17	222
17	280
18	120
18	133
18	166
18	224
18	251
19	43
19	111
19	120
19	298
19	300
20	195
20	221
20	240
20	274
20	280
21	81
21	172
21	229
21	258
21	263
22	41
22	81
22	124
22	283
22	284
23	217
23	253
23	257
23	270
23	276
24	10
24	185
24	210
24	280
24	298
25	31
25	137
25	158
25	169
25	232
26	138
26	247
26	250
26	284
26	292
27	86
27	255
27	285
27	298
27	300
28	40
28	49
28	140
28	182
28	261
29	153
29	175
29	270
29	298
29	300
30	85
30	108
30	229
30	249
30	278
31	25
31	114
31	233
31	239
31	299
32	56
32	99
32	164
32	270
32	292
33	34
33	69
33	116
33	125
33	296
34	33
34	234
34	278
34	291
34	298
35	197
35	266
35	277
35	283
35	289
36	92
36	108
36	174
36	220
36	261
37	97
37	173
37	174
37	184
37	220
38	96
38	113
38	196
38	271
38	284
39	80
39	252
39	261
39	265
39	276
40	28
40	147
40	168
40	191
40	208
41	22
41	81
41	124
41	260
41	292
42	74
42	100
42	186
42	269
42	290
43	19
43	208
43	239
43	275
43	296
44	224
44	238
44	274
44	285
44	293
45	185
45	217
45	226
45	251
45	282
46	84
46	102
46	157
46	276
46	294
47	266
47	292
47	296
47	298
47	300
48	81
48	124
48	140
48	160
48	261
49	28
49	140
49	208
49	250
49	288
50	115
50	120
50	129
50	136
50	166
51	13
51	77
51	210
51	265
51	298
52	181
52	192
52	196
52	267
52	278
53	112
53	123
53	210
53	261
53	269
54	14
54	243
54	265
54	288
54	299
55	215
55	247
55	264
55	285
55	291
56	32
56	145
56	164
56	224
56	259
57	143
57	148
57	153
57	174
57	220
58	4
58	251
58	255
58	275
58	290
58	297
59	149
59	163
59	223
59	263
59	279
59	281
60	114
60	227
60	245
60	272
60	280
60	281
61	199
61	201
61	204
61	224
61	261
61	280
62	91
62	153
62	175
62	179
62	211
62	216
63	135
63	190
63	193
63	222
63	252
63	293
64	5
64	189
64	204
64	213
64	216
64	263
65	122
65	174
65	207
65	218
65	294
65	299
66	67
66	218
66	273
66	276
66	279
66	295
67	66
67	102
67	199
67	275
67	277
67	299
68	79
68	180
68	183
68	193
68	215
68	224
69	33
69	106
69	116
69	125
69	212
69	285
70	139
70	168
70	172
70	222
70	253
70	285
71	155
71	186
71	205
71	241
71	271
71	293
72	76
72	82
72	119
72	137
72	283
72	288
73	205
73	225
73	252
73	256
73	264
73	283
74	42
74	201
74	204
74	226
74	250
74	299
75	280
75	287
75	292
75	295
75	298
75	300
76	7
76	15
76	72
76	292
76	298
76	300
77	51
77	79
77	156
77	192
77	196
77	299
78	119
78	171
78	229
78	292
78	298
78	300
79	68
79	77
79	187
79	192
79	196
79	287
80	39
80	109
80	169
80	177
80	201
80	298
81	21
81	22
81	41
81	48
81	124
81	239
82	72
82	237
82	259
82	264
82	274
82	290
83	99
83	145
83	157
83	164
83	223
83	237
84	46
84	113
84	250
84	267
84	283
84	284
85	16
85	30
85	209
85	245
85	252
85	273
86	27
86	226
86	228
86	272
86	280
86	281
87	94
87	167
87	226
87	231
87	265
87	270
88	150
88	164
88	250
88	262
88	278
88	284
89	138
89	202
89	253
89	257
89	286
89	294
90	9
90	245
90	255
90	272
90	290
90	297
91	62
91	214
91	227
91	241
91	279
91	299
92	36
92	114
92	217
92	282
92	286
92	289
93	10
93	221
93	247
93	270
93	285
93	293
94	7
94	87
94	198
94	210
94	228
94	232
95	133
95	150
95	241
95	262
95	271
95	287
96	38
96	134
96	147
96	292
96	298
96	300
97	37
97	104
97	168
97	209
97	260
97	266
98	206
98	219
98	228
98	258
98	282
98	290
99	32
99	83
99	145
99	164
99	194
99	233
100	42
100	161
100	217
100	246
100	286
100	289
101	215
101	260
101	272
101	279
101	281
101	300
102	4
102	46
102	67
102	269
102	290
102	297
103	110
103	121
103	189
103	258
103	278
103	286
104	97
104	239
104	249
104	266
104	267
104	283
105	178
105	219
105	230
105	295
105	296
105	298
106	12
106	69
106	116
106	125
106	253
106	289
107	134
107	221
107	253
107	257
107	270
107	285
108	30
108	36
108	143
108	220
108	226
108	256
108	283
109	80
109	141
109	211
109	213
109	216
109	295
109	296
110	103
110	142
110	162
110	173
110	251
110	293
110	300
111	19
111	184
111	268
111	274
111	288
111	295
111	297
112	53
112	128
112	147
112	177
112	204
112	255
112	269
113	38
113	84
113	175
113	221
113	233
113	271
113	272
114	31
114	60
114	92
114	276
114	278
114	294
114	299
115	50
115	209
115	287
115	292
115	293
115	298
115	300
116	33
116	69
116	106
116	125
116	219
116	224
116	262
117	173
117	200
117	207
117	240
117	251
117	252
117	286
118	128
118	135
118	142
118	200
118	214
118	227
118	265
119	72
119	78
119	201
119	203
119	255
119	259
119	288
120	18
120	19
120	50
120	129
120	133
120	166
120	213
121	103
121	122
121	218
121	231
121	269
121	297
121	299
122	65
122	121
122	148
122	228
122	233
122	256
122	299
123	16
123	53
123	181
123	196
123	220
123	239
123	295
124	22
124	41
124	48
124	81
124	165
124	279
124	300
125	33
125	69
125	106
125	116
125	147
125	208
125	288
126	155
126	178
126	188
126	259
126	292
126	295
126	296
127	218
127	248
127	256
127	292
127	296
127	298
127	300
128	112
128	118
128	170
128	206
128	214
128	227
128	288
129	50
129	120
129	133
129	166
129	253
129	277
129	287
130	173
130	235
130	236
130	246
130	255
130	272
130	280
131	133
131	185
131	232
131	237
131	273
131	294
131	299
132	145
132	183
132	244
132	273
132	276
132	294
132	299
133	18
133	95
133	120
133	129
133	131
133	162
133	166
134	96
134	107
134	166
134	239
134	250
134	262
134	284
135	63
135	118
135	269
135	280
135	282
135	286
135	289
136	50
136	198
136	209
136	230
136	245
136	267
136	290
137	25
137	72
137	151
137	170
137	214
137	279
137	295
138	26
138	89
138	181
138	205
138	215
138	224
138	297
139	70
139	187
139	203
139	220
139	244
139	256
139	257
140	28
140	48
140	49
140	191
140	208
140	298
140	300
141	12
141	109
141	179
141	189
141	211
141	238
141	272
142	110
142	118
142	170
142	214
142	227
142	253
142	264
143	57
143	108
143	174
143	220
143	276
143	294
143	296
144	217
144	228
144	240
144	243
144	259
144	283
144	287
144	288
145	56
145	83
145	99
145	132
145	164
145	179
145	196
145	269
146	222
146	249
146	262
146	263
146	276
146	278
146	288
146	291
147	40
147	96
147	112
147	125
147	153
147	261
147	265
147	279
148	57
148	122
148	189
148	231
148	273
148	294
148	295
148	299
149	59
149	195
149	225
149	240
149	242
149	265
149	268
149	281
150	88
150	95
150	209
150	221
150	250
150	262
150	266
150	296
151	137
151	174
151	185
151	220
151	239
151	245
151	263
151	295
152	1
152	170
152	246
152	251
152	263
152	278
152	291
152	297
153	2
153	13
153	29
153	57
153	62
153	147
153	217
153	265
154	161
154	188
154	210
154	247
154	251
154	252
154	281
154	293
155	71
155	126
155	240
155	258
155	285
155	286
155	289
155	297
156	17
156	77
156	174
156	184
156	192
156	196
156	226
156	268
157	14
157	46
157	83
157	221
157	232
157	262
157	271
157	284
158	25
158	183
158	199
158	226
158	231
158	237
158	267
158	295
159	184
159	186
159	190
159	230
159	242
159	259
159	260
159	283
160	48
160	181
160	194
160	197
160	287
160	292
160	298
160	300
161	100
161	154
161	168
161	182
161	205
161	238
161	270
161	293
162	110
162	133
162	200
162	238
162	251
162	270
162	289
162	293
163	10
163	59
163	171
163	235
163	246
163	250
163	266
163	276
164	11
164	32
164	56
164	83
164	88
164	99
164	145
164	267
165	124
165	171
165	207
165	246
165	248
165	263
165	267
165	291
166	18
166	50
166	120
166	129
166	133
166	134
166	203
166	265
167	87
167	169
167	225
167	250
167	271
167	272
167	278
167	284
168	40
168	70
168	97
168	161
168	230
168	250
168	275
168	295
169	25
169	80
169	167
169	237
169	241
169	250
169	284
169	288
170	128
170	137
170	142
170	152
170	174
170	214
170	227
170	245
171	78
171	163
171	165
171	177
171	260
171	266
171	273
171	280
171	281
172	21
172	70
172	201
172	219
172	231
172	234
172	249
172	278
172	291
173	37
173	110
173	117
173	130
173	235
173	238
173	252
173	259
173	293
174	36
174	37
174	57
174	65
174	143
174	151
174	156
174	170
174	220
175	29
175	62
175	113
175	242
175	243
175	248
175	268
175	276
175	288
176	212
176	218
176	256
176	257
176	270
176	274
176	279
176	282
176	285
177	4
177	80
177	112
177	171
177	198
177	217
177	247
177	248
177	259
178	105
178	126
178	183
178	246
178	264
178	269
178	295
178	296
178	299
179	62
179	141
179	145
179	211
179	213
179	216
179	240
179	253
179	285
180	3
180	68
180	181
180	193
180	205
180	224
180	244
180	275
180	286
181	52
181	123
181	138
181	160
181	180
181	205
181	215
181	224
181	242
182	28
182	161
182	188
182	236
182	238
182	251
182	252
182	253
182	293
183	68
183	132
183	158
183	178
183	269
183	272
183	290
183	295
183	296
184	37
184	111
184	156
184	159
184	242
184	248
184	268
184	273
184	279
185	24
185	45
185	131
185	151
185	194
185	201
185	209
185	210
185	261
186	42
186	71
186	159
186	221
186	241
186	271
186	281
186	284
186	292
187	79
187	139
187	247
187	252
187	258
187	277
187	282
187	290
187	297
188	126
188	154
188	182
188	193
188	223
188	230
188	259
188	275
188	296
189	64
189	103
189	141
189	148
189	202
189	211
189	213
189	216
189	284
190	63
190	159
190	200
190	214
190	222
190	238
190	251
190	263
190	293
191	8
191	11
191	40
191	140
191	208
191	267
191	278
191	294
191	300
192	52
192	77
192	79
192	156
192	196
192	198
192	203
192	272
192	292
193	63
193	68
193	180
193	188
193	197
193	205
193	215
193	224
193	242
194	99
194	160
194	185
194	270
194	271
194	281
194	287
194	292
194	298
194	300
195	20
195	149
195	225
195	227
195	229
195	261
195	264
195	277
195	288
195	290
196	17
196	38
196	52
196	77
196	79
196	123
196	145
196	156
196	192
196	286
197	14
197	35
197	160
197	193
197	243
197	268
197	273
197	283
197	288
197	291
198	94
198	136
198	177
198	192
198	204
198	230
198	261
198	265
198	289
198	295
199	61
199	67
199	158
199	237
199	273
199	276
199	277
199	285
199	294
199	299
200	5
200	117
200	118
200	162
200	190
200	204
200	251
200	252
200	257
200	293
201	61
201	74
201	80
201	119
201	172
201	185
201	217
201	253
201	265
201	300
202	89
202	189
202	212
202	236
202	244
202	249
202	256
202	270
202	277
202	285
203	119
203	139
203	166
203	192
203	228
203	254
203	266
203	272
203	279
203	280
204	10
204	61
204	64
204	74
204	112
204	198
204	200
204	252
204	265
204	293
205	71
205	73
205	138
205	161
205	180
205	181
205	193
205	215
205	241
205	257
206	15
206	98
206	128
206	207
206	222
206	229
206	234
206	246
206	281
206	285
206	291
207	65
207	117
207	165
207	206
207	222
207	246
207	254
207	278
207	282
207	291
207	299
208	8
208	11
208	40
208	43
208	49
208	125
208	140
208	191
208	251
208	267
208	278
209	12
209	85
209	97
209	115
209	136
209	150
209	185
209	232
209	240
209	275
209	284
210	7
210	24
210	51
210	53
210	94
210	154
210	185
210	258
210	265
210	275
210	297
211	8
211	62
211	109
211	141
211	179
211	189
211	213
211	216
211	239
211	241
211	300
212	69
212	176
212	202
212	247
212	256
212	259
212	260
212	270
212	276
212	285
212	286
213	1
213	64
213	109
213	120
213	179
213	189
213	211
213	216
213	249
213	296
213	297
214	91
214	118
214	128
214	137
214	142
214	170
214	190
214	227
214	241
214	248
214	252
215	55
215	68
215	101
215	138
215	181
215	193
215	205
215	224
215	244
215	281
215	294
216	15
216	62
216	64
216	109
216	179
216	189
216	211
216	213
216	270
216	281
216	297
217	2
217	23
217	45
217	92
217	100
217	144
217	153
217	177
217	201
217	261
217	297
218	65
218	66
218	121
218	127
218	176
218	248
218	254
218	255
218	277
218	286
218	297
219	98
219	105
219	116
219	172
219	231
219	233
219	237
219	255
219	276
219	294
219	299
220	36
220	37
220	57
220	108
220	123
220	139
220	143
220	151
220	174
220	250
220	289
220	293
221	20
221	93
221	107
221	113
221	150
221	157
221	186
221	231
221	241
221	243
221	262
221	297
222	17
222	63
222	70
222	146
222	190
222	206
222	207
222	234
222	249
222	276
222	278
222	291
223	59
223	83
223	188
223	234
223	239
223	245
223	260
223	267
223	275
223	295
223	296
223	299
224	18
224	44
224	56
224	61
224	68
224	116
224	138
224	180
224	181
224	193
224	215
224	243
225	73
225	149
225	167
225	195
225	237
225	262
225	268
225	274
225	283
225	288
225	291
225	293
226	2
226	4
226	45
226	74
226	86
226	87
226	108
226	156
226	158
226	242
226	261
226	265
227	7
227	60
227	91
227	118
227	128
227	142
227	170
227	195
227	214
227	282
227	283
227	290
228	11
228	86
228	94
228	98
228	122
228	144
228	203
228	236
228	268
228	279
228	280
228	281
229	21
229	30
229	78
229	195
229	206
229	246
229	263
229	278
229	288
229	290
229	291
229	298
230	13
230	105
230	136
230	159
230	168
230	188
230	198
230	232
230	256
230	275
230	287
230	296
231	8
231	9
231	87
231	121
231	148
231	158
231	172
231	219
231	221
231	237
231	276
231	294
231	299
232	25
232	94
232	131
232	157
232	209
232	230
232	238
232	267
232	273
232	275
232	295
232	296
232	300
233	31
233	99
233	113
233	122
233	219
233	245
233	246
233	273
233	276
233	293
233	294
233	295
233	299
234	6
234	34
234	172
234	206
234	222
234	223
234	246
234	263
234	275
234	282
234	288
234	289
234	291
235	130
235	163
235	173
235	260
235	261
235	264
235	266
235	269
235	274
235	279
235	280
235	281
235	288
236	130
236	182
236	202
236	228
236	260
236	264
236	266
236	272
236	279
236	281
236	282
236	285
236	287
237	1
237	9
237	82
237	83
237	131
237	158
237	169
237	199
237	219
237	225
237	231
237	257
237	294
237	299
238	44
238	141
238	161
238	162
238	173
238	182
238	190
238	232
238	240
238	252
238	258
238	285
238	293
238	300
239	31
239	43
239	81
239	104
239	123
239	134
239	151
239	211
239	223
239	255
239	267
239	268
239	291
239	295
240	20
240	117
240	144
240	149
240	155
240	179
240	209
240	238
240	243
240	248
240	274
240	280
240	283
240	288
241	71
241	91
241	95
241	169
241	186
241	205
241	211
241	214
241	221
241	258
241	262
241	271
241	284
241	298
242	149
242	159
242	175
242	181
242	184
242	193
242	226
242	243
242	245
242	268
242	274
242	283
242	290
242	297
243	54
243	144
243	175
243	197
243	221
243	224
243	240
243	242
243	247
243	271
243	274
243	285
243	288
243	296
244	132
244	139
244	180
244	202
244	215
244	247
244	253
244	256
244	257
244	264
244	270
244	277
244	282
244	285
245	12
245	60
245	85
245	90
245	136
245	151
245	170
245	223
245	233
245	242
245	253
245	258
245	275
245	295
245	296
246	100
246	130
246	152
246	163
246	165
246	178
246	206
246	207
246	229
246	233
246	234
246	249
246	263
246	272
246	291
247	26
247	55
247	93
247	154
247	177
247	187
247	212
247	243
247	244
247	255
247	256
247	270
247	277
247	285
247	286
248	14
248	127
248	165
248	175
248	177
248	184
248	214
248	218
248	240
248	249
248	259
248	264
248	268
248	283
248	294
249	1
249	30
249	104
249	146
249	172
249	202
249	213
249	222
249	246
249	248
249	263
249	271
249	278
249	283
249	291
249	297
250	26
250	49
250	74
250	84
250	88
250	134
250	150
250	163
250	167
250	168
250	169
250	220
250	252
250	262
250	284
250	290
251	18
251	45
251	58
251	110
251	117
251	152
251	154
251	162
251	182
251	190
251	200
251	208
251	252
251	254
251	261
251	293
252	39
252	63
252	73
252	85
252	117
252	154
252	173
252	182
252	187
252	200
252	204
252	214
252	238
252	250
252	251
252	293
253	23
253	70
253	89
253	106
253	107
253	129
253	142
253	179
253	182
253	201
253	244
253	245
253	256
253	257
253	270
253	285
254	203
254	207
254	218
254	251
254	255
254	259
254	266
254	269
254	277
254	282
254	286
254	289
254	290
254	295
254	297
254	298
255	27
255	58
255	90
255	112
255	119
255	130
255	218
255	219
255	239
255	247
255	254
255	277
255	282
255	289
255	290
255	291
255	297
256	73
256	108
256	122
256	127
256	139
256	176
256	202
256	212
256	230
256	244
256	247
256	253
256	257
256	259
256	278
256	279
256	285
257	23
257	89
257	107
257	139
257	176
257	200
257	205
257	237
257	244
257	253
257	256
257	263
257	265
257	280
257	285
257	295
257	300
258	21
258	98
258	103
258	155
258	187
258	210
258	238
258	241
258	245
258	269
258	277
258	282
258	286
258	289
258	290
258	292
258	294
259	56
259	82
259	119
259	126
259	144
259	159
259	173
259	177
259	188
259	212
259	248
259	254
259	256
259	264
259	274
259	283
259	288
260	12
260	16
260	41
260	97
260	101
260	159
260	171
260	212
260	223
260	235
260	236
260	261
260	266
260	272
260	279
260	280
260	281
261	4
261	7
261	28
261	36
261	39
261	48
261	53
261	61
261	147
261	185
261	195
261	198
261	217
261	226
261	235
261	251
261	260
262	11
262	88
262	95
262	116
262	134
262	146
262	150
262	157
262	221
262	225
262	241
262	250
262	271
262	274
262	275
262	284
262	290
262	293
263	8
263	21
263	59
263	64
263	146
263	151
263	152
263	165
263	190
263	229
263	234
263	246
263	249
263	257
263	265
263	278
263	284
263	291
264	6
264	55
264	73
264	82
264	142
264	178
264	195
264	235
264	236
264	244
264	248
264	259
264	268
264	274
264	283
264	284
264	288
264	293
265	10
265	39
265	51
265	54
265	87
265	118
265	147
265	149
265	153
265	166
265	198
265	201
265	204
265	210
265	226
265	257
265	263
265	270
266	35
266	47
266	97
266	104
266	150
266	163
266	171
266	203
266	235
266	236
266	254
266	260
266	272
266	279
266	280
266	281
266	296
266	297
267	3
267	52
267	84
267	104
267	136
267	158
267	164
267	165
267	191
267	208
267	223
267	232
267	239
267	275
267	286
267	293
267	295
267	296
268	111
268	149
268	156
268	175
268	184
268	197
268	225
268	228
268	239
268	242
268	248
268	264
268	274
268	281
268	284
268	286
268	298
268	299
269	13
269	42
269	53
269	102
269	112
269	121
269	135
269	145
269	178
269	183
269	235
269	254
269	258
269	277
269	282
269	289
269	290
269	297
269	299
270	23
270	29
270	32
270	87
270	93
270	107
270	161
270	162
270	176
270	194
270	202
270	212
270	216
270	244
270	247
270	253
270	265
270	278
270	285
271	6
271	38
271	71
271	95
271	113
271	157
271	167
271	186
271	194
271	241
271	243
271	249
271	262
271	273
271	276
271	284
271	293
271	294
271	297
272	60
272	86
272	90
272	101
272	113
272	130
272	141
272	167
272	183
272	192
272	203
272	236
272	246
272	260
272	266
272	279
272	280
272	281
272	299
273	15
273	66
273	85
273	131
273	132
273	148
273	171
273	184
273	197
273	199
273	232
273	233
273	271
273	276
273	289
273	290
273	291
273	294
273	299
274	20
274	44
274	82
274	111
274	176
274	225
274	235
274	240
274	242
274	243
274	259
274	262
274	264
274	268
274	279
274	283
274	286
274	287
274	298
274	300
275	3
275	43
275	58
275	67
275	168
275	180
275	188
275	209
275	210
275	223
275	230
275	232
275	234
275	245
275	262
275	267
275	283
275	287
275	293
275	296
276	23
276	39
276	46
276	66
276	114
276	132
276	143
276	146
276	163
276	175
276	199
276	212
276	219
276	222
276	231
276	233
276	271
276	273
276	294
276	299
277	35
277	67
277	129
277	187
277	195
277	199
277	202
277	218
277	244
277	247
277	254
277	255
277	258
277	269
277	282
277	286
277	289
277	297
277	298
277	299
278	6
278	30
278	34
278	52
278	88
278	103
278	114
278	146
278	152
278	167
278	172
278	191
278	207
278	208
278	222
278	229
278	249
278	256
278	263
278	270
278	291
279	59
279	66
279	91
279	101
279	124
279	137
279	147
279	176
279	184
279	203
279	228
279	235
279	236
279	256
279	260
279	266
279	272
279	274
279	280
279	281
279	292
280	17
280	20
280	24
280	60
280	61
280	75
280	86
280	130
280	135
280	171
280	203
280	228
280	235
280	240
280	257
280	260
280	266
280	272
280	279
280	281
280	289
280	296
281	14
281	59
281	60
281	86
281	101
281	149
281	154
281	171
281	186
281	194
281	206
281	215
281	216
281	228
281	235
281	236
281	260
281	266
281	268
281	272
281	279
281	280
281	294
282	45
282	92
282	98
282	135
282	176
282	187
282	207
282	227
282	234
282	236
282	244
282	254
282	255
282	258
282	269
282	277
282	286
282	289
282	290
282	291
282	294
282	297
282	300
283	22
283	35
283	72
283	73
283	84
283	104
283	108
283	144
283	159
283	197
283	225
283	227
283	240
283	242
283	248
283	249
283	259
283	264
283	274
283	275
283	284
283	287
283	288
284	22
284	26
284	38
284	84
284	88
284	134
284	157
284	167
284	169
284	186
284	189
284	209
284	241
284	250
284	262
284	263
284	264
284	268
284	271
284	283
284	290
284	291
284	295
285	27
285	44
285	55
285	69
285	70
285	93
285	107
285	155
285	176
285	179
285	199
285	202
285	206
285	212
285	236
285	238
285	243
285	244
285	247
285	253
285	256
285	257
285	270
285	289
286	89
286	92
286	100
286	103
286	117
286	135
286	155
286	180
286	196
286	212
286	218
286	247
286	254
286	258
286	267
286	268
286	274
286	277
286	282
286	289
286	290
286	292
286	297
286	299
287	75
287	79
287	95
287	115
287	129
287	144
287	160
287	194
287	230
287	236
287	274
287	275
287	283
287	289
287	292
287	297
287	298
287	300
288	2
288	49
288	54
288	72
288	111
288	119
288	125
288	128
288	144
288	146
288	169
288	175
288	195
288	197
288	225
288	229
288	234
288	235
288	240
288	243
288	259
288	264
288	283
288	289
288	291
289	35
289	92
289	100
289	106
289	135
289	155
289	162
289	198
289	220
289	234
289	254
289	255
289	258
289	269
289	273
289	277
289	280
289	282
289	285
289	286
289	287
289	288
289	290
289	297
289	300
290	42
290	58
290	82
290	90
290	98
290	102
290	136
290	183
290	187
290	195
290	227
290	229
290	242
290	250
290	254
290	255
290	258
290	262
290	269
290	273
290	282
290	284
290	286
290	289
290	297
291	1
291	34
291	55
291	146
291	152
291	165
291	172
291	197
291	206
291	207
291	222
291	225
291	229
291	234
291	239
291	246
291	249
291	255
291	263
291	273
291	278
291	282
291	284
291	288
291	294
291	296
292	5
292	9
292	26
292	32
292	41
292	47
292	75
292	76
292	78
292	96
292	115
292	126
292	127
292	160
292	186
292	192
292	194
292	258
292	279
292	286
292	287
292	295
292	296
292	298
292	300
293	2
293	44
293	63
293	71
293	93
293	110
293	115
293	154
293	161
293	162
293	173
293	182
293	190
293	200
293	204
293	220
293	225
293	233
293	238
293	251
293	252
293	262
293	264
293	267
293	271
293	275
293	296
294	15
294	16
294	46
294	65
294	89
294	114
294	131
294	132
294	143
294	148
294	191
294	199
294	215
294	219
294	231
294	233
294	237
294	248
294	258
294	271
294	273
294	276
294	281
294	282
294	291
294	298
294	299
295	9
295	66
295	75
295	105
295	109
295	111
295	123
295	126
295	137
295	148
295	151
295	158
295	168
295	178
295	183
295	198
295	223
295	232
295	233
295	239
295	245
295	254
295	257
295	267
295	284
295	292
295	296
295	297
296	3
296	16
296	33
296	43
296	47
296	105
296	109
296	126
296	127
296	143
296	150
296	178
296	183
296	188
296	213
296	223
296	230
296	232
296	243
296	245
296	266
296	267
296	275
296	280
296	291
296	292
296	293
296	295
297	58
297	90
297	102
297	111
297	121
297	138
297	152
297	155
297	187
297	210
297	213
297	216
297	217
297	218
297	221
297	242
297	249
297	254
297	255
297	266
297	269
297	271
297	277
297	282
297	286
297	287
297	289
297	290
297	295
298	5
298	19
298	24
298	27
298	29
298	34
298	47
298	51
298	75
298	76
298	78
298	80
298	96
298	105
298	115
298	127
298	140
298	160
298	194
298	229
298	241
298	254
298	268
298	274
298	277
298	287
298	292
298	294
298	300
299	31
299	54
299	65
299	67
299	74
299	77
299	91
299	114
299	121
299	122
299	131
299	132
299	148
299	178
299	199
299	207
299	219
299	223
299	231
299	233
299	237
299	268
299	269
299	272
299	273
299	276
299	277
299	286
299	294
300	5
300	19
300	27
300	29
300	47
300	75
300	76
300	78
300	96
300	101
300	110
300	115
300	124
300	127
300	140
300	160
300	191
300	194
300	201
300	211
300	232
300	238
300	257
300	274
300	282
300	287
300	289
300	292
300	298
