1	130
1	217
1	262
1	273
1	277
2	117
2	159
2	219
2	241
2	260
3	123
3	145
3	171
3	250
3	294
4	152
4	246
4	264
4	276
4	285
5	134
5	144
5	145
5	155
5	206
6	191
6	215
6	253
6	259
6	288
7	38
7	210
7	216
7	292
7	295
8	50
8	79
8	103
8	265
8	298
9	35
9	170
9	250
9	260
9	263
10	86
10	87
10	191
10	243
10	253
11	119
11	123
11	210
11	258
11	275
12	134
12	239
12	251
12	257
12	285
13	35
13	113
13	131
13	150
13	206
14	129
14	132
14	171
14	184
14	289
15	84
15	158
15	203
15	289
15	298
16	30
16	48
16	69
16	276
16	283
17	147
17	196
17	213
17	243
17	276
18	74
18	128
18	175
18	190
18	195
19	238
19	241
19	244
19	260
19	268
20	174
20	239
20	261
20	285
20	300
21	123
21	190
21	196
21	253
21	269
22	271
22	274
22	279
22	282
22	286
23	181
23	231
23	235
23	276
23	282
24	58
24	89
24	287
24	291
24	299
25	74
25	136
25	159
25	166
25	197
26	51
26	199
26	233
26	271
26	277
27	53
27	68
27	210
27	242
27	277
28	93
28	174
28	225
28	231
28	235
29	160
29	194
29	238
29	287
29	290
30	16
30	112
30	185
30	204
30	277
31	44
31	98
31	182
31	269
31	289
32	205
32	224
32	228
32	290
32	296
33	142
33	218
33	276
33	281
33	300
34	101
34	210
34	246
34	293
34	297
35	9
35	13
35	234
35	275
35	277
36	43
36	46
36	126
36	246
36	266
37	121
37	177
37	229
37	246
37	263
38	7
38	202
38	244
38	260
38	292
39	86
39	145
39	248
39	250
39	254
40	77
40	224
40	239
40	269
40	297
41	185
41	207
41	240
41	247
41	292
42	117
42	171
42	269
42	294
42	300
43	36
43	183
43	185
43	204
43	284
44	31
44	213
44	234
44	268
44	275
45	50
45	132
45	140
45	276
45	283
46	36
46	170
46	173
46	204
46	214
47	80
47	172
47	226
47	261
47	293
48	16
48	182
48	206
48	270
48	297
49	63
49	149
49	150
49	216
49	294
50	8
50	45
50	71
50	140
50	170
51	26
51	172
51	220
51	227
51	291
52	237
52	258
52	280
52	283
52	288
53	27
53	166
53	207
53	275
53	287
54	138
54	233
54	237
54	248
54	299
55	61
55	145
55	208
55	257
55	296
56	132
56	187
56	241
56	276
56	280
57	93
57	169
57	181
57	231
57	245
58	24
58	195
58	213
58	253
58	269
59	111
59	231
59	235
59	259
59	290
60	272
60	277
60	278
60	290
60	296
61	55
61	123
61	128
61	145
61	161
62	141
62	208
62	260
62	262
62	285
63	49
63	183
63	256
63	286
63	291
64	74
64	135
64	197
64	282
64	285
65	164
65	170
65	173
65	180
65	299
66	188
66	214
66	253
66	285
66	297
67	88
67	115
67	159
67	191
67	253
68	27
68	79
68	172
68	194
68	274
68	278
69	16
69	70
69	90
69	166
69	185
69	197
70	69
70	166
70	197
70	271
70	286
70	299
71	50
71	114
71	143
71	250
71	274
71	278
72	109
72	135
72	236
72	244
72	245
72	260
73	119
73	120
73	144
73	155
73	179
73	300
74	18
74	25
74	64
74	158
74	197
74	297
75	143
75	231
75	235
75	251
75	266
75	283
76	86
76	90
76	252
76	254
76	282
76	292
77	40
77	208
77	214
77	237
77	257
77	290
78	83
78	97
78	201
78	204
78	265
78	289
79	8
79	68
79	103
79	140
79	173
79	232
80	47
80	173
80	198
80	226
80	236
80	243
81	173
81	208
81	228
81	234
81	256
81	264
82	164
82	205
82	275
82	293
82	296
82	298
83	78
83	102
83	143
83	185
83	204
83	213
84	15
84	161
84	234
84	237
84	251
84	296
85	178
85	194
85	203
85	225
85	241
85	295
86	10
86	39
86	76
86	154
86	261
86	294
87	10
87	241
87	272
87	283
87	290
87	297
88	67
88	209
88	226
88	236
88	284
88	294
89	24
89	95
89	164
89	178
89	211
89	293
90	69
90	76
90	200
90	255
90	278
90	294
91	156
91	224
91	251
91	257
91	263
91	299
92	193
92	249
92	269
92	282
92	288
92	300
93	28
93	57
93	217
93	235
93	249
93	297
94	143
94	231
94	235
94	242
94	290
94	293
95	89
95	115
95	211
95	268
95	275
95	298
96	108
96	234
96	261
96	265
96	279
96	282
97	78
97	166
97	185
97	204
97	275
97	285
98	31
98	164
98	170
98	173
98	220
98	233
99	120
99	230
99	258
99	275
99	293
99	295
100	155
100	241
100	255
100	261
100	292
100	300
101	34
101	192
101	207
101	247
101	256
101	296
102	83
102	155
102	164
102	262
102	264
102	297
103	8
103	79
103	118
103	140
103	169
103	248
104	170
104	221
104	228
104	254
104	276
104	290
105	201
105	229
105	240
105	273
105	274
105	275
106	168
106	176
106	188
106	209
106	236
106	277
107	169
107	175
107	226
107	256
107	266
107	288
108	96
108	110
108	132
108	171
108	184
108	203
109	72
109	182
109	241
109	260
109	290
109	298
110	108
110	206
110	219
110	263
110	272
110	274
111	59
111	163
111	182
111	241
111	244
111	260
112	30
112	201
112	230
112	258
112	273
112	274
112	297
113	13
113	157
113	182
113	206
113	221
113	235
113	291
114	71
114	167
114	201
114	216
114	275
114	284
114	295
115	67
115	95
115	218
115	235
115	241
115	244
115	260
116	148
116	191
116	195
116	227
116	241
116	261
116	295
117	2
117	42
117	175
117	200
117	214
117	232
117	294
118	103
118	249
118	261
118	265
118	271
118	282
118	298
119	11
119	73
119	165
119	223
119	230
119	263
119	273
120	73
120	99
120	134
120	144
120	155
120	211
120	294
121	37
121	124
121	201
121	227
121	230
121	248
121	277
122	183
122	202
122	255
122	271
122	275
122	279
122	282
123	3
123	11
123	21
123	61
123	145
123	151
123	269
124	121
124	217
124	243
124	246
124	287
124	291
124	299
125	141
125	163
125	212
125	223
125	235
125	279
125	298
126	36
126	223
126	224
126	236
126	268
126	269
126	289
127	184
127	203
127	220
127	229
127	251
127	252
127	257
128	18
128	61
128	191
128	205
128	256
128	265
128	279
129	14
129	171
129	184
129	237
129	251
129	273
129	289
130	1
130	152
130	199
130	216
130	246
130	258
130	273
131	13
131	159
131	197
131	271
131	286
131	288
131	299
132	14
132	45
132	56
132	108
132	171
132	184
132	260
133	147
133	153
133	186
133	215
133	272
133	278
133	295
134	5
134	12
134	120
134	144
134	233
134	264
134	266
135	64
135	72
135	169
135	186
135	228
135	242
135	287
136	25
136	228
136	261
136	284
136	289
136	294
136	300
137	214
137	221
137	250
137	270
137	279
137	280
137	283
137	284
138	54
138	157
138	175
138	198
138	224
138	227
138	268
138	298
139	208
139	232
139	238
139	256
139	260
139	264
139	265
139	297
140	45
140	50
140	79
140	103
140	162
140	176
140	209
140	227
141	62
141	125
141	162
141	221
141	222
141	237
141	240
141	254
142	33
142	196
142	234
142	248
142	262
142	287
142	294
142	300
143	71
143	75
143	83
143	94
143	153
143	181
143	231
143	235
144	5
144	73
144	120
144	134
144	155
144	254
144	256
144	288
145	3
145	5
145	39
145	55
145	61
145	123
145	156
145	271
146	168
146	185
146	209
146	219
146	226
146	236
146	248
146	278
147	17
147	133
147	196
147	203
147	211
147	251
147	257
147	266
148	116
148	190
148	195
148	208
148	253
148	265
148	280
148	281
149	49
149	182
149	206
149	220
149	255
149	270
149	294
149	300
150	13
150	49
150	157
150	182
150	206
150	213
150	282
150	288
151	123
151	185
151	256
151	264
151	285
151	295
151	296
151	297
152	4
152	130
152	224
152	258
152	262
152	269
152	285
152	297
153	133
153	143
153	215
153	232
153	235
153	250
153	263
153	274
153	285
154	86
154	205
154	226
154	239
154	265
154	271
154	272
154	282
154	284
155	5
155	73
155	100
155	102
155	120
155	144
155	286
155	288
155	293
156	91
156	145
156	165
156	183
156	196
156	251
156	257
156	263
156	299
157	113
157	138
157	150
157	182
157	206
157	222
157	267
157	277
157	293
158	15
158	74
158	200
158	217
158	258
158	261
158	283
158	293
158	296
159	2
159	25
159	67
159	131
159	172
159	241
159	244
159	250
159	260
160	29
160	185
160	189
160	213
160	216
160	238
160	257
160	280
160	286
161	61
161	84
161	176
161	232
161	236
161	248
161	274
161	294
161	300
162	140
162	141
162	191
162	198
162	210
162	262
162	296
162	298
162	299
163	111
163	125
163	189
163	194
163	219
163	225
163	229
163	248
163	278
164	65
164	82
164	89
164	98
164	102
164	170
164	173
164	233
164	271
165	119
165	156
165	177
165	193
165	196
165	203
165	251
165	257
165	274
166	25
166	53
166	69
166	70
166	97
166	197
166	241
166	271
166	276
167	114
167	186
167	199
167	224
167	242
167	267
167	269
167	289
167	300
168	106
168	146
168	175
168	186
168	187
168	209
168	213
168	224
168	236
169	57
169	103
169	107
169	135
169	234
169	252
169	259
169	281
169	287
170	9
170	46
170	50
170	65
170	98
170	104
170	164
170	173
170	194
170	220
171	3
171	14
171	42
171	108
171	129
171	132
171	184
171	211
171	239
171	262
172	47
172	51
172	68
172	159
172	188
172	203
172	256
172	262
172	285
172	297
173	46
173	65
173	79
173	80
173	81
173	98
173	164
173	170
173	260
173	292
174	20
174	28
174	176
174	226
174	242
174	248
174	261
174	266
174	279
174	300
175	18
175	107
175	117
175	138
175	168
175	209
175	218
175	226
175	227
175	236
176	106
176	140
176	161
176	174
176	232
176	255
176	271
176	280
176	294
176	296
177	37
177	165
177	201
177	230
177	241
177	271
177	273
177	275
177	276
177	277
178	85
178	89
178	225
178	239
178	240
178	250
178	263
178	270
178	271
178	278
179	73
179	184
179	197
179	209
179	243
179	272
179	276
179	280
179	290
179	293
180	65
180	189
180	201
180	204
180	239
180	242
180	247
180	270
180	272
180	280
180	290
181	23
181	57
181	143
181	219
181	231
181	235
181	247
181	249
181	274
181	277
181	296
182	31
182	48
182	109
182	111
182	113
182	149
182	150
182	157
182	206
182	255
182	296
183	43
183	63
183	122
183	156
183	248
183	249
183	265
183	271
183	279
183	292
183	298
184	14
184	108
184	127
184	129
184	132
184	171
184	179
184	216
184	226
184	242
184	296
185	30
185	41
185	43
185	69
185	83
185	97
185	146
185	151
185	160
185	192
185	204
186	133
186	135
186	167
186	168
186	194
186	221
186	229
186	250
186	256
186	274
186	278
187	56
187	168
187	198
187	215
187	228
187	267
187	286
187	288
187	289
187	291
187	299
188	66
188	106
188	172
188	225
188	231
188	242
188	256
188	262
188	273
188	285
188	297
189	160
189	163
189	180
189	222
189	227
189	247
189	252
189	293
189	296
189	298
189	299
190	18
190	21
190	148
190	191
190	195
190	227
190	253
190	264
190	280
190	286
190	287
191	6
191	10
191	67
191	116
191	128
191	162
191	190
191	245
191	253
191	290
191	300
192	101
192	185
192	259
192	267
192	275
192	280
192	286
192	288
192	291
192	299
192	300
193	92
193	165
193	205
193	218
193	245
193	249
193	268
193	270
193	279
193	282
193	284
194	29
194	68
194	85
194	163
194	170
194	186
194	227
194	229
194	274
194	279
194	282
194	290
195	18
195	58
195	116
195	148
195	190
195	204
195	224
195	237
195	253
195	273
195	290
195	298
196	17
196	21
196	142
196	147
196	156
196	165
196	203
196	241
196	251
196	257
196	267
196	291
197	25
197	64
197	69
197	70
197	74
197	131
197	166
197	179
197	214
197	231
197	242
197	299
198	80
198	138
198	162
198	187
198	199
198	217
198	222
198	238
198	247
198	253
198	270
198	293
199	26
199	130
199	167
199	198
199	253
199	258
199	261
199	272
199	273
199	275
199	277
199	282
200	90
200	117
200	158
200	203
200	232
200	236
200	244
200	255
200	261
200	264
200	278
200	300
201	78
201	105
201	112
201	114
201	121
201	177
201	180
201	215
201	216
201	258
201	275
201	283
201	300
202	38
202	122
202	211
202	218
202	233
202	243
202	262
202	266
202	267
202	281
202	288
202	291
202	299
203	15
203	85
203	108
203	127
203	147
203	165
203	172
203	196
203	200
203	251
203	257
203	280
203	290
204	30
204	43
204	46
204	78
204	83
204	97
204	180
204	185
204	195
204	229
204	263
204	267
204	280
205	32
205	82
205	128
205	154
205	193
205	218
205	220
205	244
205	254
205	271
205	279
205	282
205	297
206	5
206	13
206	48
206	110
206	113
206	149
206	150
206	157
206	182
206	222
206	289
206	290
206	298
207	41
207	53
207	101
207	216
207	244
207	252
207	258
207	265
207	281
207	289
207	292
207	295
207	300
208	55
208	62
208	77
208	81
208	139
208	148
208	215
208	262
208	272
208	280
208	282
208	285
208	297
209	88
209	106
209	140
209	146
209	168
209	175
209	179
209	226
209	229
209	230
209	236
209	278
209	279
210	7
210	11
210	27
210	34
210	162
210	227
210	237
210	247
210	278
210	294
210	296
210	297
210	298
211	89
211	95
211	120
211	147
211	171
211	202
211	220
211	237
211	244
211	247
211	279
211	293
211	298
212	125
212	217
212	220
212	255
212	256
212	268
212	280
212	284
212	285
212	293
212	294
212	296
212	298
213	17
213	44
213	58
213	83
213	150
213	160
213	168
213	238
213	239
213	270
213	283
213	287
213	290
213	299
214	46
214	66
214	77
214	117
214	137
214	197
214	251
214	256
214	262
214	264
214	276
214	283
214	285
214	297
215	6
215	133
215	153
215	187
215	201
215	208
215	238
215	246
215	259
215	266
215	275
215	286
215	288
215	299
216	7
216	49
216	114
216	130
216	160
216	184
216	201
216	207
216	250
216	263
216	268
216	269
216	281
216	287
217	1
217	93
217	124
217	158
217	198
217	212
217	227
217	237
217	250
217	255
217	292
217	295
217	296
217	298
218	33
218	115
218	175
218	193
218	202
218	205
218	244
218	249
218	265
218	271
218	279
218	281
218	282
218	289
219	2
219	110
219	146
219	163
219	181
219	225
219	229
219	249
219	254
219	263
219	274
219	277
219	278
219	294
220	51
220	98
220	127
220	149
220	170
220	205
220	211
220	212
220	223
220	237
220	276
220	287
220	293
220	296
221	104
221	113
221	137
221	141
221	186
221	238
221	239
221	243
221	246
221	270
221	273
221	283
221	288
221	297
222	141
222	157
222	189
222	198
222	206
222	223
222	268
222	273
222	286
222	289
222	292
222	293
222	295
222	296
222	298
223	119
223	125
223	126
223	220
223	222
223	226
223	227
223	228
223	231
223	250
223	262
223	272
223	293
223	296
223	298
224	32
224	40
224	91
224	126
224	138
224	152
224	167
224	168
224	195
224	254
224	277
224	281
224	292
224	295
224	298
225	28
225	85
225	163
225	178
225	188
225	219
225	250
225	258
225	259
225	263
225	270
225	278
225	283
225	289
225	292
226	47
226	80
226	88
226	107
226	146
226	154
226	174
226	175
226	184
226	209
226	223
226	228
226	236
226	248
226	283
227	51
227	116
227	121
227	138
227	140
227	175
227	189
227	190
227	194
227	210
227	217
227	223
227	287
227	293
227	298
228	32
228	81
228	104
228	135
228	136
228	187
228	223
228	226
228	240
228	242
228	265
228	278
228	284
228	287
228	292
229	37
229	105
229	127
229	163
229	186
229	194
229	204
229	209
229	219
229	239
229	240
229	250
229	274
229	290
229	291
230	99
230	112
230	119
230	121
230	177
230	209
230	245
230	247
230	266
230	272
230	273
230	277
230	282
230	286
230	287
230	298
231	23
231	28
231	57
231	59
231	75
231	94
231	143
231	181
231	188
231	197
231	223
231	259
231	263
231	273
231	293
231	295
232	79
232	117
232	139
232	153
232	161
232	176
232	200
232	248
232	255
232	260
232	266
232	278
232	279
232	291
232	294
232	300
233	26
233	54
233	98
233	134
233	164
233	202
233	249
233	259
233	266
233	267
233	273
233	281
233	286
233	288
233	291
233	299
234	35
234	44
234	81
234	84
234	96
234	142
234	169
234	240
234	242
234	248
234	254
234	264
234	268
234	289
234	293
234	295
235	23
235	28
235	59
235	75
235	93
235	94
235	113
235	115
235	125
235	143
235	153
235	181
235	274
235	280
235	292
235	300
236	72
236	80
236	88
236	106
236	126
236	146
236	161
236	168
236	175
236	200
236	209
236	226
236	243
236	249
236	271
236	273
237	52
237	54
237	77
237	84
237	129
237	141
237	195
237	210
237	211
237	217
237	220
237	243
237	247
237	259
237	265
237	280
238	19
238	29
238	139
238	160
238	198
238	213
238	215
238	221
238	258
238	270
238	272
238	277
238	278
238	280
238	283
238	290
238	294
239	12
239	20
239	40
239	154
239	171
239	178
239	180
239	213
239	221
239	229
239	270
239	272
239	276
239	280
239	283
239	284
239	285
240	41
240	105
240	141
240	178
240	228
240	229
240	234
240	244
240	245
240	253
240	255
240	268
240	274
240	281
240	292
240	295
240	300
241	2
241	19
241	56
241	85
241	87
241	100
241	109
241	111
241	115
241	116
241	159
241	166
241	177
241	196
241	244
241	259
241	260
242	27
242	94
242	135
242	167
242	174
242	180
242	184
242	188
242	197
242	228
242	234
242	269
242	284
242	287
242	291
242	292
242	300
243	10
243	17
243	80
243	124
243	179
243	202
243	221
243	236
243	237
243	272
243	276
243	280
243	283
243	288
243	290
243	291
243	294
244	19
244	38
244	72
244	111
244	115
244	159
244	200
244	205
244	207
244	211
244	218
244	240
244	241
244	255
244	257
244	260
244	285
245	57
245	72
245	191
245	193
245	230
245	240
245	254
245	267
245	268
245	269
245	277
245	281
245	284
245	286
245	289
245	292
245	294
245	295
246	4
246	34
246	36
246	37
246	124
246	130
246	215
246	221
246	259
246	260
246	266
246	267
246	282
246	283
246	286
246	288
246	291
246	299
247	41
247	101
247	180
247	181
247	189
247	198
247	210
247	211
247	230
247	237
247	254
247	274
247	281
247	284
247	290
247	293
247	296
247	298
248	39
248	54
248	103
248	121
248	142
248	146
248	161
248	163
248	174
248	183
248	226
248	232
248	234
248	255
248	261
248	294
248	299
248	300
249	92
249	93
249	118
249	181
249	183
249	193
249	218
249	219
249	233
249	236
249	251
249	258
249	265
249	271
249	279
249	282
249	286
249	289
250	3
250	9
250	39
250	71
250	137
250	153
250	159
250	178
250	186
250	216
250	217
250	223
250	225
250	229
250	263
250	274
250	278
250	296
251	12
251	75
251	84
251	91
251	127
251	129
251	147
251	156
251	165
251	196
251	203
251	214
251	249
251	257
251	282
251	292
251	293
251	297
252	76
252	127
252	169
252	189
252	207
252	253
252	257
252	260
252	264
252	265
252	267
252	281
252	284
252	287
252	289
252	291
252	292
252	295
253	6
253	10
253	21
253	58
253	66
253	67
253	148
253	190
253	191
253	195
253	198
253	199
253	240
253	252
253	255
253	267
253	278
253	294
254	39
254	76
254	104
254	141
254	144
254	205
254	219
254	224
254	234
254	245
254	247
254	268
254	269
254	284
254	287
254	289
254	295
254	297
254	299
255	90
255	100
255	122
255	149
255	176
255	182
255	200
255	212
255	217
255	232
255	240
255	244
255	248
255	253
255	260
255	261
255	279
255	296
255	300
256	63
256	81
256	101
256	107
256	128
256	139
256	144
256	151
256	172
256	186
256	188
256	212
256	214
256	261
256	264
256	285
256	289
256	297
256	298
257	12
257	55
257	77
257	91
257	127
257	147
257	156
257	160
257	165
257	196
257	203
257	244
257	251
257	252
257	268
257	279
257	282
257	295
257	297
258	11
258	52
258	99
258	112
258	130
258	152
258	158
258	199
258	201
258	207
258	225
258	238
258	249
258	270
258	273
258	275
258	277
258	281
258	283
259	6
259	59
259	169
259	192
259	215
259	225
259	231
259	233
259	237
259	241
259	246
259	263
259	266
259	267
259	283
259	286
259	288
259	291
259	299
260	2
260	9
260	19
260	38
260	62
260	72
260	109
260	111
260	115
260	132
260	139
260	159
260	173
260	232
260	241
260	244
260	246
260	252
260	255
261	20
261	47
261	86
261	96
261	100
261	116
261	118
261	136
261	158
261	174
261	199
261	200
261	248
261	255
261	256
261	266
261	268
261	294
261	295
261	300
262	1
262	62
262	102
262	142
262	152
262	162
262	171
262	172
262	188
262	202
262	208
262	214
262	223
262	264
262	266
262	270
262	278
262	285
262	287
262	297
263	9
263	37
263	91
263	110
263	119
263	153
263	156
263	178
263	204
263	216
263	219
263	225
263	231
263	250
263	259
263	274
263	275
263	278
263	293
263	296
264	4
264	81
264	102
264	134
264	139
264	151
264	190
264	200
264	214
264	234
264	252
264	256
264	262
264	273
264	275
264	284
264	285
264	291
264	294
264	297
264	298
265	8
265	78
265	96
265	118
265	128
265	139
265	148
265	154
265	183
265	207
265	218
265	228
265	237
265	249
265	252
265	269
265	271
265	279
265	282
265	286
265	299
266	36
266	75
266	107
266	134
266	147
266	174
266	202
266	215
266	230
266	232
266	233
266	246
266	259
266	261
266	262
266	267
266	284
266	286
266	288
266	291
266	299
267	157
267	167
267	187
267	192
267	196
267	202
267	204
267	233
267	245
267	246
267	252
267	253
267	259
267	266
267	285
267	286
267	288
267	291
267	296
267	299
267	300
268	19
268	44
268	95
268	126
268	138
268	193
268	212
268	216
268	222
268	234
268	240
268	245
268	254
268	257
268	261
268	284
268	287
268	289
268	291
268	295
268	298
269	21
269	31
269	40
269	42
269	58
269	92
269	123
269	126
269	152
269	167
269	216
269	242
269	245
269	254
269	265
269	277
269	281
269	284
269	287
269	294
269	295
270	48
270	137
270	149
270	178
270	180
270	193
270	198
270	213
270	221
270	225
270	238
270	239
270	258
270	262
270	272
270	276
270	280
270	283
270	290
270	292
270	297
270	300
271	22
271	26
271	70
271	118
271	122
271	131
271	145
271	154
271	164
271	166
271	176
271	177
271	178
271	183
271	205
271	218
271	236
271	249
271	265
271	279
271	282
271	290
272	60
272	87
272	110
272	133
272	154
272	179
272	180
272	199
272	208
272	223
272	230
272	238
272	239
272	243
272	270
272	276
272	279
272	280
272	283
272	284
272	286
272	292
273	1
273	105
273	112
273	119
273	129
273	130
273	177
273	188
273	195
273	199
273	221
273	222
273	230
273	231
273	233
273	236
273	258
273	264
273	274
273	275
273	277
273	296
274	22
274	68
274	71
274	105
274	110
274	112
274	153
274	161
274	165
274	181
274	186
274	194
274	219
274	229
274	235
274	240
274	247
274	250
274	263
274	273
274	278
274	293
275	11
275	35
275	44
275	53
275	82
275	95
275	97
275	99
275	105
275	114
275	122
275	177
275	192
275	199
275	201
275	215
275	258
275	263
275	264
275	273
275	277
275	299
276	4
276	16
276	17
276	23
276	33
276	45
276	56
276	104
276	166
276	177
276	179
276	214
276	220
276	239
276	243
276	270
276	272
276	277
276	278
276	283
276	290
276	299
277	1
277	26
277	27
277	30
277	35
277	60
277	106
277	121
277	157
277	177
277	181
277	199
277	219
277	224
277	230
277	238
277	245
277	258
277	269
277	273
277	275
277	276
277	280
278	60
278	68
278	71
278	90
278	133
278	146
278	163
278	178
278	186
278	200
278	209
278	210
278	219
278	225
278	228
278	232
278	238
278	250
278	253
278	262
278	263
278	274
278	276
279	22
279	96
279	122
279	125
279	128
279	137
279	174
279	183
279	193
279	194
279	205
279	209
279	211
279	218
279	232
279	249
279	255
279	257
279	265
279	271
279	272
279	282
279	291
279	293
280	52
280	56
280	137
280	148
280	160
280	176
280	179
280	180
280	190
280	192
280	203
280	204
280	208
280	212
280	235
280	237
280	238
280	239
280	243
280	270
280	272
280	277
280	290
280	300
281	33
281	148
281	169
281	202
281	207
281	216
281	218
281	224
281	233
281	240
281	245
281	247
281	252
281	258
281	269
281	284
281	285
281	289
281	290
281	292
281	293
281	294
281	295
281	296
281	300
282	22
282	23
282	64
282	76
282	92
282	96
282	118
282	122
282	150
282	154
282	193
282	194
282	199
282	205
282	208
282	218
282	230
282	246
282	249
282	251
282	257
282	265
282	271
282	279
282	283
283	16
283	45
283	52
283	75
283	87
283	137
283	158
283	201
283	213
283	214
283	221
283	225
283	226
283	238
283	239
283	243
283	246
283	258
283	259
283	270
283	272
283	276
283	282
283	285
283	290
283	295
284	43
284	88
284	114
284	136
284	137
284	154
284	193
284	212
284	228
284	239
284	242
284	245
284	247
284	252
284	254
284	264
284	266
284	268
284	269
284	272
284	281
284	287
284	289
284	292
284	295
284	298
285	4
285	12
285	20
285	62
285	64
285	66
285	97
285	151
285	152
285	153
285	172
285	188
285	208
285	212
285	214
285	239
285	244
285	256
285	262
285	264
285	267
285	281
285	283
285	291
285	297
285	299
286	22
286	63
286	70
286	131
286	155
286	160
286	187
286	190
286	192
286	215
286	222
286	230
286	233
286	245
286	246
286	249
286	259
286	265
286	266
286	267
286	272
286	288
286	291
286	292
286	295
286	299
287	24
287	29
287	53
287	124
287	135
287	142
287	169
287	190
287	213
287	216
287	220
287	227
287	228
287	230
287	242
287	252
287	254
287	262
287	268
287	269
287	284
287	288
287	289
287	292
287	295
287	298
288	6
288	52
288	92
288	107
288	131
288	144
288	150
288	155
288	187
288	192
288	202
288	215
288	221
288	233
288	243
288	246
288	259
288	266
288	267
288	286
288	287
288	291
288	292
288	297
288	298
288	299
289	14
289	15
289	31
289	78
289	126
289	129
289	136
289	167
289	187
289	206
289	207
289	218
289	222
289	225
289	234
289	245
289	249
289	252
289	254
289	256
289	268
289	281
289	284
289	287
289	291
289	292
289	295
290	29
290	32
290	59
290	60
290	77
290	87
290	94
290	104
290	109
290	179
290	180
290	191
290	194
290	195
290	203
290	206
290	213
290	229
290	238
290	243
290	247
290	270
290	271
290	276
290	280
290	281
290	283
291	24
291	51
291	63
291	113
291	124
291	187
291	192
291	196
291	202
291	229
291	232
291	233
291	242
291	243
291	246
291	252
291	259
291	264
291	266
291	267
291	268
291	279
291	285
291	286
291	288
291	289
291	295
291	299
292	7
292	38
292	41
292	76
292	100
292	173
292	183
292	207
292	217
292	222
292	224
292	225
292	228
292	235
292	240
292	242
292	245
292	251
292	252
292	270
292	272
292	281
292	284
292	286
292	287
292	288
292	289
292	298
293	34
293	47
293	82
293	89
293	94
293	99
293	155
293	157
293	158
293	179
293	189
293	198
293	211
293	212
293	220
293	222
293	223
293	227
293	231
293	234
293	247
293	251
293	263
293	274
293	279
293	281
293	295
293	296
294	3
294	42
294	49
294	86
294	88
294	90
294	117
294	120
294	136
294	142
294	149
294	161
294	176
294	210
294	212
294	219
294	232
294	238
294	243
294	245
294	248
294	253
294	261
294	264
294	269
294	281
294	296
294	300
295	7
295	85
295	99
295	114
295	116
295	133
295	151
295	207
295	217
295	222
295	224
295	231
295	234
295	240
295	245
295	252
295	254
295	257
295	261
295	268
295	269
295	281
295	283
295	284
295	286
295	287
295	289
295	291
295	293
296	32
296	55
296	60
296	82
296	84
296	101
296	151
296	158
296	162
296	176
296	181
296	182
296	184
296	189
296	210
296	212
296	217
296	220
296	222
296	223
296	247
296	250
296	255
296	263
296	267
296	273
296	281
296	293
296	294
297	34
297	40
297	48
297	66
297	74
297	87
297	93
297	102
297	112
297	139
297	151
297	152
297	172
297	188
297	205
297	208
297	210
297	214
297	221
297	251
297	254
297	256
297	257
297	262
297	264
297	270
297	285
297	288
297	300
298	8
298	15
298	82
298	95
298	109
298	118
298	125
298	138
298	162
298	183
298	189
298	195
298	206
298	210
298	211
298	212
298	217
298	222
298	223
298	224
298	227
298	230
298	247
298	256
298	264
298	268
298	284
298	287
298	288
298	292
299	24
299	54
299	65
299	70
299	91
299	124
299	131
299	156
299	162
299	187
299	189
299	192
299	197
299	202
299	213
299	215
299	233
299	246
299	248
299	254
299	259
299	265
299	266
299	267
299	275
299	276
299	285
299	286
299	288
299	291
300	20
300	33
300	42
300	73
300	92
300	100
300	136
300	142
300	149
300	161
300	167
300	174
300	191
300	192
300	200
300	201
300	207
300	232
300	235
300	240
300	242
300	248
300	255
300	261
300	267
300	270
300	280
300	281
300	294
300	297
