8.914753198623657227e-01 2.851994514465332031e+00
8.769165873527526855e-01 6.715163588523864746e-01
6.937485933303833008e-01 8.050854802131652832e-01
4.897915124893188477e-01 3.646208643913269043e-01
4.956679940223693848e-01 2.766379714012145996e-01
2.743578553199768066e-01 5.245362222194671631e-02
5.471202135086059570e-01 5.590327978134155273e-01
7.441228628158569336e-01 5.698762536048889160e-01
1.316191256046295166e-01 8.504365384578704834e-02
2.327483594417572021e-01 6.589369475841522217e-02
1.568896919488906860e-01 2.187811881303787231e-01
8.183237314224243164e-01 8.782472014427185059e-01
3.707734942436218262e-01 2.944751977920532227e-01
3.770249485969543457e-01 3.265065550804138184e-01
2.174363881349563599e-01 8.246906101703643799e-02
2.649923264980316162e-01 7.775913178920745850e-02
5.513625741004943848e-01 3.795215487480163574e-01
2.894596755504608154e-01 2.140979915857315063e-01
5.933999419212341309e-01 4.356407523155212402e-01
3.603915572166442871e-01 2.472373992204666138e-01
5.045350790023803711e-01 2.051399201154708862e-01
2.493180334568023682e-01 8.765628933906555176e-01
0.000000000000000000e+00 2.233744621276855469e+00
4.079800844192504883e-01 2.483355253934860229e-01
6.151422262191772461e-01 1.010690927505493164e+00
2.059932798147201538e-01 2.271734923124313354e-01
5.221430063247680664e-01 2.166994065046310425e-01
4.345585107803344727e-01 2.177640646696090698e-01
4.345585107803344727e-01 2.177640646696090698e-01
4.345585107803344727e-01 2.177640646696090698e-01
4.345584511756896973e-01 2.177640646696090698e-01
4.345584511756896973e-01 2.177640646696090698e-01
3.335008919239044189e-01 2.715838551521301270e-01
2.040840983390808105e-01 2.550439834594726562e-01
