8.914753198623657227e-01 2.851994514465332031e+00
9.088335633277893066e-01 1.388223409652709961e+00
6.050450205802917480e-01 4.088836312294006348e-01
5.592879652976989746e-01 8.679652810096740723e-01
5.421521663665771484e-01 1.834921985864639282e-01
5.801150202751159668e-01 1.984995454549789429e-01
1.997825503349304199e-01 1.528709977865219116e-01
5.471202135086059570e-01 5.590327978134155273e-01
5.430341958999633789e-01 4.483695626258850098e-01
3.631245493888854980e-01 2.052471190690994263e-01
2.327483594417572021e-01 6.589369475841522217e-02
3.619200587272644043e-01 5.687697231769561768e-02
2.174363881349563599e-01 8.246906101703643799e-02
4.130566716194152832e-01 2.562075853347778320e-01
2.174363881349563599e-01 8.246906101703643799e-02
3.215960860252380371e-01 3.788166642189025879e-01
2.967035770416259766e-01 2.747415900230407715e-01
1.321197301149368286e-01 9.358914494514465332e-01
3.734979927539825439e-01 1.076310425996780396e-01
7.018925249576568604e-02 3.965077996253967285e-01
3.251761198043823242e-01 2.396352440118789673e-01
3.900428414344787598e-01 3.359792828559875488e-01
5.567384362220764160e-01 3.206430077552795410e-01
5.233129858970642090e-02 2.466077566146850586e+00
3.148855268955230713e-01 2.031578063964843750e+00
4.821183681488037109e-01 3.640426993370056152e-01
2.434761524200439453e-01 2.671682238578796387e-01
2.434761524200439453e-01 2.671682238578796387e-01
2.434761524200439453e-01 2.671682238578796387e-01
2.434761524200439453e-01 2.671682238578796387e-01
2.434761673212051392e-01 2.671682238578796387e-01
1.021575033664703369e-01 2.625595033168792725e-02
1.398158818483352661e-01 2.469676584005355835e-01
3.052328824996948242e-01 2.443635314702987671e-01
