8.914753198623657227e-01 2.851994514465332031e+00
5.628866553306579590e-01 1.016495823860168457e+00
8.289454579353332520e-01 1.017963290214538574e+00
8.362146615982055664e-01 1.128153324127197266e+00
2.380329370498657227e-01 9.607817232608795166e-02
4.035621285438537598e-01 2.002702206373214722e-01
5.471202135086059570e-01 5.590327978134155273e-01
3.850305676460266113e-01 2.704151272773742676e-01
2.327483594417572021e-01 6.589369475841522217e-02
3.817050457000732422e-01 1.175055652856826782e-01
7.005926966667175293e-01 3.848652243614196777e-01
2.174363881349563599e-01 8.246906101703643799e-02
2.832722365856170654e-01 4.880113899707794189e-02
2.174363881349563599e-01 8.246906101703643799e-02
2.448284476995468140e-01 3.264561295509338379e-02
2.275905460119247437e-01 1.984251588582992554e-01
2.662516236305236816e-01 2.458230495452880859e+00
2.565914988517761230e-01 2.584666609764099121e-01
3.099832832813262939e-01 2.484581917524337769e-01
7.400482892990112305e-01 3.073552846908569336e-01
6.795527338981628418e-01 2.684068083763122559e-01
3.275703787803649902e-01 3.607020378112792969e-01
0.000000000000000000e+00 2.187124729156494141e+00
3.940659761428833008e-01 2.947877049446105957e-01
6.339427828788757324e-02 1.041076332330703735e-01
5.065302252769470215e-01 2.222438305616378784e-01
1.339761763811111450e-01 1.529140919446945190e-01
1.339761763811111450e-01 1.529140919446945190e-01
1.339761763811111450e-01 1.529140919446945190e-01
1.339761763811111450e-01 1.529140919446945190e-01
1.339761614799499512e-01 1.529141217470169067e-01
6.508100032806396484e-01 3.807048797607421875e-01
3.308898806571960449e-01 7.429321110248565674e-02
9.079523384571075439e-02 1.538269072771072388e-01
