8.914753198623657227e-01 2.851994514465332031e+00
7.026147246360778809e-01 1.227750062942504883e+00
8.231969475746154785e-01 5.470499992370605469e-01
9.073566198348999023e-01 7.598056793212890625e-01
4.956679940223693848e-01 2.766379714012145996e-01
2.743578553199768066e-01 5.245362222194671631e-02
8.285695910453796387e-01 5.113646388053894043e-01
5.066408514976501465e-01 3.745568394660949707e-01
1.316191256046295166e-01 8.504365384578704834e-02
2.327483594417572021e-01 6.589369475841522217e-02
3.817050457000732422e-01 1.175055652856826782e-01
5.165913701057434082e-01 8.236483931541442871e-01
2.174363881349563599e-01 8.246906101703643799e-02
3.488378524780273438e-01 1.745070070028305054e-01
2.174363881349563599e-01 8.246906101703643799e-02
2.718663215637207031e-01 6.208802759647369385e-02
3.550407886505126953e-01 5.485997200012207031e-01
4.736344218254089355e-01 3.173570632934570312e-01
2.644637227058410645e-01 2.750698924064636230e-01
4.709844589233398438e-01 2.327385693788528442e-01
9.551558643579483032e-02 7.519761323928833008e-01
6.549118757247924805e-01 3.053827285766601562e-01
0.000000000000000000e+00 2.176718235015869141e+00
4.663771986961364746e-01 4.223957061767578125e-01
2.389433681964874268e-01 7.826112210750579834e-02
1.198997646570205688e-01 2.390444278717041016e-02
4.019329547882080078e-01 2.834562659263610840e-01
4.266718626022338867e-01 1.185448765754699707e+00
3.886668086051940918e-01 1.930530816316604614e-01
3.886668086051940918e-01 1.930530816316604614e-01
3.886668086051940918e-01 1.930531114339828491e-01
3.886668086051940918e-01 1.930531114339828491e-01
3.886668086051940918e-01 1.930531114339828491e-01
4.157701730728149414e-01 2.976701259613037109e-01
