8.914753198623657227e-01 2.851994514465332031e+00
5.628866553306579590e-01 1.016495823860168457e+00
9.722124934196472168e-01 1.171316146850585938e+00
8.362146615982055664e-01 1.128153324127197266e+00
1.304288357496261597e-01 1.897299438714981079e-01
2.445369511842727661e-01 2.560806274414062500e-01
5.471202135086059570e-01 5.590327978134155273e-01
5.385074615478515625e-01 3.593869805335998535e-01
2.327483594417572021e-01 6.589369475841522217e-02
3.817050457000732422e-01 1.175055652856826782e-01
7.005926966667175293e-01 3.848652243614196777e-01
2.174363881349563599e-01 8.246906101703643799e-02
2.832722365856170654e-01 4.880113899707794189e-02
2.174363881349563599e-01 8.246906101703643799e-02
3.016055822372436523e-01 0.000000000000000000e+00
4.876540899276733398e-01 1.963698714971542358e-01
8.128434419631958008e-04 2.666053056716918945e+00
1.798129379749298096e-01 1.184656172990798950e-01
4.735365509986877441e-01 2.609090209007263184e-01
7.400482892990112305e-01 3.073552846908569336e-01
8.217349648475646973e-01 3.932992219924926758e-01
0.000000000000000000e+00 2.320752382278442383e+00
4.994063973426818848e-01 4.987751841545104980e-01
4.206110239028930664e-01 2.164797633886337280e-01
2.159760892391204834e-01 1.697787791490554810e-01
7.261077165603637695e-01 3.785539269447326660e-01
1.785056591033935547e-01 2.350800782442092896e-01
1.785056591033935547e-01 2.350800782442092896e-01
1.785056591033935547e-01 2.350800782442092896e-01
1.785056591033935547e-01 2.350800782442092896e-01
1.785056293010711670e-01 2.350800782442092896e-01
5.092470645904541016e-01 2.626637220382690430e-01
5.000858902931213379e-01 1.930985003709793091e-01
9.079523384571075439e-02 1.538269072771072388e-01
