0 1
0 2
0 4
0 5
0 6
0 7
0 9
0 15
0 18
0 21
0 25
0 32
0 36
0 40
0 42
0 48
0 64
0 78
0 82
0 86
0 87
0 89
0 90
0 99
1 2
1 3
1 15
1 19
1 22
1 26
1 28
1 49
1 64
1 80
2 3
2 4
2 5
2 27
2 38
2 47
2 52
2 53
2 54
2 61
2 63
2 67
2 72
2 76
2 79
2 91
2 97
2 98
2 99
3 6
3 9
3 28
3 31
3 36
3 38
3 46
3 60
3 68
3 79
4 7
4 30
5 11
5 12
5 25
5 54
5 61
5 71
5 73
5 77
5 88
5 94
5 96
6 10
6 18
6 29
6 57
6 65
6 73
6 82
6 87
6 90
7 33
7 86
8 9
8 23
8 24
8 56
8 59
8 84
9 12
9 23
9 30
10 11
10 50
11 13
11 37
11 47
11 58
11 67
11 75
11 85
12 15
12 19
12 29
12 34
12 40
12 44
12 48
12 53
12 71
12 72
12 77
12 98
13 34
13 40
13 45
14 23
14 43
14 69
14 78
15 32
16 24
16 31
16 52
16 60
16 79
17 33
17 35
17 39
17 55
17 63
18 43
18 68
18 75
18 76
18 97
19 21
19 22
19 41
19 80
20 26
20 27
20 28
21 57
21 62
21 69
23 59
24 45
25 30
25 37
26 32
27 39
27 84
28 53
33 40
33 66
33 70
34 51
34 56
34 85
34 91
35 60
37 63
37 65
38 58
39 46
39 74
41 54
41 81
42 45
43 56
43 95
44 66
47 57
47 62
47 94
48 49
49 81
50 53
50 77
51 55
51 89
52 55
53 93
53 96
56 95
58 60
62 74
62 92
69 93
70 83
81 83
88 92
