0 1
0 2
0 4
0 5
0 6
0 7
0 9
0 10
0 18
0 25
0 31
0 33
0 34
0 36
0 38
0 40
0 41
0 48
0 60
0 77
0 80
0 82
0 86
0 90
1 2
1 3
1 15
1 17
1 22
1 26
1 30
1 65
1 67
1 94
2 3
2 4
2 5
2 8
2 13
2 14
2 16
2 27
2 33
2 38
2 47
2 52
2 54
2 61
2 63
2 68
2 69
2 72
2 76
3 6
3 11
3 12
3 13
3 17
3 20
3 21
3 24
3 25
3 46
4 7
4 25
5 8
5 11
5 12
5 14
5 16
5 19
5 29
5 47
5 61
5 71
5 88
6 10
6 17
6 39
6 48
6 51
6 53
6 62
6 75
6 90
7 74
7 78
8 19
8 20
8 23
8 33
9 22
9 23
9 53
9 55
9 64
10 11
11 24
11 36
11 37
11 43
11 49
11 85
12 13
12 15
12 18
12 32
12 34
12 40
12 53
12 57
12 59
12 64
12 70
12 84
13 94
14 28
14 57
15 19
15 81
16 32
16 37
16 79
17 21
17 30
18 34
18 37
18 43
18 53
18 97
19 34
19 60
19 86
20 70
21 27
21 43
21 85
23 27
23 60
24 45
25 82
26 45
26 71
27 39
28 62
28 79
28 98
29 83
30 51
31 38
32 63
33 91
33 95
34 56
34 84
35 59
35 99
37 54
39 75
39 91
40 47
40 74
41 49
41 76
42 55
42 87
43 73
44 78
44 87
45 89
46 56
47 81
47 99
48 58
49 81
50 55
50 58
50 77
51 73
52 54
52 93
53 65
53 66
56 79
56 95
57 63
58 67
60 80
62 92
62 97
66 69
68 98
69 88
72 96
77 89
83 96
92 93
