0 1
0 2
0 3
0 4
0 5
0 6
0 9
0 11
0 12
0 14
0 18
0 39
0 40
0 41
0 42
0 43
0 48
0 53
0 57
0 60
0 64
0 81
0 87
0 98
1 2
1 3
1 4
1 10
1 15
1 17
1 25
1 33
1 71
1 94
2 3
2 4
2 5
2 6
2 8
2 12
2 14
2 18
2 19
2 23
2 27
2 28
2 33
2 37
2 38
2 39
2 52
2 63
2 69
3 6
3 12
3 13
3 19
3 21
3 28
3 68
3 79
3 84
4 30
5 8
5 11
5 12
5 14
5 19
5 21
5 22
5 27
5 41
5 74
5 94
6 9
6 17
6 25
6 34
6 50
6 51
6 53
6 62
7 16
7 26
7 53
7 78
8 12
8 23
8 27
8 33
9 11
9 18
9 55
9 60
10 16
10 80
11 20
11 21
11 25
11 51
11 62
11 92
12 13
12 15
12 18
12 28
12 33
12 34
12 54
12 57
12 71
13 27
13 60
14 32
15 18
15 38
16 26
16 84
16 96
17 21
17 35
17 43
18 37
18 87
19 60
19 62
19 96
20 39
20 67
21 32
22 38
23 53
23 55
24 31
24 33
24 56
25 65
26 79
28 34
29 83
29 97
30 34
30 88
31 59
32 52
34 43
34 56
35 47
36 51
36 74
37 63
37 66
39 41
40 68
40 72
40 83
42 70
43 56
44 76
44 80
45 49
45 55
45 57
46 72
46 90
47 50
47 81
47 91
47 99
48 58
48 77
49 62
49 69
50 58
52 88
53 58
53 81
54 56
54 78
59 99
61 73
61 82
63 93
64 75
65 67
66 85
69 77
70 76
73 77
75 98
79 97
82 95
85 91
86 89
86 92
89 90
93 95
