0 1
0 2
0 3
0 4
0 5
0 6
0 7
0 8
0 12
0 14
0 17
0 18
0 19
0 23
0 33
0 37
0 46
0 52
0 53
0 54
0 56
0 58
0 59
0 60
1 2
1 3
1 5
1 6
1 11
1 12
1 16
1 23
1 34
1 37
2 3
2 5
2 6
2 7
2 8
2 11
2 14
2 15
2 18
2 20
2 21
2 27
2 31
2 53
2 55
2 64
2 70
2 77
2 98
3 4
3 5
3 12
3 16
3 18
3 40
3 47
3 52
3 53
4 16
4 30
5 6
5 8
5 11
5 12
5 18
5 37
5 51
5 59
5 60
6 9
6 11
6 12
6 53
6 57
6 73
6 93
7 50
7 63
8 19
8 34
8 39
9 19
9 41
9 53
9 76
9 89
10 27
10 48
10 56
11 12
11 13
11 21
11 34
11 58
12 16
12 17
12 19
12 22
12 32
12 34
12 40
12 83
13 15
13 34
13 96
14 39
14 81
15 28
15 87
16 61
17 21
17 47
17 51
18 35
18 57
18 62
19 53
19 75
20 28
20 67
21 39
21 55
22 54
23 25
23 26
24 45
24 49
24 68
25 34
25 42
25 88
26 43
26 86
27 33
27 84
28 60
28 63
29 46
29 73
30 42
30 85
31 91
32 58
32 94
33 47
33 65
33 69
35 98
36 68
36 75
37 43
38 44
38 63
38 64
39 95
40 62
40 74
41 48
41 49
43 48
43 51
44 99
45 60
45 70
47 71
47 77
49 82
50 52
50 99
54 91
55 79
56 62
56 93
57 77
61 79
62 78
65 72
66 69
66 88
67 78
69 83
71 80
72 92
74 86
76 81
79 89
80 97
81 90
82 96
84 85
87 95
90 92
94 97
