0 1
0 2
0 3
0 4
0 5
0 6
0 7
0 8
0 9
0 10
0 11
0 12
0 14
0 17
0 18
0 19
0 33
0 37
0 40
0 47
0 48
0 52
0 53
0 60
1 2
1 3
1 5
1 6
1 11
1 12
1 16
1 23
1 34
1 37
2 3
2 4
2 5
2 6
2 7
2 8
2 11
2 14
2 15
2 18
2 20
2 21
2 27
2 30
2 53
2 55
2 64
2 70
2 77
3 4
3 5
3 9
3 12
3 18
3 40
3 47
3 52
3 53
4 12
5 6
5 8
5 11
5 12
5 18
5 37
5 39
5 51
5 53
6 9
6 11
6 12
6 27
6 34
6 53
6 60
7 50
7 63
8 15
8 19
8 39
9 20
9 41
9 60
10 33
10 56
11 12
11 19
11 21
11 34
12 16
12 17
12 19
12 22
12 34
12 40
12 56
13 15
13 27
13 45
13 54
14 23
14 59
15 28
16 19
16 61
16 69
17 21
17 47
17 51
18 19
18 41
18 47
20 28
21 39
21 55
22 54
23 58
23 89
24 45
24 49
24 68
25 34
25 42
25 75
25 88
26 43
26 81
26 86
27 62
28 60
28 63
29 46
29 73
30 42
30 81
31 57
31 91
32 58
32 62
32 94
33 34
33 47
33 69
35 48
35 98
36 68
36 75
37 43
38 44
38 63
38 64
39 95
40 62
41 49
43 49
43 51
44 99
45 57
46 82
48 65
50 52
50 99
53 57
54 91
55 79
56 79
56 93
58 74
59 93
61 79
62 78
65 72
66 88
66 98
67 76
67 78
69 77
70 96
71 80
71 89
72 92
73 87
74 86
76 81
77 83
80 97
82 96
83 84
84 85
85 90
87 95
90 92
94 97
