0 1
0 2
0 3
0 5
0 6
0 8
0 9
0 11
0 12
0 13
0 14
0 15
0 16
0 18
0 28
0 33
0 34
0 38
0 39
0 43
0 53
0 55
0 58
0 60
1 2
1 3
1 5
1 6
1 7
1 12
1 17
1 34
1 43
1 53
2 3
2 5
2 6
2 8
2 9
2 11
2 12
2 16
2 17
2 18
2 28
2 34
2 40
2 47
2 53
2 56
2 57
2 62
2 69
3 5
3 11
3 12
3 16
3 18
3 19
3 47
3 48
3 53
3 55
4 16
4 19
4 57
4 60
5 6
5 8
5 9
5 11
5 12
5 19
5 33
5 47
5 60
6 8
6 9
6 12
6 14
6 18
6 21
6 37
7 15
7 26
7 27
8 25
8 30
9 12
9 18
10 52
10 58
10 82
11 12
11 17
11 20
11 23
11 43
12 19
12 23
12 34
12 49
12 53
12 77
13 23
13 51
13 63
14 28
14 74
15 32
15 33
16 25
17 21
17 47
18 47
18 62
19 53
19 66
20 49
20 77
21 22
21 56
21 93
22 68
23 37
24 35
24 40
24 49
25 39
25 40
26 33
26 41
27 37
27 48
27 56
28 89
29 61
29 76
30 51
30 63
31 78
31 97
32 54
32 70
33 34
34 96
35 92
36 45
36 94
37 54
38 79
38 99
39 43
39 58
40 56
41 48
41 81
42 50
42 75
44 61
44 62
45 50
45 51
46 75
46 83
50 88
52 54
52 62
55 67
57 63
59 64
59 79
60 71
64 98
65 73
65 94
66 84
67 73
68 95
69 81
69 90
70 91
71 89
72 83
72 84
74 93
76 87
77 90
78 85
79 88
80 97
80 98
81 86
82 95
85 87
86 96
88 91
92 99
