0110111101000001001001000100000010001000101000001000000000000000100000000000001000100011011000000001
1011000000000001000100100010100000000000000000000100000000000000100000000000000010000000000000000000
1101110000000000000000000001000000000010000000010000111000000101000100001000100100000000000100000111
0110001001000000000000000000100100001010000000100000000000001000000010000000000100000000000000000000
1010000100000000000000000000001000000000000000000000000000000000000000000000000000000000000000000000
1010000000011000000000000100000000000000000000000000001000000100000000010100010000000000100000101000
1001000000100000001000000000010000000000000000000000000001000000010000000100000000100001001000000000
1000100000000000000000000000000001000000000000000000000000000000000000000000000000000010000000000000
0000000001000000000000011000000000000000000000000000000010010000000000000000000000001000000000000000
1001000010001000000000010000001000000000000000000000000000000000000000000000000000000000000000000000
0000001000010000000000000000000000000000000000000010000000000000000000000000000000000000000000000000
0000010000100100000000000000000000000100000000010000000000100000000100000001000000000100000000000000
0000010001000001000100000000010000100000100010001000010000000000000000011000010000000000000000000010
0000000000010000000000000000000000100000100001000000000000000000000000000000000000000000000000000000
0000000000000000000000010000000000000000000100000000000000000000000001000000001000000000000000000000
1100000000001000000000000000000010000000000000000000000000000000000000000000000000000000000000000000
0000000000000000000000001000000100000000000000000000100000001000000000000000000100000000000000000000
0000000000000000000000000000000001010001000000000000000100000001000000000000000000000000000000000000
1000001000000000000000000000000000000000000100000000000000000000000010000001100000000000000000000100
0100000000001000000001100000000000000000010000000000000000000000000000000000000010000000000000000000
0000000000000000000000000011100000000000000000000000000000000000000000000000000000000000000000000000
1000000000000000000100000000000000000000000000000000000001000010000001000000000000000000000000000000
0100000000000000000100000000000000000000000000000000000000000000000000000000000000000000000000000000
0000000011000010000000000000000000000000000000000000000000010000000000000000000000000000000000000000
0000000010000000100000000000000000000000000001000000000000000000000000000000000000000000000000000000
1000010000000000000000000000001000000100000000000000000000000000000000000000000000000000000000000000
0100000000000000000010000000000010000000000000000000000000000000000000000000000000000000000000000000
0010000000000000000010000000000000000001000000000000000000000000000000000000000000001000000000000000
0101000000000000000010000000000000000000000000000000010000000000000000000000000000000000000000000000
0000001000001000000000000000000000000000000000000000000000000000000000000000000000000000000000000000
0000100001000000000000000100000000000000000000000000000000000000000000000000000000000000000000000000
0001000000000000100000000000000000000000000000000000000000000000000000000000000000000000000000000000
1000000000000001000000000010000000000000000000000000000000000000000000000000000000000000000000000000
0000000100000000010000000000000000000000100000000000000000000000001000100000000000000000000000000000
0000000000001100000000000000000000000000000000000001000010000000000000000000000000000100000100000000
0000000000000000010000000000000000000000000000000000000000001000000000000000000000000000000000000000
1001000000000000000000000000000000000000000000000000000000000000000000000000000000000000000000000000
0000000000010000000000000100000000000000000000000000000000000001010000000000000000000000000000000000
0011000000000000000000000000000000000000000000000000000000100000000000000000000000000000000000000000
0000000000000000010000000001000000000000000000100000000000000000000000000010000000000000000000000000
1000000000001100000000000000000001000000000000000000000000000000000000000000000000000000000000000000
0000000000000000000100000000000000000000000000000000001000000000000000000000000001000000000000000000
1000000000000000000000000000000000000000000001000000000000000000000000000000000000000000000000000000
0000000000000010001000000000000000000000000000000000000010000000000000000000000000000000000000010000
0000000000001000000000000000000000000000000000000000000000000000001000000000000000000000000000000000
0000000000000100000000001000000000000000001000000000000000000000000000000000000000000000000000000000
0001000000000000000000000000000000000001000000000000000000000000000000000000000000000000000000000000
0010000000010000000000000000000000000000000000000000000001000010000000000000000000000000000000100000
1000000000001000000000000000000000000000000000000100000000000000000000000000000000000000000000000000
0100000000000000000000000000000000000000000000001000000000000000000000000000000001000000000000000000
0000000000100000000000000000000000000000000000000000010000000000000000000000010000000000000000000000
0000000000000000000000000000000000100000000000000000000100000000000000000000000000000000010000000000
0010000000000000100000000000000000000000000000000000000100000000000000000000000000000000000000000000
0010000000001000000000000000100000000000000000000010000000000000000000000000000000000000000001001000
0010010000000000000000000000000000000000010000000000000000000000000000000000000000000000000000000000
0000000000000000010000000000000000000000000000000001100000000000000000000000000000000000000000000000
0000000010000000000000000000000000100000000100000000000000000000000000000000000000000000000000010000
0000001000000000000001000000000000000000000000010000000000000000000000000000000000000000000000000000
0000000000010000000000000000000000000010000000000000000000001000000000000000000000000000000000000000
0000000010000000000000010000000000000000000000000000000000000000000000000000000000000000000000000000
0001000000000000100000000000000000010000000000000000000000100000000000000000000000000000000000000000
0010010000000000000000000000000000000000000000000000000000000000000000000000000000000000000000000000
0000000000000000000001000000000000000000000000010000000000000000000000000010000000000000000010000000
0010000000000000010000000000000000000100000000000000000000000000000000000000000000000000000000000000
1100000000000000000000000000000000000000000000000000000000000000000000000000000000000000000000000000
0000001000000000000000000000000000000100000000000000000000000000000000000000000000000000000000000000
0000000000000000000000000000000001000000000010000000000000000000000000000000000000000000000000000000
0010000000010000000000000000000000000000000000000000000000000000000000000000000000000000000000000000
0001000000000000001000000000000000000000000000000000000000000000000000000000000000000000000000000000
0000000000000010000001000000000000000000000000000000000000000000000000000000000000000000000001000000
0000000000000000000000000000000001000000000000000000000000000000000000000000000000010000000000000000
0000010000001000000000000000000000000000000000000000000000000000000000000000000000000000000000000000
0010000000001000000000000000000000000000000000000000000000000000000000000000000000000000000000000000
0000011000000000000000000000000000000000000000000000000000000000000000000000000000000000000000000000
0000000000000000000000000000000000000001000000000000000000000010000000000000000000000000000000000000
0000000000010000001000000000000000000000000000000000000000000000000000000000000000000000000000000000
0010000000000000001000000000000000000000000000000000000000000000000000000000000000000000000000000000
0000010000001000000000000000000000000000000000000010000000000000000000000000000000000000000000000000
1000000000000010000000000000000000000000000000000000000000000000000000000000000000000000000000000000
0011000000000000100000000000000000000000000000000000000000000000000000000000000000000000000000000000
0100000000000000000100000000000000000000000000000000000000000000000000000000000000000000000000000000
0000000000000000000000000000000000000000010000000100000000000000000000000000000000010000000000000000
1000001000000000000000000000000000000000000000000000000000000000000000000000000000000000000000000000
0000000000000000000000000000000000000000000000000000000000000000000000100000000001000000000000000000
0000000010000000000000000001000000000000000000000000000000000000000000000000000000000000000000000000
0000000000010000000000000000000000100000000000000000000000000000000000000000000000000000000000000000
1000000100000000000000000000000000000000000000000000000000000000000000000000000000000000000000000000
1000001000000000000000000000000000000000000000000000000000000000000000000000000000000000000000000000
0000010000000000000000000000000000000000000000000000000000000000000000000000000000000000000010000000
1000000000000000000000000000000000000000000000000001000000000000000000000000000000000000000000000000
1000001000000000000000000000000000000000000000000000000000000000000000000000000000000000000000000000
0010000000000000000000000000000000100000000000000000000000000000000000000000000000000000000000000000
0000000000000000000000000000000000000000000000000000000000000010000000000000000000000000100000000000
0000000000000000000000000000000000000000000000000000010000000000000001000000000000000000000000000000
0000010000000000000000000000000000000000000000010000000000000000000000000000000000000000000000000000
0000000000000000000000000000000000000000000100000000000010000000000000000000000000000000000000000000
0000010000000000000000000000000000000000000000000000010000000000000000000000000000000000000000000000
0010000000000000001000000000000000000000000000000000000000000000000000000000000000000000000000000000
0010000000001000000000000000000000000000000000000000000000000000000000000000000000000000000000000000
1010000000000000000000000000000000000000000000000000000000000000000000000000000000000000000000000000
