1	78
1	143
1	194
1	199
1	216
2	34
2	112
2	211
2	232
2	268
3	49
3	77
3	94
3	147
3	203
4	199
4	361
4	383
4	404
4	435
5	345
5	359
5	418
5	424
5	425
6	237
6	286
6	344
6	362
6	379
7	217
7	281
7	309
7	310
7	326
8	454
8	481
8	483
8	485
8	488
9	415
9	451
9	462
9	471
9	484
10	239
10	258
10	277
10	300
10	314
11	336
11	377
11	398
11	404
11	435
12	187
12	228
12	265
12	274
12	278
13	74
13	161
13	176
13	208
14	173
14	198
14	218
14	248
14	254
15	83
15	84
15	141
15	148
15	152
16	23
16	228
16	265
16	274
16	278
17	31
17	304
17	369
17	371
17	382
18	188
18	247
18	307
18	319
18	329
19	439
19	465
19	468
19	471
19	484
20	261
20	281
20	309
20	310
20	326
21	56
21	78
21	194
21	199
21	216
22	52
22	112
22	211
22	232
22	268
23	16
23	228
23	265
23	274
23	278
24	98
24	171
24	189
24	226
24	260
25	368
25	401
25	410
25	420
25	430
26	413
26	450
26	465
26	468
26	484
27	224
27	282
27	303
27	320
28	262
28	266
28	304
28	369
28	382
29	157
29	198
29	225
29	248
29	254
30	115
30	123
30	168
30	169
31	17
31	145
31	266
31	371
31	382
32	118
32	178
32	262
32	369
32	382
33	38
33	115
33	123
33	168
33	169
34	2
34	96
34	211
34	232
34	268
35	62
35	70
35	172
35	181
35	185
36	336
36	361
36	377
36	398
36	435
37	121
37	126
37	174
37	251
37	351
38	33
38	115
38	123
38	168
38	169
39	328
39	332
39	418
39	424
39	425
40	52
40	96
40	112
40	211
40	268
41	198
41	218
41	225
41	248
41	254
42	332
42	345
42	418
42	424
42	425
43	441
43	466
43	483
43	485
43	488
44	122
44	224
44	282
44	303
44	320
45	47
45	49
45	147
45	203
46	291
46	332
46	418
46	424
46	425
47	45
47	77
47	94
47	147
47	203
48	242
48	336
48	361
48	404
48	435
49	3
49	45
49	77
49	147
49	203
50	117
50	146
50	182
50	223
50	227
51	370
51	401
51	410
51	412
51	430
52	22
52	40
52	211
52	232
52	268
53	438
53	453
53	464
53	474
53	476
54	460
54	463
54	469
54	473
54	479
55	93
55	130
55	176
55	196
55	208
56	21
56	143
56	194
56	199
56	216
57	395
57	403
57	405
57	416
57	419
58	325
58	447
58	449
58	455
58	459
59	85
59	98
59	189
59	226
59	260
60	336
60	376
60	383
60	398
60	435
61	87
61	276
61	287
61	305
61	316
62	35
62	81
62	108
62	181
62	185
63	79
63	187
63	265
63	274
63	278
64	444
64	467
64	483
64	485
64	488
65	83
65	84
65	141
65	148
65	152
66	452
66	467
66	481
66	483
66	488
67	280
67	301
67	318
67	321
67	323
68	98
68	171
68	189
68	226
68	260
69	495
69	496
69	498
69	499
69	500
70	35
70	108
70	172
70	181
70	185
71	259
71	284
71	295
71	298
71	313
72	376
72	377
72	398
72	404
72	435
73	436
73	437
73	447
73	455
73	459
74	13
74	161
74	176
74	196
74	208
75	162
75	245
75	273
75	324
75	333
76	246
76	258
76	277
76	300
76	314
77	3
77	47
77	49
77	94
77	203
78	1
78	21
78	143
78	194
78	216
79	63
79	187
79	228
79	274
79	278
80	437
80	447
80	449
80	455
80	459
81	62
81	108
81	172
81	181
81	185
82	213
82	269
82	307
82	327
82	329
83	15
83	65
83	141
83	148
83	152
84	15
84	65
84	141
84	148
84	152
85	59
85	171
85	189
85	226
85	260
86	494
86	496
86	497
86	499
86	500
87	61
87	275
87	287
87	305
87	316
88	247
88	307
88	319
88	327
88	329
89	219
89	344
89	362
89	364
89	379
90	221
90	259
90	295
90	298
90	313
91	495
91	497
91	498
91	499
91	500
92	222
92	284
92	295
92	298
92	313
93	55
93	130
93	161
93	196
93	208
94	3
94	47
94	77
94	147
94	203
95	269
95	307
95	319
95	327
95	329
96	34
96	40
96	112
96	232
96	268
97	153
97	179
97	282
97	303
97	320
98	24
98	59
98	68
98	226
98	260
99	340
99	386
99	403
99	416
99	419
100	275
100	276
100	287
100	305
100	316
101	177
101	238
101	245
101	324
101	333
102	184
102	261
102	309
102	310
102	326
103	343
103	358
103	360
103	385
103	397
104	436
104	437
104	449
104	455
104	459
105	178
105	262
105	304
105	369
105	371
105	382
106	202
106	237
106	311
106	344
106	364
106	379
107	135
107	186
107	239
107	246
107	300
107	314
108	62
108	70
108	81
108	172
108	181
108	185
109	454
109	466
109	467
109	483
109	485
109	488
110	308
110	363
110	381
110	388
110	392
110	393
111	219
111	271
111	311
111	362
111	379
112	2
112	22
112	40
112	96
112	232
112	268
113	353
113	386
113	395
113	405
113	416
113	419
114	234
114	338
114	343
114	358
114	385
114	397
115	30
115	33
115	38
115	123
115	168
115	169
116	136
116	137
116	166
116	182
116	223
116	227
117	50
117	166
117	182
117	191
117	223
117	227
118	32
118	178
118	266
118	304
118	369
118	371
119	378
119	417
119	422
119	423
119	431
119	433
120	291
120	331
120	345
120	418
120	424
120	425
121	37
121	207
121	251
121	272
121	294
121	351
122	44
122	129
122	179
122	224
122	303
122	320
123	30
123	33
123	38
123	115
123	168
123	169
124	341
124	363
124	381
124	388
124	392
124	393
125	356
125	400
125	447
125	449
125	455
125	459
126	37
126	170
126	251
126	264
126	294
126	351
127	335
127	343
127	360
127	367
127	385
127	397
128	452
128	467
128	481
128	483
128	485
128	488
129	122
129	179
129	224
129	282
129	303
129	320
130	55
130	93
130	161
130	176
130	196
130	208
131	149
131	204
131	238
131	273
131	324
131	333
132	330
132	341
132	347
132	388
132	392
132	393
133	357
133	368
133	380
133	401
133	420
133	430
134	279
134	280
134	301
134	318
134	321
134	323
135	107
135	186
135	258
135	277
135	300
135	314
136	116
136	146
136	182
136	191
136	223
136	227
137	116
137	146
137	166
137	182
137	223
137	463
138	178
138	266
138	304
138	369
138	371
138	382
139	180
139	205
139	275
139	276
139	305
139	316
140	348
140	406
140	458
140	469
140	473
140	479
141	15
141	65
141	83
141	84
141	148
141	152
142	386
142	395
142	403
142	405
142	416
142	419
143	1
143	56
143	78
143	194
143	199
143	216
144	400
144	436
144	447
144	449
144	455
144	459
145	31
145	304
145	369
145	371
145	382
146	50
146	136
146	137
146	166
146	191
146	223
147	3
147	45
147	47
147	49
147	94
147	203
148	15
148	65
148	83
148	84
148	141
148	152
149	131
149	238
149	245
149	273
149	324
149	333
150	495
150	496
150	497
150	498
150	499
150	500
151	384
151	389
151	422
151	426
151	431
151	433
152	15
152	65
152	83
152	84
152	141
152	148
153	97
153	179
153	224
153	282
153	303
153	320
154	452
154	454
154	466
154	467
154	481
154	485
155	341
155	363
155	381
155	388
155	392
155	393
156	406
156	434
156	458
156	460
156	469
156	479
157	29
157	173
157	218
157	225
157	248
157	254
158	376
158	377
158	383
158	398
158	404
158	435
159	241
159	279
159	301
159	318
159	321
159	323
160	279
160	280
160	301
160	318
160	321
160	323
161	13
161	74
161	93
161	130
161	176
161	196
162	75
162	204
162	238
162	245
162	273
162	333
163	380
163	401
163	410
163	412
163	420
163	430
164	331
164	359
164	418
164	424
164	425
165	221
165	222
165	284
165	295
165	298
165	313
166	116
166	117
166	137
166	146
166	191
166	227
167	417
167	422
167	423
167	426
167	431
167	433
168	30
168	33
168	38
168	115
168	123
168	169
169	30
169	33
169	38
169	115
169	123
169	168
170	126
170	201
170	264
170	272
170	294
170	351
171	24
171	68
171	85
171	189
171	226
171	260
172	35
172	70
172	81
172	108
172	181
172	185
173	14
173	157
173	218
173	225
173	248
173	254
174	37
174	207
174	272
174	294
174	351
174	423
175	219
175	286
175	311
175	362
175	364
175	379
176	13
176	55
176	74
176	130
176	161
176	196
176	208
177	101
177	204
177	238
177	245
177	273
177	324
177	333
178	32
178	105
178	118
178	138
178	262
178	371
178	382
179	97
179	122
179	129
179	153
179	282
179	303
179	320
180	139
180	205
180	275
180	276
180	287
180	305
180	316
181	35
181	62
181	70
181	81
181	108
181	172
181	185
182	50
182	116
182	117
182	136
182	137
182	191
182	227
183	184
183	217
183	261
183	281
183	309
183	310
183	326
184	102
184	183
184	217
184	281
184	309
184	310
184	326
185	35
185	62
185	70
185	81
185	108
185	172
185	181
186	107
186	135
186	239
186	246
186	277
186	300
186	314
187	12
187	63
187	79
187	228
187	265
187	274
187	278
188	18
188	247
188	269
188	307
188	319
188	327
188	329
189	24
189	59
189	68
189	85
189	171
189	226
189	260
190	346
190	372
190	386
190	403
190	405
190	416
190	419
191	117
191	136
191	146
191	166
191	182
191	223
191	227
192	331
192	332
192	345
192	359
192	418
192	424
192	425
193	330
193	347
193	363
193	381
193	388
193	392
193	393
194	1
194	21
194	56
194	78
194	143
194	199
194	216
195	361
195	376
195	377
195	383
195	398
195	404
195	435
196	55
196	74
196	93
196	130
196	161
196	176
196	208
197	494
197	495
197	496
197	497
197	498
197	499
197	500
198	14
198	29
198	41
198	218
198	225
198	248
198	254
199	1
199	4
199	21
199	56
199	143
199	194
199	216
200	209
200	338
200	358
200	360
200	367
200	385
200	397
201	170
201	207
201	251
201	264
201	272
201	294
201	351
202	106
202	237
202	271
202	344
202	362
202	364
202	379
203	3
203	45
203	47
203	49
203	77
203	94
203	147
204	131
204	162
204	177
204	245
204	273
204	324
204	333
205	139
205	180
205	275
205	276
205	287
205	305
205	316
206	454
206	466
206	467
206	481
206	483
206	485
206	488
207	121
207	174
207	201
207	264
207	272
207	294
207	351
208	13
208	55
208	74
208	93
208	130
208	176
208	196
209	200
209	335
209	358
209	360
209	367
209	385
209	397
210	428
210	440
210	450
210	462
210	465
210	468
210	484
211	2
211	22
211	34
211	40
211	52
211	232
211	268
212	427
212	441
212	452
212	481
212	483
212	485
212	488
213	82
213	247
213	269
213	307
213	319
213	327
213	329
214	335
214	338
214	343
214	358
214	367
214	385
214	397
215	399
215	439
215	451
215	462
215	468
215	471
215	484
216	1
216	21
216	56
216	78
216	143
216	194
216	199
217	7
217	183
217	184
217	261
217	281
217	309
217	310
217	326
218	14
218	41
218	157
218	173
218	198
218	225
218	248
218	254
219	89
219	111
219	175
219	286
219	344
219	362
219	364
219	379
220	427
220	441
220	444
220	466
220	481
220	483
220	485
220	488
221	90
221	165
221	222
221	259
221	284
221	295
221	298
221	313
222	92
222	165
222	221
222	259
222	284
222	295
222	298
222	313
223	50
223	116
223	117
223	136
223	137
223	146
223	191
223	227
224	27
224	44
224	122
224	129
224	153
224	282
224	303
224	320
225	29
225	41
225	157
225	173
225	198
225	218
225	248
225	254
226	24
226	59
226	68
226	85
226	98
226	171
226	189
226	260
227	50
227	116
227	117
227	136
227	166
227	182
227	191
227	223
228	12
228	16
228	23
228	79
228	187
228	265
228	274
228	278
229	285
229	356
229	436
229	437
229	447
229	449
229	455
229	459
230	328
230	331
230	332
230	345
230	359
230	418
230	424
230	425
231	375
231	400
231	436
231	437
231	447
231	449
231	455
231	459
232	2
232	22
232	34
232	52
232	96
232	112
232	211
232	268
233	389
233	390
233	417
233	422
233	423
233	426
233	431
233	433
234	114
234	335
234	338
234	343
234	358
234	360
234	367
234	397
235	446
235	456
235	458
235	460
235	463
235	469
235	473
235	479
236	355
236	396
236	409
236	421
236	442
236	474
236	475
236	476
237	6
237	106
237	202
237	271
237	286
237	311
237	344
237	364
238	101
238	131
238	149
238	162
238	177
238	273
238	324
238	333
239	10
239	107
239	186
239	246
239	258
239	277
239	300
239	314
240	336
240	361
240	376
240	377
240	383
240	398
240	404
240	435
241	159
241	279
241	280
241	301
241	318
241	321
241	323
242	48
242	361
242	376
242	377
242	383
242	398
242	404
242	435
243	375
243	400
243	436
243	437
243	447
243	449
243	455
243	459
244	353
244	372
244	386
244	395
244	403
244	405
244	416
244	419
245	75
245	101
245	149
245	162
245	177
245	204
245	324
245	333
246	76
246	107
246	186
246	239
246	258
246	277
246	300
246	314
247	18
247	88
247	188
247	213
247	269
247	319
247	327
247	329
248	14
248	29
248	41
248	157
248	173
248	198
248	218
248	225
249	378
249	390
249	417
249	422
249	423
249	426
249	431
249	433
250	340
250	346
250	372
250	395
250	403
250	405
250	416
250	419
251	37
251	121
251	126
251	201
251	264
251	272
251	294
251	351
252	408
252	414
252	429
252	439
252	440
252	445
252	471
252	484
253	267
253	297
253	357
253	366
253	368
253	412
253	420
253	430
254	14
254	29
254	41
254	157
254	173
254	198
254	218
254	225
255	421
255	438
255	442
255	453
255	464
255	474
255	475
255	476
256	427
256	444
256	454
256	466
256	481
256	483
256	485
256	488
257	365
257	384
257	389
257	390
257	417
257	426
257	431
257	433
258	10
258	76
258	135
258	239
258	246
258	277
258	300
258	314
259	71
259	90
259	221
259	222
259	284
259	295
259	298
259	313
260	24
260	59
260	68
260	85
260	98
260	171
260	189
260	226
261	20
261	102
261	183
261	217
261	281
261	309
261	310
261	326
262	28
262	32
262	105
262	178
262	266
262	369
262	371
262	382
263	356
263	400
263	436
263	437
263	447
263	449
263	455
263	459
264	126
264	170
264	201
264	207
264	251
264	272
264	294
264	351
265	12
265	16
265	23
265	63
265	187
265	228
265	274
265	278
266	28
266	31
266	118
266	138
266	262
266	304
266	369
266	371
266	382
267	253
267	297
267	312
267	370
267	380
267	410
267	412
267	420
267	430
268	2
268	22
268	34
268	40
268	52
268	96
268	112
268	211
268	232
269	82
269	95
269	188
269	213
269	247
269	307
269	319
269	327
269	329
270	317
270	396
270	411
270	442
270	453
270	464
270	474
270	475
270	476
271	111
271	202
271	237
271	286
271	311
271	344
271	362
271	364
271	379
272	121
272	170
272	174
272	201
272	207
272	251
272	264
272	294
272	351
273	75
273	131
273	149
273	162
273	177
273	204
273	238
273	324
273	333
274	12
274	16
274	23
274	63
274	79
274	187
274	228
274	265
274	278
275	87
275	100
275	139
275	180
275	205
275	276
275	287
275	305
275	316
276	61
276	100
276	139
276	180
276	205
276	275
276	287
276	305
276	316
277	10
277	76
277	135
277	186
277	239
277	246
277	258
277	300
277	314
278	12
278	16
278	23
278	63
278	79
278	187
278	228
278	265
278	274
279	134
279	159
279	160
279	241
279	280
279	301
279	318
279	321
279	323
280	67
280	134
280	160
280	241
280	279
280	301
280	318
280	321
280	323
281	7
281	20
281	183
281	184
281	217
281	261
281	309
281	310
281	326
282	27
282	44
282	97
282	129
282	153
282	179
282	224
282	303
282	320
283	308
283	330
283	341
283	347
283	363
283	381
283	388
283	392
283	393
284	71
284	92
284	165
284	221
284	222
284	259
284	295
284	298
284	313
285	229
285	375
285	400
285	436
285	437
285	447
285	449
285	455
285	459
286	6
286	175
286	219
286	237
286	271
286	311
286	362
286	364
286	379
287	61
287	87
287	100
287	180
287	205
287	275
287	276
287	305
287	316
288	373
288	434
288	456
288	458
288	460
288	463
288	469
288	473
288	479
289	399
289	408
289	414
289	450
289	462
289	465
289	468
289	471
289	484
290	302
290	411
290	432
290	438
290	453
290	464
290	474
290	475
290	476
291	46
291	120
291	328
291	331
291	345
291	359
291	418
291	424
291	425
292	427
292	441
292	444
292	452
292	466
292	467
292	481
292	485
292	488
293	322
293	409
293	411
293	442
293	453
293	464
293	474
293	475
293	476
294	121
294	126
294	170
294	174
294	201
294	207
294	251
294	264
294	272
294	351
295	71
295	90
295	92
295	165
295	221
295	222
295	259
295	284
295	298
295	313
296	355
296	409
296	411
296	421
296	432
296	442
296	464
296	474
296	475
296	476
297	253
297	267
297	366
297	370
297	380
297	401
297	410
297	412
297	420
297	430
298	71
298	90
298	92
298	165
298	221
298	222
298	259
298	284
298	295
298	313
299	441
299	444
299	452
299	454
299	466
299	467
299	481
299	483
299	485
299	488
300	10
300	76
300	107
300	135
300	186
300	239
300	246
300	258
300	277
300	314
301	67
301	134
301	159
301	160
301	241
301	279
301	280
301	318
301	321
301	323
302	290
302	402
302	411
302	421
302	438
302	442
302	453
302	464
302	475
302	476
303	27
303	44
303	97
303	122
303	129
303	153
303	179
303	224
303	282
303	320
304	17
304	28
304	105
304	118
304	138
304	145
304	266
304	369
304	371
304	382
305	61
305	87
305	100
305	139
305	180
305	205
305	275
305	276
305	287
305	316
306	428
306	429
306	439
306	445
306	451
306	462
306	465
306	468
306	471
306	484
307	18
307	82
307	88
307	95
307	188
307	213
307	269
307	319
307	327
307	329
308	110
308	283
308	330
308	341
308	347
308	363
308	381
308	388
308	392
308	393
309	7
309	20
309	102
309	183
309	184
309	217
309	261
309	281
309	310
309	326
310	7
310	20
310	102
310	183
310	184
310	217
310	261
310	281
310	309
310	326
311	106
311	111
311	175
311	237
311	271
311	286
311	344
311	362
311	364
311	379
312	267
312	357
312	366
312	368
312	380
312	401
312	410
312	412
312	420
312	430
313	71
313	90
313	92
313	165
313	221
313	222
313	259
313	284
313	295
313	298
314	10
314	76
314	107
314	135
314	186
314	239
314	246
314	258
314	277
314	300
315	441
315	444
315	452
315	454
315	466
315	467
315	481
315	483
315	485
315	488
316	61
316	87
316	100
316	139
316	180
316	205
316	275
316	276
316	287
316	305
317	270
317	352
317	402
317	409
317	411
317	438
317	442
317	474
317	475
317	476
318	67
318	134
318	159
318	160
318	241
318	279
318	280
318	301
318	321
318	323
319	18
319	88
319	95
319	188
319	213
319	247
319	269
319	307
319	327
319	329
320	27
320	44
320	97
320	122
320	129
320	153
320	179
320	224
320	282
320	303
321	67
321	134
321	159
321	160
321	241
321	279
321	280
321	301
321	318
321	323
322	293
322	396
322	402
322	409
322	432
322	442
322	464
322	474
322	475
322	476
323	67
323	134
323	159
323	160
323	241
323	279
323	280
323	301
323	318
323	321
324	75
324	101
324	131
324	149
324	177
324	204
324	238
324	245
324	273
324	333
325	58
325	356
325	375
325	400
325	436
325	437
325	447
325	449
325	455
325	459
326	7
326	20
326	102
326	183
326	184
326	217
326	261
326	281
326	309
326	310
327	82
327	88
327	95
327	188
327	213
327	247
327	269
327	307
327	319
327	329
328	39
328	230
328	291
328	331
328	332
328	345
328	359
328	418
328	424
328	425
329	18
329	82
329	88
329	95
329	188
329	213
329	247
329	269
329	307
329	319
329	327
330	132
330	193
330	283
330	308
330	341
330	347
330	363
330	381
330	388
330	392
330	393
331	120
331	164
331	192
331	230
331	291
331	328
331	332
331	359
331	418
331	424
331	425
332	39
332	42
332	46
332	192
332	230
332	328
332	331
332	359
332	418
332	424
332	425
333	75
333	101
333	131
333	149
333	162
333	177
333	204
333	238
333	245
333	273
333	324
334	354
334	406
334	407
334	434
334	446
334	456
334	460
334	463
334	469
334	473
334	479
335	127
335	209
335	214
335	234
335	338
335	343
335	358
335	360
335	367
335	385
335	397
336	11
336	36
336	48
336	60
336	240
336	361
336	377
336	383
336	398
336	404
336	435
337	427
337	441
337	444
337	452
337	454
337	466
337	467
337	481
337	483
337	485
337	488
338	114
338	200
338	214
338	234
338	335
338	343
338	358
338	360
338	367
338	385
338	397
339	427
339	441
339	444
339	452
339	454
339	466
339	467
339	481
339	483
339	485
339	488
340	99
340	250
340	346
340	353
340	372
340	386
340	395
340	403
340	405
340	416
340	419
341	124
341	132
341	155
341	283
341	308
341	330
341	347
341	381
341	388
341	392
341	393
342	387
342	391
342	407
342	434
342	446
342	456
342	458
342	460
342	469
342	473
342	479
343	103
343	114
343	127
343	214
343	234
343	335
343	338
343	360
343	367
343	385
343	397
344	6
344	89
344	106
344	202
344	219
344	237
344	271
344	311
344	362
344	364
344	379
345	5
345	42
345	120
345	192
345	230
345	291
345	328
345	359
345	418
345	424
345	425
346	190
346	250
346	340
346	353
346	372
346	386
346	395
346	403
346	405
346	416
346	419
347	132
347	193
347	283
347	308
347	330
347	341
347	363
347	381
347	388
347	392
347	393
348	140
348	391
348	407
348	434
348	446
348	456
348	458
348	463
348	469
348	473
348	479
349	373
349	387
349	391
349	446
349	456
349	458
349	460
349	463
349	469
349	473
349	479
350	365
350	378
350	384
350	389
350	390
350	417
350	422
350	423
350	426
350	431
350	433
351	37
351	121
351	126
351	170
351	174
351	201
351	207
351	251
351	264
351	272
351	294
352	317
352	402
352	409
352	411
352	421
352	432
352	453
352	464
352	474
352	475
352	476
353	113
353	244
353	340
353	346
353	372
353	386
353	395
353	403
353	405
353	416
353	419
354	334
354	387
354	407
354	434
354	446
354	456
354	458
354	460
354	463
354	469
354	473
354	479
355	236
355	296
355	396
355	411
355	421
355	432
355	438
355	442
355	453
355	474
355	475
355	476
356	125
356	229
356	263
356	325
356	375
356	400
356	436
356	437
356	447
356	449
356	455
356	459
357	133
357	253
357	312
357	366
357	368
357	370
357	380
357	401
357	410
357	412
357	420
357	430
358	103
358	114
358	200
358	209
358	214
358	234
358	335
358	338
358	360
358	367
358	385
358	397
359	5
359	164
359	192
359	230
359	291
359	328
359	331
359	332
359	345
359	418
359	424
359	425
360	103
360	127
360	200
360	209
360	234
360	335
360	338
360	343
360	358
360	367
360	385
360	397
361	4
361	36
361	48
361	195
361	240
361	242
361	336
361	376
361	383
361	398
361	404
361	435
362	6
362	89
362	111
362	175
362	202
362	219
362	271
362	286
362	311
362	344
362	364
362	379
363	110
363	124
363	155
363	193
363	283
363	308
363	330
363	347
363	381
363	388
363	392
363	393
364	89
364	106
364	175
364	202
364	219
364	237
364	271
364	286
364	311
364	344
364	362
364	379
365	257
365	350
365	378
365	384
365	389
365	390
365	417
365	422
365	423
365	426
365	431
365	433
366	253
366	297
366	312
366	357
366	368
366	370
366	380
366	401
366	410
366	412
366	420
366	430
367	127
367	200
367	209
367	214
367	234
367	335
367	338
367	343
367	358
367	360
367	385
367	397
368	25
368	133
368	253
368	312
368	357
368	366
368	370
368	401
368	410
368	412
368	420
368	430
369	17
369	28
369	32
369	105
369	118
369	138
369	145
369	262
369	266
369	304
369	371
369	382
370	51
370	267
370	297
370	357
370	366
370	368
370	380
370	401
370	410
370	412
370	420
370	430
371	17
371	31
371	105
371	118
371	138
371	145
371	178
371	262
371	266
371	304
371	369
371	382
372	190
372	244
372	250
372	340
372	346
372	353
372	386
372	395
372	403
372	405
372	416
372	419
373	288
373	349
373	391
373	406
373	446
373	456
373	458
373	460
373	463
373	469
373	473
373	479
374	489
374	490
374	491
374	492
374	493
374	494
374	495
374	496
374	497
374	498
374	499
374	500
375	231
375	243
375	285
375	325
375	356
375	400
375	436
375	437
375	447
375	449
375	455
375	459
376	60
376	72
376	158
376	195
376	240
376	242
376	361
376	377
376	383
376	398
376	404
376	435
377	11
377	36
377	72
377	158
377	195
377	240
377	242
377	336
377	376
377	383
377	398
377	404
377	435
378	119
378	249
378	350
378	365
378	384
378	389
378	390
378	417
378	422
378	423
378	426
378	431
378	433
379	6
379	89
379	106
379	111
379	175
379	202
379	219
379	271
379	286
379	311
379	344
379	362
379	364
380	133
380	163
380	267
380	297
380	312
380	357
380	366
380	370
380	401
380	410
380	412
380	420
380	430
381	110
381	124
381	155
381	193
381	283
381	308
381	330
381	341
381	347
381	363
381	388
381	392
381	393
382	17
382	28
382	31
382	32
382	105
382	138
382	145
382	178
382	262
382	266
382	304
382	369
382	371
383	4
383	60
383	158
383	195
383	240
383	242
383	336
383	361
383	376
383	377
383	398
383	404
383	435
384	151
384	257
384	350
384	365
384	378
384	389
384	390
384	417
384	422
384	423
384	426
384	431
384	433
385	103
385	114
385	127
385	200
385	209
385	214
385	335
385	338
385	343
385	358
385	360
385	367
385	397
386	99
386	113
386	142
386	190
386	244
386	340
386	346
386	353
386	372
386	395
386	403
386	405
386	416
386	419
387	342
387	349
387	354
387	406
387	407
387	434
387	446
387	456
387	458
387	460
387	463
387	469
387	473
387	479
388	110
388	124
388	132
388	155
388	193
388	283
388	308
388	330
388	341
388	347
388	363
388	381
388	392
388	393
389	151
389	233
389	257
389	350
389	365
389	378
389	384
389	390
389	417
389	422
389	423
389	426
389	431
389	433
390	233
390	249
390	257
390	350
390	365
390	378
390	384
390	389
390	417
390	422
390	423
390	426
390	431
390	433
391	342
391	348
391	349
391	373
391	407
391	434
391	446
391	456
391	458
391	460
391	463
391	469
391	473
391	479
392	110
392	124
392	132
392	155
392	193
392	283
392	308
392	330
392	341
392	347
392	363
392	381
392	388
392	393
393	110
393	124
393	132
393	155
393	193
393	283
393	308
393	330
393	341
393	347
393	363
393	381
393	388
393	392
394	486
394	487
394	489
394	490
394	491
394	492
394	493
394	494
394	495
394	496
394	497
394	498
394	499
394	500
395	57
395	113
395	142
395	244
395	250
395	340
395	346
395	353
395	372
395	386
395	403
395	405
395	416
395	419
396	236
396	270
396	322
396	355
396	402
396	421
396	432
396	438
396	442
396	453
396	464
396	474
396	475
396	476
397	103
397	114
397	127
397	200
397	209
397	214
397	234
397	335
397	338
397	343
397	358
397	360
397	367
397	385
398	11
398	36
398	60
398	72
398	158
398	195
398	240
398	242
398	336
398	361
398	376
398	377
398	383
398	404
398	435
399	215
399	289
399	408
399	413
399	414
399	428
399	440
399	445
399	450
399	451
399	462
399	465
399	468
399	471
399	484
400	125
400	144
400	231
400	243
400	263
400	285
400	325
400	356
400	375
400	436
400	437
400	447
400	449
400	455
400	459
401	25
401	51
401	133
401	163
401	297
401	312
401	357
401	366
401	368
401	370
401	380
401	410
401	412
401	420
401	430
402	302
402	317
402	322
402	352
402	396
402	411
402	421
402	432
402	438
402	442
402	453
402	464
402	474
402	475
402	476
403	57
403	99
403	142
403	190
403	244
403	250
403	340
403	346
403	353
403	372
403	386
403	395
403	405
403	416
403	419
404	4
404	11
404	48
404	72
404	158
404	195
404	240
404	242
404	336
404	361
404	376
404	377
404	383
404	398
404	435
405	57
405	113
405	142
405	190
405	244
405	250
405	340
405	346
405	353
405	372
405	386
405	395
405	403
405	416
405	419
406	140
406	156
406	334
406	373
406	387
406	407
406	434
406	446
406	456
406	458
406	460
406	463
406	469
406	473
406	479
407	334
407	342
407	348
407	354
407	387
407	391
407	406
407	446
407	456
407	458
407	460
407	463
407	469
407	473
407	479
408	252
408	289
408	399
408	415
408	429
408	439
408	440
408	445
408	450
408	451
408	462
408	465
408	468
408	471
408	484
409	236
409	293
409	296
409	317
409	322
409	352
409	421
409	432
409	438
409	442
409	453
409	464
409	474
409	475
409	476
410	25
410	51
410	163
410	267
410	297
410	312
410	357
410	366
410	368
410	370
410	380
410	401
410	412
410	420
410	430
411	270
411	290
411	293
411	296
411	302
411	317
411	352
411	355
411	402
411	432
411	438
411	442
411	453
411	464
411	475
412	51
412	163
412	253
412	267
412	297
412	312
412	357
412	366
412	368
412	370
412	380
412	401
412	410
412	420
412	430
413	26
413	399
413	414
413	415
413	428
413	429
413	439
413	440
413	445
413	450
413	451
413	462
413	465
413	468
413	471
413	484
414	252
414	289
414	399
414	413
414	415
414	428
414	429
414	440
414	445
414	450
414	451
414	462
414	465
414	468
414	471
414	484
415	9
415	408
415	413
415	414
415	428
415	429
415	439
415	440
415	445
415	450
415	451
415	462
415	465
415	468
415	471
415	484
416	57
416	99
416	113
416	142
416	190
416	244
416	250
416	340
416	346
416	353
416	372
416	386
416	395
416	403
416	405
416	419
417	119
417	167
417	233
417	249
417	257
417	350
417	365
417	378
417	384
417	389
417	390
417	422
417	423
417	426
417	431
417	433
418	5
418	39
418	42
418	46
418	120
418	164
418	192
418	230
418	291
418	328
418	331
418	332
418	345
418	359
418	424
418	425
419	57
419	99
419	113
419	142
419	190
419	244
419	250
419	340
419	346
419	353
419	372
419	386
419	395
419	403
419	405
419	416
420	25
420	133
420	163
420	253
420	267
420	297
420	312
420	357
420	366
420	368
420	370
420	380
420	401
420	410
420	412
420	430
421	236
421	255
421	296
421	302
421	352
421	355
421	396
421	402
421	409
421	432
421	438
421	453
421	464
421	474
421	475
421	476
422	119
422	151
422	167
422	233
422	249
422	350
422	365
422	378
422	384
422	389
422	390
422	417
422	423
422	426
422	431
422	433
423	119
423	167
423	174
423	233
423	249
423	350
423	365
423	378
423	384
423	389
423	390
423	417
423	422
423	426
423	431
423	433
424	5
424	39
424	42
424	46
424	120
424	164
424	192
424	230
424	291
424	328
424	331
424	332
424	345
424	359
424	418
424	425
425	5
425	39
425	42
425	46
425	120
425	164
425	192
425	230
425	291
425	328
425	331
425	332
425	345
425	359
425	418
425	424
426	151
426	167
426	233
426	249
426	257
426	350
426	365
426	378
426	384
426	389
426	390
426	417
426	422
426	423
426	431
426	433
427	212
427	220
427	256
427	292
427	337
427	339
427	441
427	444
427	452
427	454
427	466
427	467
427	481
427	483
427	485
427	488
428	210
428	306
428	399
428	413
428	414
428	415
428	429
428	439
428	440
428	445
428	450
428	451
428	462
428	465
428	468
428	471
428	484
429	252
429	306
429	408
429	413
429	414
429	415
429	428
429	439
429	440
429	445
429	450
429	451
429	462
429	465
429	468
429	471
429	484
430	25
430	51
430	133
430	163
430	253
430	267
430	297
430	312
430	357
430	366
430	368
430	370
430	380
430	401
430	410
430	412
430	420
431	119
431	151
431	167
431	233
431	249
431	257
431	350
431	365
431	378
431	384
431	389
431	390
431	417
431	422
431	423
431	426
431	433
432	290
432	296
432	322
432	352
432	355
432	396
432	402
432	409
432	411
432	421
432	438
432	442
432	453
432	464
432	474
432	475
432	476
433	119
433	151
433	167
433	233
433	249
433	257
433	350
433	365
433	378
433	384
433	389
433	390
433	417
433	422
433	423
433	426
433	431
434	156
434	288
434	334
434	342
434	348
434	354
434	387
434	391
434	406
434	446
434	456
434	458
434	460
434	463
434	469
434	473
434	479
435	4
435	11
435	36
435	48
435	60
435	72
435	158
435	195
435	240
435	242
435	336
435	361
435	376
435	377
435	383
435	398
435	404
436	73
436	104
436	144
436	229
436	231
436	243
436	263
436	285
436	325
436	356
436	375
436	400
436	437
436	447
436	449
436	455
436	459
437	73
437	80
437	104
437	229
437	231
437	243
437	263
437	285
437	325
437	356
437	375
437	400
437	436
437	447
437	449
437	455
437	459
438	53
438	255
438	290
438	302
438	317
438	355
438	396
438	402
438	409
438	411
438	421
438	432
438	453
438	464
438	474
438	475
438	476
439	19
439	215
439	252
439	306
439	408
439	413
439	415
439	428
439	429
439	440
439	445
439	450
439	451
439	462
439	465
439	468
439	471
439	484
440	210
440	252
440	399
440	408
440	413
440	414
440	415
440	428
440	429
440	439
440	445
440	450
440	451
440	462
440	465
440	468
440	471
440	484
441	43
441	212
441	220
441	292
441	299
441	315
441	337
441	339
441	427
441	444
441	452
441	454
441	466
441	467
441	481
441	483
441	485
441	488
442	236
442	255
442	270
442	293
442	296
442	302
442	317
442	322
442	355
442	396
442	402
442	409
442	411
442	432
442	464
442	474
442	475
442	476
443	477
443	478
443	480
443	482
443	486
443	487
443	489
443	490
443	491
443	492
443	493
443	494
443	495
443	496
443	497
443	498
443	499
443	500
444	64
444	220
444	256
444	292
444	299
444	315
444	337
444	339
444	427
444	441
444	452
444	454
444	466
444	467
444	481
444	483
444	485
444	488
445	252
445	306
445	399
445	408
445	413
445	414
445	415
445	428
445	429
445	439
445	440
445	450
445	451
445	462
445	465
445	468
445	471
445	484
446	235
446	334
446	342
446	348
446	349
446	354
446	373
446	387
446	391
446	406
446	407
446	434
446	456
446	458
446	460
446	463
446	469
446	473
446	479
447	58
447	73
447	80
447	125
447	144
447	229
447	231
447	243
447	263
447	285
447	325
447	356
447	375
447	400
447	436
447	437
447	449
447	455
447	459
448	472
448	477
448	478
448	480
448	482
448	486
448	487
448	489
448	490
448	491
448	492
448	493
448	494
448	495
448	496
448	497
448	498
448	499
448	500
449	58
449	80
449	104
449	125
449	144
449	229
449	231
449	243
449	263
449	285
449	325
449	356
449	375
449	400
449	436
449	437
449	447
449	455
449	459
450	26
450	210
450	289
450	399
450	408
450	413
450	414
450	415
450	428
450	429
450	439
450	440
450	445
450	451
450	462
450	465
450	468
450	471
450	484
451	9
451	215
451	306
451	399
451	408
451	413
451	414
451	415
451	428
451	429
451	439
451	440
451	445
451	450
451	462
451	465
451	468
451	471
451	484
452	66
452	128
452	154
452	212
452	292
452	299
452	315
452	337
452	339
452	427
452	441
452	444
452	454
452	466
452	467
452	481
452	483
452	485
452	488
453	53
453	255
453	270
453	290
453	293
453	302
453	352
453	355
453	396
453	402
453	409
453	411
453	421
453	432
453	438
453	464
453	474
453	475
453	476
454	8
454	109
454	154
454	206
454	256
454	299
454	315
454	337
454	339
454	427
454	441
454	444
454	452
454	466
454	467
454	481
454	483
454	485
454	488
455	58
455	73
455	80
455	104
455	125
455	144
455	229
455	231
455	243
455	263
455	285
455	325
455	356
455	375
455	400
455	436
455	437
455	447
455	449
455	459
456	235
456	288
456	334
456	342
456	348
456	349
456	354
456	373
456	387
456	391
456	406
456	407
456	434
456	446
456	458
456	460
456	463
456	469
456	473
456	479
457	470
457	472
457	477
457	478
457	480
457	482
457	486
457	487
457	489
457	490
457	491
457	492
457	493
457	494
457	495
457	496
457	497
457	498
457	499
457	500
458	140
458	156
458	235
458	288
458	342
458	348
458	349
458	354
458	373
458	387
458	391
458	406
458	407
458	434
458	446
458	456
458	460
458	463
458	473
458	479
459	58
459	73
459	80
459	104
459	125
459	144
459	229
459	231
459	243
459	263
459	285
459	325
459	356
459	375
459	400
459	436
459	437
459	447
459	449
459	455
460	54
460	156
460	235
460	288
460	334
460	342
460	349
460	354
460	373
460	387
460	391
460	406
460	407
460	434
460	446
460	456
460	458
460	463
460	469
460	473
460	479
461	470
461	472
461	477
461	478
461	480
461	482
461	486
461	487
461	489
461	490
461	491
461	492
461	493
461	494
461	495
461	496
461	497
461	498
461	499
461	500
462	9
462	210
462	215
462	289
462	306
462	399
462	408
462	413
462	414
462	415
462	428
462	429
462	439
462	440
462	445
462	450
462	451
462	465
462	468
462	471
462	484
463	54
463	137
463	235
463	288
463	334
463	348
463	349
463	354
463	373
463	387
463	391
463	406
463	407
463	434
463	446
463	456
463	458
463	460
463	469
463	473
463	479
464	53
464	255
464	270
464	290
464	293
464	296
464	302
464	322
464	352
464	396
464	402
464	409
464	411
464	421
464	432
464	438
464	442
464	453
464	474
464	475
464	476
465	19
465	26
465	210
465	289
465	306
465	399
465	408
465	413
465	414
465	415
465	428
465	429
465	439
465	440
465	445
465	450
465	451
465	462
465	468
465	471
465	484
466	43
466	109
466	154
466	206
466	220
466	256
466	292
466	299
466	315
466	337
466	339
466	427
466	441
466	444
466	452
466	454
466	467
466	481
466	483
466	485
466	488
467	64
467	66
467	109
467	128
467	154
467	206
467	292
467	299
467	315
467	337
467	339
467	427
467	441
467	444
467	452
467	454
467	466
467	481
467	483
467	485
467	488
468	19
468	26
468	210
468	215
468	289
468	306
468	399
468	408
468	413
468	414
468	415
468	428
468	429
468	439
468	440
468	445
468	450
468	451
468	462
468	465
468	471
468	484
469	54
469	140
469	156
469	235
469	288
469	334
469	342
469	348
469	349
469	354
469	373
469	387
469	391
469	406
469	407
469	434
469	446
469	456
469	460
469	463
469	473
469	479
470	457
470	461
470	472
470	477
470	478
470	480
470	482
470	486
470	487
470	489
470	490
470	491
470	492
470	493
470	494
470	495
470	496
470	497
470	498
470	499
470	500
471	9
471	19
471	215
471	252
471	289
471	306
471	399
471	408
471	413
471	414
471	415
471	428
471	429
471	439
471	440
471	445
471	450
471	451
471	462
471	465
471	468
471	484
472	448
472	457
472	461
472	470
472	477
472	478
472	480
472	482
472	486
472	487
472	489
472	490
472	491
472	492
472	493
472	494
472	495
472	496
472	497
472	498
472	499
472	500
473	54
473	140
473	235
473	288
473	334
473	342
473	348
473	349
473	354
473	373
473	387
473	391
473	406
473	407
473	434
473	446
473	456
473	458
473	460
473	463
473	469
473	479
474	53
474	236
474	255
474	270
474	290
474	293
474	296
474	317
474	322
474	352
474	355
474	396
474	402
474	409
474	421
474	432
474	438
474	442
474	453
474	464
474	475
474	476
475	236
475	255
475	270
475	290
475	293
475	296
475	302
475	317
475	322
475	352
475	355
475	396
475	402
475	409
475	411
475	421
475	432
475	438
475	442
475	453
475	464
475	474
475	476
476	53
476	236
476	255
476	270
476	290
476	293
476	296
476	302
476	317
476	322
476	352
476	355
476	396
476	402
476	409
476	421
476	432
476	438
476	442
476	453
476	464
476	474
476	475
477	443
477	448
477	457
477	461
477	470
477	472
477	478
477	480
477	482
477	486
477	487
477	489
477	490
477	491
477	492
477	493
477	494
477	495
477	496
477	497
477	498
477	499
477	500
478	443
478	448
478	457
478	461
478	470
478	472
478	477
478	480
478	482
478	486
478	487
478	489
478	490
478	491
478	492
478	493
478	494
478	495
478	496
478	497
478	498
478	499
478	500
479	54
479	140
479	156
479	235
479	288
479	334
479	342
479	348
479	349
479	354
479	373
479	387
479	391
479	406
479	407
479	434
479	446
479	456
479	458
479	460
479	463
479	469
479	473
480	443
480	448
480	457
480	461
480	470
480	472
480	477
480	478
480	482
480	486
480	487
480	489
480	490
480	491
480	492
480	493
480	494
480	495
480	496
480	497
480	498
480	499
480	500
481	8
481	66
481	128
481	154
481	206
481	212
481	220
481	256
481	292
481	299
481	315
481	337
481	339
481	427
481	441
481	444
481	452
481	454
481	466
481	467
481	483
481	485
481	488
482	443
482	448
482	457
482	461
482	470
482	472
482	477
482	478
482	480
482	486
482	487
482	489
482	490
482	491
482	492
482	493
482	494
482	495
482	496
482	497
482	498
482	499
482	500
483	8
483	43
483	64
483	66
483	109
483	128
483	206
483	212
483	220
483	256
483	299
483	315
483	337
483	339
483	427
483	441
483	444
483	452
483	454
483	466
483	467
483	481
483	485
483	488
484	9
484	19
484	26
484	210
484	215
484	252
484	289
484	306
484	399
484	408
484	413
484	414
484	415
484	428
484	429
484	439
484	440
484	445
484	450
484	451
484	462
484	465
484	468
484	471
485	8
485	43
485	64
485	109
485	128
485	154
485	206
485	212
485	220
485	256
485	292
485	299
485	315
485	337
485	339
485	427
485	441
485	444
485	452
485	454
485	466
485	467
485	481
485	483
485	488
486	394
486	443
486	448
486	457
486	461
486	470
486	472
486	477
486	478
486	480
486	482
486	487
486	489
486	490
486	491
486	492
486	493
486	494
486	495
486	496
486	497
486	498
486	499
486	500
487	394
487	443
487	448
487	457
487	461
487	470
487	472
487	477
487	478
487	480
487	482
487	486
487	489
487	490
487	491
487	492
487	493
487	494
487	495
487	496
487	497
487	498
487	499
487	500
488	8
488	43
488	64
488	66
488	109
488	128
488	206
488	212
488	220
488	256
488	292
488	299
488	315
488	337
488	339
488	427
488	441
488	444
488	452
488	454
488	466
488	467
488	481
488	483
488	485
489	374
489	394
489	443
489	448
489	457
489	461
489	470
489	472
489	477
489	478
489	480
489	482
489	486
489	487
489	490
489	491
489	492
489	493
489	494
489	495
489	496
489	497
489	498
489	499
489	500
490	374
490	394
490	443
490	448
490	457
490	461
490	470
490	472
490	477
490	478
490	480
490	482
490	486
490	487
490	489
490	491
490	492
490	493
490	494
490	495
490	496
490	497
490	498
490	499
490	500
491	374
491	394
491	443
491	448
491	457
491	461
491	470
491	472
491	477
491	478
491	480
491	482
491	486
491	487
491	489
491	490
491	492
491	493
491	494
491	495
491	496
491	497
491	498
491	499
491	500
492	374
492	394
492	443
492	448
492	457
492	461
492	470
492	472
492	477
492	478
492	480
492	482
492	486
492	487
492	489
492	490
492	491
492	493
492	494
492	495
492	496
492	497
492	498
492	499
492	500
493	374
493	394
493	443
493	448
493	457
493	461
493	470
493	472
493	477
493	478
493	480
493	482
493	486
493	487
493	489
493	490
493	491
493	492
493	494
493	495
493	496
493	497
493	498
493	499
493	500
494	86
494	197
494	374
494	394
494	443
494	448
494	457
494	461
494	470
494	472
494	477
494	478
494	480
494	482
494	486
494	487
494	489
494	490
494	491
494	492
494	493
494	495
494	496
494	497
494	498
494	499
494	500
495	69
495	91
495	150
495	197
495	374
495	394
495	443
495	448
495	457
495	461
495	470
495	472
495	477
495	478
495	480
495	482
495	486
495	487
495	489
495	490
495	491
495	492
495	493
495	494
495	496
495	497
495	498
495	499
495	500
496	69
496	86
496	150
496	197
496	374
496	394
496	443
496	448
496	457
496	461
496	470
496	472
496	477
496	478
496	480
496	482
496	486
496	487
496	489
496	490
496	491
496	492
496	493
496	494
496	495
496	497
496	498
496	499
496	500
497	86
497	91
497	150
497	197
497	374
497	394
497	443
497	448
497	457
497	461
497	470
497	472
497	477
497	478
497	480
497	482
497	486
497	487
497	489
497	490
497	491
497	492
497	493
497	494
497	495
497	496
497	498
497	499
497	500
498	69
498	91
498	150
498	197
498	374
498	394
498	443
498	448
498	457
498	461
498	470
498	472
498	477
498	478
498	480
498	482
498	486
498	487
498	489
498	490
498	491
498	492
498	493
498	494
498	495
498	496
498	497
498	499
498	500
499	69
499	86
499	91
499	150
499	197
499	374
499	394
499	443
499	448
499	457
499	461
499	470
499	472
499	477
499	478
499	480
499	482
499	486
499	487
499	489
499	490
499	491
499	492
499	493
499	494
499	495
499	496
499	497
499	498
499	500
500	69
500	86
500	91
500	150
500	197
500	374
500	394
500	443
500	448
500	457
500	461
500	470
500	472
500	477
500	478
500	480
500	482
500	486
500	487
500	489
500	490
500	491
500	492
500	493
500	494
500	495
500	496
500	497
500	498
500	499
