1	266
1	330
1	367
1	371
1	403
2	389
2	391
2	398
2	410
2	415
3	105
3	109
3	166
3	168
3	206
4	283
4	391
4	393
4	410
4	415
5	452
5	462
5	463
5	465
5	471
6	15
6	43
6	65
6	122
6	429
7	34
7	69
7	97
7	191
7	260
8	19
8	173
8	214
8	240
8	277
9	185
9	213
9	313
9	342
9	343
10	94
10	117
10	176
10	284
10	302
11	159
11	166
11	174
11	186
11	227
12	56
12	274
12	315
12	320
12	323
13	254
13	353
13	369
13	370
13	478
14	241
14	313
14	342
14	343
14	469
15	6
15	43
15	65
15	122
15	494
16	142
16	288
16	329
16	332
16	341
17	246
17	247
17	290
17	310
17	354
18	413
18	418
18	434
18	435
18	436
19	8
19	169
19	214
19	240
19	277
20	118
20	119
20	138
20	224
20	439
21	74
21	159
21	174
21	186
21	227
22	324
22	361
22	371
22	386
22	403
23	152
23	177
23	212
23	249
23	320
24	118
24	138
24	198
24	224
25	394
25	406
25	412
25	420
25	426
26	433
26	443
26	445
26	449
26	453
27	338
27	346
27	351
27	358
27	373
28	38
28	178
28	183
28	229
28	238
29	319
29	321
29	355
29	360
29	388
30	112
30	152
30	177
30	212
30	498
31	365
31	378
31	382
31	385
31	399
32	153
32	243
32	300
32	307
32	333
33	223
33	236
33	301
33	351
33	358
34	7
34	49
34	97
34	127
34	180
35	247
35	290
35	310
35	336
35	409
36	256
36	319
36	321
36	360
36	388
37	81
37	105
37	109
37	168
37	206
38	28
38	53
38	146
38	183
38	238
39	239
39	242
39	349
39	362
39	374
40	459
40	462
40	463
40	465
40	471
41	419
41	441
41	442
41	448
41	456
42	88
42	222
42	232
42	248
42	481
43	6
43	15
43	65
43	66
43	122
44	331
44	394
44	406
44	420
44	426
45	100
45	205
45	228
45	265
45	297
46	161
46	187
46	315
46	320
46	323
47	118
47	119
47	138
47	198
47	224
48	225
48	241
48	313
48	342
48	343
49	34
49	69
49	127
49	180
49	260
50	452
50	459
50	463
50	465
50	471
51	365
51	378
51	382
51	385
51	399
52	216
52	301
52	338
52	358
52	373
53	38
53	76
53	183
53	229
53	238
54	272
54	291
54	292
54	345
54	356
55	147
55	189
55	208
55	245
55	276
56	12
56	274
56	315
56	320
56	323
57	407
57	423
57	445
57	449
57	453
58	85
58	134
58	153
58	307
58	333
59	88
59	113
59	222
59	232
59	248
60	413
60	418
60	435
60	436
60	492
61	65
61	252
61	259
61	349
61	374
62	132
62	234
62	279
62	305
62	344
63	111
63	176
63	195
63	302
63	468
64	131
64	246
64	310
64	336
64	354
65	6
65	15
65	43
65	61
65	122
66	43
66	131
66	247
66	290
66	354
67	155
67	334
67	394
67	412
67	426
68	92
68	135
68	234
68	305
68	344
69	7
69	49
69	127
69	191
69	260
70	114
70	349
70	357
70	362
70	381
71	73
71	162
71	210
71	280
71	311
72	303
72	327
72	352
72	389
72	390
73	71
73	162
73	280
73	311
73	420
74	21
74	159
74	166
74	186
74	227
75	469
75	470
75	477
75	478
75	480
76	53
76	178
76	183
76	229
76	238
77	189
77	192
77	208
77	245
77	276
78	262
78	306
78	318
78	363
78	485
79	113
79	128
79	222
79	232
79	248
80	350
80	418
80	434
80	435
80	436
81	37
81	109
81	168
81	184
81	206
82	239
82	259
82	362
82	374
82	381
83	283
83	303
83	352
83	389
83	390
84	480
84	496
84	497
84	498
84	500
85	58
85	134
85	154
85	300
85	333
86	189
86	192
86	208
86	245
86	276
87	196
87	247
87	290
87	336
87	354
88	42
88	59
88	113
88	232
88	248
89	339
89	378
89	382
89	385
89	399
90	324
90	361
90	367
90	386
90	403
91	416
91	417
91	437
91	448
91	456
92	68
92	135
92	194
92	305
92	344
93	380
93	396
93	398
93	410
93	415
94	10
94	115
94	284
94	302
94	354
95	337
95	406
95	420
95	426
95	437
96	132
96	135
96	279
96	305
96	344
97	7
97	34
97	180
97	191
97	260
98	207
98	255
98	288
98	329
98	332
99	249
99	252
99	349
99	362
99	381
100	45
100	163
100	188
100	265
100	297
101	364
101	413
101	434
101	435
101	436
102	204
102	321
102	355
102	360
102	388
103	211
103	303
103	352
103	389
103	390
104	285
104	306
104	318
104	363
104	458
105	3
105	37
105	168
105	184
105	206
106	416
106	437
106	442
106	448
106	456
107	253
107	321
107	355
107	360
107	388
108	285
108	298
108	306
108	318
108	363
109	3
109	37
109	81
109	184
109	206
110	239
110	242
110	357
110	362
110	381
111	63
111	117
111	176
111	284
111	302
112	30
112	124
112	212
112	249
112	487
113	59
113	79
113	88
113	228
113	232
114	70
114	349
114	357
114	374
114	381
115	94
115	195
115	284
115	302
115	375
116	160
116	170
116	210
116	280
116	311
117	10
117	111
117	195
117	284
117	302
118	20
118	24
118	47
118	198
118	224
119	20
119	47
119	138
119	198
119	224
120	156
120	201
120	219
120	251
120	273
121	283
121	303
121	327
121	389
121	390
122	6
122	15
122	43
122	65
122	485
123	160
123	162
123	170
123	210
123	311
124	112
124	152
124	177
124	212
124	249
125	254
125	282
125	353
125	369
125	370
126	255
126	288
126	329
126	332
126	341
127	34
127	49
127	69
127	180
127	260
128	79
128	222
128	232
128	242
128	248
129	325
129	330
129	371
129	386
129	403
130	303
130	327
130	389
130	390
130	427
131	64
131	66
131	246
131	336
131	354
132	62
132	96
132	194
132	234
132	305
133	258
133	271
133	272
133	345
133	356
134	58
134	85
134	243
134	307
134	333
135	68
135	92
135	96
135	233
135	344
136	359
136	413
136	418
136	434
136	435
136	436
137	304
137	437
137	441
137	442
137	448
137	456
138	20
138	24
138	47
138	119
138	198
138	224
139	204
139	253
139	256
139	319
139	355
139	388
140	142
140	207
140	255
140	329
140	332
140	341
141	469
141	470
141	474
141	477
141	478
141	480
142	16
142	140
142	288
142	329
142	332
142	341
143	255
143	288
143	329
143	332
143	341
143	483
144	231
144	282
144	293
144	353
144	369
144	370
145	156
145	182
145	193
145	219
145	251
145	273
146	38
146	178
146	183
146	229
146	238
146	302
147	55
147	163
147	188
147	205
147	265
147	297
148	308
148	348
148	394
148	412
148	420
148	426
149	380
149	391
149	393
149	398
149	410
149	415
150	282
150	293
150	353
150	369
150	370
150	490
151	208
151	275
151	285
151	298
151	306
151	363
152	23
152	30
152	124
152	177
152	212
152	249
153	32
153	58
153	230
153	300
153	307
153	333
154	85
154	230
154	243
154	300
154	307
154	333
155	67
155	334
155	394
155	412
155	420
155	426
156	120
156	145
156	182
156	201
156	251
156	273
157	283
157	327
157	352
157	389
157	390
157	475
158	169
158	173
158	214
158	240
158	277
158	443
159	11
159	21
159	74
159	174
159	227
159	284
160	116
160	123
160	170
160	280
160	311
160	472
161	46
161	235
161	274
161	315
161	320
161	323
162	71
162	73
162	123
162	210
162	280
162	311
163	100
163	147
163	228
163	265
163	297
163	456
164	377
164	392
164	395
164	404
164	411
164	425
165	428
165	430
165	443
165	445
165	449
165	453
166	3
166	11
166	74
166	174
166	186
166	227
167	317
167	365
167	378
167	382
167	385
167	399
168	3
168	37
168	81
168	105
168	184
168	206
169	19
169	158
169	173
169	214
169	240
169	277
170	116
170	123
170	160
170	210
170	280
170	311
171	380
171	391
171	393
171	410
171	415
171	451
172	258
172	271
172	291
172	292
172	345
172	356
173	8
173	158
173	169
173	214
173	240
173	277
174	11
174	21
174	159
174	166
174	186
174	227
175	262
175	275
175	285
175	318
175	363
175	476
176	10
176	63
176	111
176	195
176	284
176	302
177	23
177	30
177	124
177	152
177	212
177	249
178	28
178	76
178	146
178	183
178	229
178	238
179	187
179	235
179	274
179	315
179	320
179	323
180	34
180	49
180	97
180	127
180	191
180	260
181	223
181	236
181	346
181	358
181	373
181	447
182	145
182	156
182	193
182	219
182	251
182	273
183	28
183	38
183	53
183	76
183	146
183	178
184	81
184	105
184	109
184	168
184	206
184	388
185	9
185	213
185	215
185	313
185	342
185	343
186	11
186	21
186	74
186	166
186	174
186	227
187	46
187	179
187	235
187	315
187	320
187	323
188	100
188	147
188	205
188	228
188	265
188	297
189	55
189	77
189	86
189	192
189	245
189	276
190	377
190	392
190	401
190	404
190	411
190	425
191	7
191	69
191	97
191	180
191	260
191	337
192	77
192	86
192	189
192	208
192	245
192	276
193	145
193	182
193	201
193	219
193	251
193	273
194	92
194	132
194	233
194	279
194	305
194	344
195	63
195	115
195	117
195	176
195	284
195	302
196	87
196	246
196	290
196	310
196	336
196	354
197	309
197	351
197	375
197	395
197	401
197	425
198	24
198	47
198	118
198	119
198	138
198	224
199	325
199	330
199	361
199	371
199	386
199	403
200	237
200	334
200	348
200	406
200	420
200	426
201	120
201	156
201	193
201	219
201	251
201	273
202	324
202	361
202	367
202	371
202	386
202	403
203	459
203	460
203	462
203	463
203	465
203	471
204	102
204	139
204	319
204	321
204	355
204	360
204	388
205	45
205	147
205	188
205	228
205	265
205	297
205	458
206	3
206	37
206	81
206	105
206	109
206	168
206	184
207	98
207	140
207	255
207	288
207	329
207	332
207	341
208	55
208	77
208	86
208	151
208	192
208	245
208	276
209	387
209	423
209	428
209	443
209	445
209	449
209	453
210	71
210	116
210	123
210	162
210	170
210	280
210	311
211	103
211	283
211	303
211	327
211	352
211	389
211	390
212	23
212	30
212	112
212	124
212	152
212	177
212	249
213	9
213	185
213	215
213	225
213	313
213	342
213	343
214	8
214	19
214	158
214	169
214	173
214	240
214	277
215	185
215	213
215	225
215	241
215	313
215	342
215	343
216	52
216	270
216	301
216	338
216	346
216	358
216	373
217	341
217	422
217	430
217	443
217	445
217	449
217	453
218	258
218	261
218	268
218	271
218	292
218	345
218	356
219	120
219	145
219	182
219	193
219	201
219	251
219	273
220	231
220	282
220	293
220	353
220	369
220	370
220	486
221	316
221	364
221	413
221	418
221	434
221	435
221	436
222	42
222	59
222	79
222	128
222	232
222	248
222	457
223	33
223	181
223	270
223	338
223	346
223	351
223	493
224	20
224	24
224	47
224	118
224	119
224	138
224	198
225	48
225	213
225	215
225	313
225	342
225	343
225	473
226	368
226	376
226	419
226	437
226	441
226	448
226	456
227	11
227	21
227	74
227	159
227	166
227	174
227	186
228	45
228	113
228	163
228	188
228	205
228	265
228	297
229	28
229	53
229	76
229	146
229	178
229	238
229	473
230	153
230	154
230	243
230	300
230	307
230	333
230	484
231	144
231	220
231	254
231	293
231	353
231	369
231	370
232	42
232	59
232	79
232	88
232	113
232	128
232	222
233	135
233	194
233	234
233	279
233	305
233	310
233	344
234	62
234	68
234	132
234	233
234	279
234	305
234	344
235	161
235	179
235	187
235	274
235	315
235	320
235	323
236	33
236	181
236	301
236	338
236	346
236	351
236	373
237	200
237	308
237	337
237	406
237	412
237	420
237	426
238	28
238	38
238	53
238	76
238	146
238	178
238	229
239	39
239	82
239	110
239	259
239	349
239	357
239	381
240	8
240	19
240	158
240	169
240	173
240	214
240	277
241	14
241	48
241	215
241	307
241	313
241	342
241	343
242	39
242	110
242	128
242	357
242	362
242	374
242	381
243	32
243	134
243	154
243	230
243	300
243	307
243	333
244	491
244	493
244	494
244	495
244	496
244	499
244	500
245	55
245	77
245	86
245	189
245	192
245	208
245	276
246	17
246	64
246	131
246	196
246	310
246	336
246	354
247	17
247	35
247	66
247	87
247	310
247	336
247	354
248	42
248	59
248	79
248	88
248	128
248	222
248	350
249	23
249	99
249	112
249	124
249	152
249	177
249	212
249	463
250	252
250	368
250	376
250	437
250	441
250	442
250	448
250	456
251	120
251	145
251	156
251	182
251	193
251	201
251	219
251	273
252	61
252	99
252	250
252	259
252	357
252	362
252	374
252	381
253	107
253	139
253	256
253	319
253	321
253	355
253	360
253	388
254	13
254	125
254	231
254	282
254	293
254	353
254	369
254	370
255	98
255	126
255	140
255	143
255	207
255	329
255	332
255	341
256	36
256	139
256	253
256	319
256	321
256	355
256	360
256	388
257	289
257	405
257	407
257	422
257	430
257	443
257	449
257	453
258	133
258	172
258	218
258	261
258	272
258	292
258	345
258	356
259	61
259	82
259	239
259	252
259	357
259	362
259	374
259	381
260	7
260	49
260	69
260	97
260	127
260	180
260	191
260	487
261	218
261	258
261	268
261	271
261	272
261	291
261	345
261	356
262	78
262	175
262	275
262	285
262	298
262	306
262	318
262	363
263	317
263	339
263	360
263	365
263	378
263	382
263	385
263	399
264	334
264	337
264	348
264	394
264	406
264	412
264	420
264	426
265	45
265	100
265	147
265	163
265	188
265	205
265	228
265	297
266	1
266	324
266	325
266	361
266	367
266	386
266	403
266	500
267	374
267	380
267	391
267	393
267	396
267	398
267	410
267	415
268	218
268	261
268	271
268	272
268	291
268	292
268	345
268	356
269	289
269	317
269	339
269	365
269	378
269	382
269	385
269	399
270	216
270	223
270	301
270	338
270	346
270	351
270	358
270	373
271	133
271	172
271	218
271	261
271	268
271	291
271	345
271	356
272	54
272	133
272	258
272	261
272	268
272	291
272	345
272	356
273	120
273	145
273	156
273	182
273	193
273	201
273	219
273	251
274	12
274	56
274	161
274	179
274	235
274	315
274	320
274	323
275	151
275	175
275	262
275	285
275	298
275	306
275	318
275	363
276	55
276	77
276	86
276	189
276	192
276	208
276	245
276	471
277	8
277	19
277	158
277	169
277	173
277	214
277	240
277	401
278	375
278	377
278	392
278	395
278	401
278	404
278	425
278	470
279	62
279	96
279	194
279	233
279	234
279	305
279	316
279	344
280	71
280	73
280	116
280	160
280	162
280	170
280	210
280	311
281	309
281	336
281	375
281	383
281	395
281	401
281	404
281	411
281	425
282	125
282	144
282	150
282	220
282	254
282	293
282	353
282	369
282	370
283	4
283	83
283	121
283	157
283	211
283	327
283	352
283	389
283	390
284	10
284	94
284	111
284	115
284	117
284	159
284	176
284	195
284	302
285	104
285	108
285	151
285	175
285	262
285	275
285	298
285	306
285	363
286	309
286	375
286	383
286	392
286	395
286	401
286	404
286	411
286	425
287	340
287	366
287	380
287	391
287	393
287	396
287	398
287	410
287	415
288	16
288	98
288	126
288	142
288	143
288	207
288	329
288	332
288	341
289	257
289	269
289	317
289	339
289	365
289	378
289	382
289	385
289	399
290	17
290	35
290	66
290	87
290	196
290	310
290	336
290	354
290	461
291	54
291	172
291	261
291	268
291	271
291	272
291	292
291	345
291	356
292	54
292	172
292	218
292	258
292	268
292	291
292	345
292	356
292	499
293	144
293	150
293	220
293	231
293	254
293	282
293	353
293	369
293	370
294	335
294	397
294	417
294	419
294	437
294	441
294	442
294	448
294	456
295	309
295	377
295	383
295	392
295	401
295	404
295	411
295	425
295	448
296	459
296	464
296	468
296	469
296	470
296	474
296	477
296	478
296	480
297	45
297	100
297	147
297	163
297	188
297	205
297	228
297	265
297	405
298	108
298	151
298	262
298	275
298	285
298	306
298	318
298	363
298	428
299	402
299	422
299	423
299	428
299	430
299	445
299	449
299	453
299	491
300	32
300	85
300	153
300	154
300	230
300	243
300	307
300	333
300	383
301	33
301	52
301	216
301	236
301	270
301	338
301	346
301	351
301	358
301	373
302	10
302	63
302	94
302	111
302	115
302	117
302	146
302	176
302	195
302	284
303	72
303	83
303	103
303	121
303	130
303	211
303	327
303	352
303	389
303	390
304	137
304	397
304	416
304	417
304	419
304	437
304	441
304	442
304	448
304	456
305	62
305	68
305	92
305	96
305	132
305	194
305	233
305	234
305	279
305	344
306	78
306	104
306	108
306	151
306	262
306	275
306	285
306	298
306	318
306	363
307	32
307	58
307	134
307	153
307	154
307	230
307	241
307	243
307	300
307	333
308	148
308	237
308	337
308	348
308	394
308	406
308	412
308	420
308	426
308	482
309	197
309	281
309	286
309	295
309	383
309	392
309	395
309	401
309	411
309	425
310	17
310	35
310	64
310	196
310	233
310	246
310	247
310	290
310	336
310	354
311	71
311	73
311	116
311	123
311	160
311	162
311	170
311	210
311	280
311	343
312	314
312	326
312	350
312	359
312	364
312	413
312	418
312	434
312	435
312	436
313	9
313	14
313	48
313	185
313	213
313	215
313	225
313	241
313	342
313	343
314	312
314	316
314	326
314	359
314	364
314	413
314	418
314	434
314	435
314	436
315	12
315	46
315	56
315	161
315	179
315	187
315	235
315	274
315	320
315	323
316	221
316	279
316	314
316	326
316	359
316	413
316	418
316	434
316	435
316	436
317	167
317	263
317	269
317	289
317	339
317	365
317	378
317	382
317	385
317	399
318	78
318	104
318	108
318	175
318	262
318	275
318	298
318	306
318	363
318	396
319	29
319	36
319	139
319	204
319	253
319	256
319	321
319	355
319	360
319	388
320	12
320	23
320	46
320	56
320	161
320	179
320	187
320	235
320	274
320	315
320	323
321	29
321	36
321	102
321	107
321	204
321	253
321	256
321	319
321	355
321	360
321	388
322	335
322	373
322	397
322	416
322	417
322	419
322	437
322	441
322	442
322	448
322	456
323	12
323	46
323	56
323	161
323	179
323	187
323	235
323	274
323	315
323	320
323	495
324	22
324	90
324	202
324	266
324	325
324	330
324	361
324	367
324	371
324	386
324	403
325	129
325	199
325	266
325	324
325	330
325	361
325	367
325	371
325	386
325	403
325	415
326	312
326	314
326	316
326	350
326	359
326	364
326	413
326	418
326	434
326	435
326	436
327	72
327	121
327	130
327	157
327	211
327	283
327	303
327	352
327	389
327	390
327	423
328	461
328	464
328	466
328	467
328	468
328	469
328	470
328	474
328	477
328	478
328	480
329	16
329	98
329	126
329	140
329	142
329	143
329	207
329	255
329	288
329	332
329	341
330	1
330	129
330	199
330	324
330	325
330	361
330	367
330	371
330	386
330	403
330	441
331	44
331	438
331	452
331	454
331	455
331	459
331	460
331	462
331	463
331	465
331	471
332	16
332	98
332	126
332	140
332	142
332	143
332	207
332	255
332	288
332	329
332	341
333	32
333	58
333	85
333	134
333	153
333	154
333	230
333	243
333	300
333	307
333	460
334	67
334	155
334	200
334	264
334	344
334	348
334	394
334	406
334	412
334	420
334	426
335	294
335	322
335	368
335	376
335	416
335	417
335	419
335	441
335	442
335	448
335	456
336	35
336	64
336	87
336	131
336	196
336	246
336	247
336	281
336	290
336	310
336	354
337	95
337	191
337	237
337	264
337	308
337	348
337	394
337	406
337	412
337	420
337	426
338	27
338	52
338	216
338	223
338	236
338	270
338	301
338	346
338	351
338	358
338	373
339	89
339	263
339	269
339	289
339	317
339	365
339	370
339	378
339	382
339	385
339	399
340	287
340	366
340	380
340	391
340	393
340	396
340	398
340	410
340	415
341	16
341	126
341	140
341	142
341	143
341	207
341	217
341	255
341	288
341	329
341	332
342	9
342	14
342	48
342	185
342	213
342	215
342	225
342	241
342	313
342	343
342	369
343	9
343	14
343	48
343	185
343	213
343	215
343	225
343	241
343	311
343	313
343	342
344	62
344	68
344	92
344	96
344	135
344	194
344	233
344	234
344	279
344	305
344	334
345	54
345	133
345	172
345	218
345	258
345	261
345	268
345	271
345	272
345	291
345	292
346	27
346	181
346	216
346	223
346	236
346	270
346	301
346	338
346	351
346	358
346	373
347	461
347	464
347	466
347	467
347	468
347	469
347	470
347	474
347	477
347	478
347	480
348	148
348	200
348	264
348	308
348	334
348	337
348	394
348	406
348	412
348	420
348	426
349	39
349	61
349	70
349	99
349	114
349	239
349	357
349	362
349	374
349	381
349	489
350	80
350	248
350	312
350	326
350	359
350	364
350	413
350	418
350	434
350	435
350	436
351	27
351	33
351	197
351	223
351	236
351	270
351	301
351	338
351	346
351	358
351	373
352	72
352	83
352	103
352	157
352	211
352	283
352	303
352	327
352	389
352	390
352	499
353	13
353	125
353	144
353	150
353	220
353	231
353	254
353	282
353	293
353	369
353	370
353	421
354	17
354	64
354	66
354	87
354	94
354	131
354	196
354	246
354	247
354	290
354	310
354	336
355	29
355	102
355	107
355	139
355	204
355	253
355	256
355	319
355	321
355	360
355	388
355	449
356	54
356	133
356	172
356	218
356	258
356	261
356	268
356	271
356	272
356	291
356	292
356	479
357	70
357	110
357	114
357	239
357	242
357	252
357	259
357	349
357	362
357	374
357	381
357	488
358	27
358	33
358	52
358	181
358	216
358	270
358	301
358	338
358	346
358	351
358	373
358	430
359	136
359	312
359	314
359	316
359	326
359	350
359	364
359	413
359	418
359	434
359	435
359	436
360	29
360	36
360	102
360	107
360	204
360	253
360	256
360	263
360	319
360	321
360	355
360	388
361	22
361	90
361	199
361	202
361	266
361	324
361	325
361	330
361	367
361	371
361	386
361	403
362	39
362	70
362	82
362	99
362	110
362	242
362	252
362	259
362	349
362	357
362	374
362	381
363	78
363	104
363	108
363	151
363	175
363	262
363	275
363	285
363	298
363	306
363	318
363	404
364	101
364	221
364	312
364	314
364	326
364	350
364	359
364	413
364	418
364	434
364	435
364	436
365	31
365	51
365	167
365	263
365	269
365	289
365	317
365	339
365	378
365	382
365	385
365	399
366	287
366	340
366	380
366	391
366	393
366	396
366	398
366	410
366	415
366	436
367	1
367	90
367	202
367	266
367	324
367	325
367	330
367	361
367	371
367	386
367	403
367	453
368	226
368	250
368	335
368	397
368	416
368	417
368	419
368	437
368	441
368	442
368	448
368	456
369	13
369	125
369	144
369	150
369	220
369	231
369	254
369	282
369	293
369	342
369	353
369	370
370	13
370	125
370	144
370	150
370	220
370	231
370	254
370	282
370	293
370	339
370	353
370	369
371	1
371	22
371	129
371	199
371	202
371	324
371	325
371	330
371	361
371	367
371	386
371	403
372	402
372	405
372	407
372	422
372	423
372	428
372	430
372	443
372	445
372	449
372	453
372	486
373	27
373	52
373	181
373	216
373	236
373	270
373	301
373	322
373	338
373	346
373	351
373	358
374	39
374	61
374	82
374	114
374	242
374	252
374	259
374	267
374	349
374	357
374	362
374	381
375	115
375	197
375	278
375	281
375	286
375	377
375	383
375	392
375	395
375	401
375	404
375	411
375	425
376	226
376	250
376	335
376	392
376	397
376	416
376	417
376	419
376	437
376	441
376	442
376	448
376	456
377	164
377	190
377	278
377	295
377	375
377	383
377	392
377	395
377	401
377	404
377	411
377	425
377	434
378	31
378	51
378	89
378	167
378	263
378	269
378	289
378	317
378	339
378	365
378	382
378	385
378	399
379	387
379	402
379	405
379	407
379	412
379	422
379	423
379	428
379	430
379	443
379	445
379	449
379	453
380	93
380	149
380	171
380	267
380	287
380	340
380	366
380	391
380	393
380	396
380	398
380	410
380	415
381	70
381	82
381	99
381	110
381	114
381	239
381	242
381	252
381	259
381	349
381	357
381	362
381	374
382	31
382	51
382	89
382	167
382	263
382	269
382	289
382	317
382	339
382	365
382	378
382	385
382	399
383	281
383	286
383	295
383	300
383	309
383	375
383	377
383	392
383	395
383	401
383	404
383	411
383	425
384	452
384	457
384	461
384	464
384	466
384	467
384	468
384	469
384	470
384	474
384	477
384	478
384	480
385	31
385	51
385	89
385	167
385	263
385	269
385	289
385	317
385	339
385	365
385	378
385	382
385	399
386	22
386	90
386	129
386	199
386	202
386	266
386	324
386	325
386	330
386	361
386	367
386	371
386	403
387	209
387	379
387	402
387	405
387	407
387	422
387	423
387	428
387	430
387	443
387	445
387	449
387	453
388	29
388	36
388	102
388	107
388	139
388	184
388	204
388	253
388	256
388	319
388	321
388	355
388	360
389	2
389	72
389	83
389	103
389	121
389	130
389	157
389	211
389	283
389	303
389	327
389	352
389	390
390	72
390	83
390	103
390	121
390	130
390	157
390	211
390	283
390	303
390	327
390	352
390	389
390	479
391	2
391	4
391	149
391	171
391	267
391	287
391	340
391	366
391	380
391	393
391	396
391	398
391	410
391	415
392	164
392	190
392	278
392	286
392	295
392	309
392	375
392	376
392	377
392	383
392	395
392	404
392	411
392	425
393	4
393	149
393	171
393	267
393	287
393	340
393	366
393	380
393	391
393	396
393	398
393	410
393	415
393	478
394	25
394	44
394	67
394	148
394	155
394	264
394	308
394	334
394	337
394	348
394	406
394	412
394	420
394	426
395	164
395	197
395	278
395	281
395	286
395	309
395	375
395	377
395	383
395	392
395	401
395	404
395	411
395	425
396	93
396	267
396	287
396	318
396	340
396	366
396	380
396	391
396	393
396	398
396	410
396	415
397	294
397	304
397	322
397	368
397	376
397	416
397	417
397	419
397	437
397	441
397	442
397	448
397	456
397	495
398	2
398	93
398	149
398	267
398	287
398	340
398	366
398	380
398	391
398	393
398	396
398	410
398	415
398	455
399	31
399	51
399	89
399	167
399	263
399	269
399	289
399	317
399	339
399	365
399	378
399	382
399	385
399	440
400	411
400	438
400	439
400	440
400	452
400	454
400	455
400	459
400	460
400	462
400	463
400	465
400	471
401	190
401	197
401	277
401	278
401	281
401	286
401	295
401	309
401	375
401	377
401	383
401	395
401	404
401	411
401	425
402	299
402	372
402	379
402	387
402	405
402	407
402	422
402	423
402	428
402	430
402	443
402	445
402	449
402	453
402	467
403	1
403	22
403	90
403	129
403	199
403	202
403	266
403	324
403	325
403	330
403	361
403	367
403	371
403	386
403	480
404	164
404	190
404	278
404	281
404	286
404	295
404	363
404	375
404	377
404	383
404	392
404	395
404	401
404	411
404	425
405	257
405	297
405	372
405	379
405	387
405	402
405	407
405	422
405	423
405	428
405	430
405	443
405	445
405	449
405	453
406	25
406	44
406	95
406	200
406	237
406	264
406	308
406	334
406	337
406	348
406	394
406	412
406	420
406	426
406	466
407	57
407	257
407	372
407	379
407	387
407	402
407	405
407	422
407	423
407	428
407	430
407	443
407	445
407	449
407	453
408	446
408	450
408	457
408	458
408	461
408	464
408	466
408	467
408	468
408	469
408	470
408	474
408	477
408	478
408	480
409	35
409	424
409	429
409	438
409	439
409	440
409	452
409	454
409	455
409	459
409	460
409	462
409	463
409	465
409	471
410	2
410	4
410	93
410	149
410	171
410	267
410	287
410	340
410	366
410	380
410	391
410	393
410	396
410	398
410	415
411	164
411	190
411	281
411	286
411	295
411	309
411	375
411	377
411	383
411	392
411	395
411	400
411	401
411	404
411	425
412	25
412	67
412	148
412	155
412	237
412	264
412	308
412	334
412	337
412	348
412	379
412	394
412	406
412	420
412	426
413	18
413	60
413	101
413	136
413	221
413	312
413	314
413	316
413	326
413	350
413	359
413	364
413	418
413	434
413	435
413	436
414	421
414	424
414	427
414	429
414	438
414	439
414	440
414	452
414	454
414	455
414	459
414	460
414	462
414	463
414	465
414	471
415	2
415	4
415	93
415	149
415	171
415	267
415	287
415	325
415	340
415	366
415	380
415	391
415	393
415	396
415	398
415	410
416	91
416	106
416	304
416	322
416	335
416	368
416	376
416	397
416	417
416	419
416	425
416	437
416	441
416	442
416	448
416	456
417	91
417	294
417	304
417	322
417	335
417	368
417	376
417	397
417	416
417	419
417	437
417	441
417	442
417	448
417	456
417	497
418	18
418	60
418	80
418	136
418	221
418	312
418	314
418	316
418	326
418	350
418	359
418	364
418	413
418	434
418	435
418	436
419	41
419	226
419	294
419	304
419	322
419	335
419	368
419	376
419	397
419	416
419	417
419	437
419	441
419	442
419	448
419	456
419	488
420	25
420	44
420	73
420	95
420	148
420	155
420	200
420	237
420	264
420	308
420	334
420	337
420	348
420	394
420	406
420	412
420	426
421	353
421	414
421	424
421	427
421	429
421	438
421	439
421	440
421	452
421	454
421	455
421	459
421	460
421	462
421	463
421	465
421	471
422	217
422	257
422	299
422	372
422	379
422	387
422	402
422	405
422	407
422	423
422	428
422	430
422	432
422	443
422	445
422	449
422	453
423	57
423	209
423	299
423	327
423	372
423	379
423	387
423	402
423	405
423	407
423	422
423	428
423	430
423	443
423	445
423	449
423	453
424	409
424	414
424	421
424	427
424	429
424	438
424	439
424	440
424	452
424	454
424	455
424	459
424	460
424	462
424	463
424	465
424	471
425	164
425	190
425	197
425	278
425	281
425	286
425	295
425	309
425	375
425	377
425	383
425	392
425	395
425	401
425	404
425	411
425	416
426	25
426	44
426	67
426	95
426	148
426	155
426	200
426	237
426	264
426	308
426	334
426	337
426	348
426	394
426	406
426	412
426	420
427	130
427	414
427	421
427	424
427	429
427	438
427	439
427	440
427	452
427	454
427	455
427	459
427	460
427	462
427	463
427	465
427	471
428	165
428	209
428	298
428	299
428	372
428	379
428	387
428	402
428	405
428	407
428	422
428	423
428	430
428	443
428	445
428	449
428	453
429	6
429	409
429	414
429	421
429	424
429	427
429	438
429	439
429	440
429	452
429	454
429	455
429	459
429	460
429	462
429	463
429	465
429	471
430	165
430	217
430	257
430	299
430	358
430	372
430	379
430	387
430	402
430	405
430	407
430	422
430	423
430	428
430	443
430	445
430	449
430	453
431	433
431	434
431	444
431	446
431	450
431	457
431	458
431	461
431	464
431	466
431	467
431	468
431	469
431	470
431	474
431	477
431	478
431	480
432	422
432	473
432	479
432	483
432	484
432	488
432	489
432	490
432	491
432	492
432	493
432	494
432	495
432	496
432	497
432	498
432	499
432	500
433	26
433	431
433	444
433	446
433	450
433	457
433	458
433	461
433	464
433	466
433	467
433	468
433	469
433	470
433	474
433	477
433	478
433	480
434	18
434	80
434	101
434	136
434	221
434	312
434	314
434	316
434	326
434	350
434	359
434	364
434	377
434	413
434	418
434	431
434	435
434	436
435	18
435	60
435	80
435	101
435	136
435	221
435	312
435	314
435	316
435	326
435	350
435	359
435	364
435	413
435	418
435	434
435	436
435	462
436	18
436	60
436	80
436	101
436	136
436	221
436	312
436	314
436	316
436	326
436	350
436	359
436	364
436	366
436	413
436	418
436	434
436	435
437	91
437	95
437	106
437	137
437	226
437	250
437	294
437	304
437	322
437	368
437	376
437	397
437	416
437	417
437	419
437	441
437	442
437	448
437	456
438	331
438	400
438	409
438	414
438	421
438	424
438	427
438	429
438	439
438	440
438	452
438	454
438	455
438	459
438	460
438	462
438	463
438	465
438	471
439	20
439	400
439	409
439	414
439	421
439	424
439	427
439	429
439	438
439	440
439	452
439	454
439	455
439	459
439	460
439	462
439	463
439	465
439	471
440	399
440	400
440	409
440	414
440	421
440	424
440	427
440	429
440	438
440	439
440	452
440	454
440	455
440	459
440	460
440	462
440	463
440	465
440	471
441	41
441	137
441	226
441	250
441	294
441	304
441	322
441	330
441	335
441	368
441	376
441	397
441	416
441	417
441	419
441	437
441	442
441	448
441	456
442	41
442	106
442	137
442	250
442	294
442	304
442	322
442	335
442	368
442	376
442	397
442	416
442	417
442	419
442	437
442	441
442	448
442	450
442	456
443	26
443	158
443	165
443	209
443	217
443	257
443	372
443	379
443	387
443	402
443	405
443	407
443	422
443	423
443	428
443	430
443	445
443	449
443	453
443	490
444	431
444	433
444	446
444	450
444	457
444	458
444	461
444	464
444	466
444	467
444	468
444	469
444	470
444	474
444	477
444	478
444	480
444	498
445	26
445	57
445	165
445	209
445	217
445	299
445	372
445	379
445	387
445	402
445	405
445	407
445	422
445	423
445	428
445	430
445	443
445	449
445	453
445	492
446	408
446	431
446	433
446	444
446	450
446	457
446	458
446	461
446	464
446	466
446	467
446	468
446	469
446	470
446	474
446	477
446	478
446	480
446	497
447	181
447	475
447	476
447	482
447	483
447	484
447	485
447	486
447	487
447	488
447	489
447	490
447	491
447	492
447	493
447	494
447	495
447	496
447	497
447	498
447	499
447	500
448	41
448	91
448	106
448	137
448	226
448	250
448	294
448	295
448	304
448	322
448	335
448	368
448	376
448	397
448	416
448	417
448	419
448	437
448	441
448	442
448	456
449	26
449	57
449	165
449	209
449	217
449	257
449	299
449	355
449	372
449	379
449	387
449	402
449	405
449	407
449	422
449	423
449	428
449	430
449	443
449	445
449	453
450	408
450	431
450	433
450	442
450	444
450	446
450	457
450	458
450	461
450	464
450	466
450	467
450	468
450	469
450	470
450	474
450	477
450	478
450	480
451	171
451	472
451	473
451	476
451	481
451	482
451	483
451	485
451	487
451	488
451	489
451	490
451	491
451	492
451	493
451	494
451	495
451	496
451	497
451	498
451	499
451	500
452	5
452	50
452	331
452	384
452	400
452	409
452	414
452	421
452	424
452	427
452	429
452	438
452	439
452	440
452	454
452	455
452	459
452	460
452	462
452	463
452	465
452	471
453	26
453	57
453	165
453	209
453	217
453	257
453	299
453	367
453	372
453	379
453	387
453	402
453	405
453	407
453	422
453	423
453	428
453	430
453	443
453	445
453	449
453	474
454	331
454	400
454	409
454	414
454	421
454	424
454	427
454	429
454	438
454	439
454	440
454	452
454	455
454	459
454	460
454	462
454	463
454	464
454	465
454	471
455	331
455	398
455	400
455	409
455	414
455	421
455	424
455	427
455	429
455	438
455	439
455	440
455	452
455	454
455	459
455	460
455	462
455	463
455	465
455	471
456	41
456	91
456	106
456	137
456	163
456	226
456	250
456	294
456	304
456	322
456	335
456	368
456	376
456	397
456	416
456	417
456	419
456	437
456	441
456	442
456	448
456	465
457	222
457	384
457	408
457	431
457	433
457	444
457	446
457	450
457	458
457	461
457	464
457	466
457	467
457	468
457	469
457	470
457	474
457	477
457	478
457	480
458	104
458	205
458	408
458	431
458	433
458	444
458	446
458	450
458	457
458	461
458	464
458	466
458	467
458	468
458	469
458	470
458	474
458	477
458	478
458	480
459	40
459	50
459	203
459	296
459	331
459	400
459	409
459	414
459	421
459	424
459	427
459	429
459	438
459	439
459	440
459	452
459	454
459	455
459	460
459	462
459	463
459	465
459	471
460	203
460	331
460	333
460	400
460	409
460	414
460	421
460	424
460	427
460	429
460	438
460	439
460	440
460	452
460	454
460	455
460	459
460	462
460	463
460	465
460	471
460	477
461	290
461	328
461	347
461	384
461	408
461	431
461	433
461	444
461	446
461	450
461	457
461	458
461	464
461	466
461	467
461	468
461	469
461	470
461	474
461	477
461	478
461	480
462	5
462	40
462	203
462	331
462	400
462	409
462	414
462	421
462	424
462	427
462	429
462	435
462	438
462	439
462	440
462	452
462	454
462	455
462	459
462	460
462	463
462	465
462	471
463	5
463	40
463	50
463	203
463	249
463	331
463	400
463	409
463	414
463	421
463	424
463	427
463	429
463	438
463	439
463	440
463	452
463	454
463	455
463	459
463	460
463	462
463	465
463	471
464	296
464	328
464	347
464	384
464	408
464	431
464	433
464	444
464	446
464	450
464	454
464	457
464	458
464	461
464	466
464	467
464	468
464	469
464	470
464	474
464	477
464	478
464	480
465	5
465	40
465	50
465	203
465	331
465	400
465	409
465	414
465	421
465	424
465	427
465	429
465	438
465	439
465	440
465	452
465	454
465	455
465	456
465	459
465	460
465	462
465	463
465	471
466	328
466	347
466	384
466	406
466	408
466	431
466	433
466	444
466	446
466	450
466	457
466	458
466	461
466	464
466	467
466	468
466	469
466	470
466	474
466	477
466	478
466	480
467	328
467	347
467	384
467	402
467	408
467	431
467	433
467	444
467	446
467	450
467	457
467	458
467	461
467	464
467	466
467	468
467	469
467	470
467	474
467	477
467	478
467	480
468	63
468	296
468	328
468	347
468	384
468	408
468	431
468	433
468	444
468	446
468	450
468	457
468	458
468	461
468	464
468	466
468	467
468	469
468	470
468	474
468	477
468	478
468	480
469	14
469	75
469	141
469	296
469	328
469	347
469	384
469	408
469	431
469	433
469	444
469	446
469	450
469	457
469	458
469	461
469	464
469	466
469	467
469	468
469	470
469	474
469	477
469	478
469	480
470	75
470	141
470	278
470	296
470	328
470	347
470	384
470	408
470	431
470	433
470	444
470	446
470	450
470	457
470	458
470	461
470	464
470	466
470	467
470	468
470	469
470	474
470	477
470	478
470	480
471	5
471	40
471	50
471	203
471	276
471	331
471	400
471	409
471	414
471	421
471	424
471	427
471	429
471	438
471	439
471	440
471	452
471	454
471	455
471	459
471	460
471	462
471	463
471	465
471	496
472	160
472	451
472	475
472	476
472	479
472	481
472	482
472	483
472	484
472	485
472	486
472	487
472	488
472	489
472	490
472	491
472	492
472	493
472	494
472	495
472	496
472	497
472	498
472	499
472	500
473	225
473	229
473	432
473	451
473	476
473	479
473	481
473	482
473	483
473	484
473	485
473	486
473	487
473	489
473	490
473	491
473	492
473	493
473	494
473	495
473	496
473	497
473	498
473	499
473	500
474	141
474	296
474	328
474	347
474	384
474	408
474	431
474	433
474	444
474	446
474	450
474	453
474	457
474	458
474	461
474	464
474	466
474	467
474	468
474	469
474	470
474	477
474	478
474	480
475	157
475	447
475	472
475	476
475	479
475	481
475	482
475	483
475	484
475	485
475	486
475	487
475	488
475	489
475	490
475	491
475	492
475	493
475	494
475	495
475	496
475	497
475	498
475	499
475	500
476	175
476	447
476	451
476	472
476	473
476	475
476	479
476	481
476	482
476	484
476	485
476	486
476	487
476	489
476	490
476	491
476	492
476	493
476	494
476	495
476	496
476	497
476	498
476	499
476	500
477	75
477	141
477	296
477	328
477	347
477	384
477	408
477	431
477	433
477	444
477	446
477	450
477	457
477	458
477	460
477	461
477	464
477	466
477	467
477	468
477	469
477	470
477	474
477	478
477	480
478	13
478	75
478	141
478	296
478	328
478	347
478	384
478	393
478	408
478	431
478	433
478	444
478	446
478	450
478	457
478	458
478	461
478	464
478	466
478	467
478	468
478	469
478	470
478	474
478	477
478	480
479	356
479	390
479	432
479	472
479	473
479	475
479	476
479	481
479	483
479	484
479	485
479	486
479	487
479	488
479	489
479	490
479	491
479	492
479	493
479	494
479	495
479	496
479	497
479	498
479	499
479	500
480	75
480	84
480	141
480	296
480	328
480	347
480	384
480	403
480	408
480	431
480	433
480	444
480	446
480	450
480	457
480	458
480	461
480	464
480	466
480	467
480	468
480	469
480	470
480	474
480	477
480	478
481	42
481	451
481	472
481	473
481	475
481	476
481	479
481	482
481	483
481	484
481	485
481	486
481	487
481	488
481	489
481	490
481	491
481	492
481	493
481	494
481	495
481	496
481	497
481	498
481	499
481	500
482	308
482	447
482	451
482	472
482	473
482	475
482	476
482	481
482	483
482	484
482	485
482	486
482	487
482	488
482	489
482	490
482	491
482	492
482	493
482	494
482	495
482	496
482	497
482	498
482	499
482	500
483	143
483	432
483	447
483	451
483	472
483	473
483	475
483	479
483	481
483	482
483	484
483	485
483	486
483	487
483	488
483	489
483	491
483	492
483	493
483	494
483	495
483	496
483	497
483	498
483	499
483	500
484	230
484	432
484	447
484	472
484	473
484	475
484	476
484	479
484	481
484	482
484	483
484	485
484	486
484	487
484	488
484	489
484	490
484	491
484	492
484	493
484	494
484	495
484	496
484	497
484	498
484	499
484	500
485	78
485	122
485	447
485	451
485	472
485	473
485	475
485	476
485	479
485	481
485	482
485	483
485	484
485	486
485	488
485	489
485	490
485	491
485	492
485	493
485	494
485	495
485	496
485	497
485	498
485	499
485	500
486	220
486	372
486	447
486	472
486	473
486	475
486	476
486	479
486	481
486	482
486	483
486	484
486	485
486	487
486	488
486	489
486	490
486	491
486	492
486	493
486	494
486	495
486	496
486	497
486	498
486	499
486	500
487	112
487	260
487	447
487	451
487	472
487	473
487	475
487	476
487	479
487	481
487	482
487	483
487	484
487	486
487	488
487	489
487	490
487	491
487	492
487	493
487	494
487	495
487	496
487	497
487	498
487	499
487	500
488	357
488	419
488	432
488	447
488	451
488	472
488	475
488	479
488	481
488	482
488	483
488	484
488	485
488	486
488	487
488	489
488	490
488	491
488	492
488	493
488	494
488	495
488	496
488	497
488	498
488	499
488	500
489	349
489	432
489	447
489	451
489	472
489	473
489	475
489	476
489	479
489	481
489	482
489	483
489	484
489	485
489	486
489	487
489	488
489	490
489	491
489	492
489	493
489	494
489	495
489	496
489	497
489	498
489	499
489	500
490	150
490	432
490	443
490	447
490	451
490	472
490	473
490	475
490	476
490	479
490	481
490	482
490	484
490	485
490	486
490	487
490	488
490	489
490	491
490	492
490	493
490	494
490	495
490	496
490	497
490	498
490	499
490	500
491	244
491	299
491	432
491	447
491	451
491	472
491	473
491	475
491	476
491	479
491	481
491	482
491	483
491	484
491	485
491	486
491	487
491	488
491	489
491	490
491	492
491	493
491	494
491	495
491	496
491	497
491	498
491	499
491	500
492	60
492	432
492	445
492	447
492	451
492	472
492	473
492	475
492	476
492	479
492	481
492	482
492	483
492	484
492	485
492	486
492	487
492	488
492	489
492	490
492	491
492	493
492	494
492	495
492	496
492	497
492	498
492	499
492	500
493	223
493	244
493	432
493	447
493	451
493	472
493	473
493	475
493	476
493	479
493	481
493	482
493	483
493	484
493	485
493	486
493	487
493	488
493	489
493	490
493	491
493	492
493	494
493	495
493	496
493	497
493	498
493	499
493	500
494	15
494	244
494	432
494	447
494	451
494	472
494	473
494	475
494	476
494	479
494	481
494	482
494	483
494	484
494	485
494	486
494	487
494	488
494	489
494	490
494	491
494	492
494	493
494	495
494	496
494	497
494	498
494	499
494	500
495	244
495	323
495	397
495	432
495	447
495	451
495	472
495	473
495	475
495	476
495	479
495	481
495	482
495	483
495	484
495	485
495	486
495	487
495	488
495	489
495	490
495	491
495	492
495	493
495	494
495	496
495	497
495	498
495	499
495	500
496	84
496	244
496	432
496	447
496	451
496	471
496	472
496	473
496	475
496	476
496	479
496	481
496	482
496	483
496	484
496	485
496	486
496	487
496	488
496	489
496	490
496	491
496	492
496	493
496	494
496	495
496	497
496	498
496	499
496	500
497	84
497	417
497	432
497	446
497	447
497	451
497	472
497	473
497	475
497	476
497	479
497	481
497	482
497	483
497	484
497	485
497	486
497	487
497	488
497	489
497	490
497	491
497	492
497	493
497	494
497	495
497	496
497	498
497	499
497	500
498	30
498	84
498	432
498	444
498	447
498	451
498	472
498	473
498	475
498	476
498	479
498	481
498	482
498	483
498	484
498	485
498	486
498	487
498	488
498	489
498	490
498	491
498	492
498	493
498	494
498	495
498	496
498	497
498	499
498	500
499	244
499	292
499	352
499	432
499	447
499	451
499	472
499	473
499	475
499	476
499	479
499	481
499	482
499	483
499	484
499	485
499	486
499	487
499	488
499	489
499	490
499	491
499	492
499	493
499	494
499	495
499	496
499	497
499	498
499	500
500	84
500	244
500	266
500	432
500	447
500	451
500	472
500	473
500	475
500	476
500	479
500	481
500	482
500	483
500	484
500	485
500	486
500	487
500	488
500	489
500	490
500	491
500	492
500	493
500	494
500	495
500	496
500	497
500	498
500	499
