1	4
1	8
1	45
1	82
1	418
2	455
2	464
2	486
2	495
2	499
3	94
3	140
3	283
3	359
3	419
4	1
4	8
4	45
4	82
4	465
5	340
5	410
5	417
5	448
5	461
6	372
6	432
6	441
6	469
6	475
7	91
7	95
7	103
7	147
7	196
8	1
8	4
8	45
8	82
8	332
9	56
9	72
9	74
9	78
9	495
10	278
10	295
10	366
10	381
10	405
11	115
11	202
11	206
11	262
11	264
12	477
12	486
12	490
12	495
12	499
13	21
13	61
13	88
13	126
13	130
14	213
14	323
14	333
14	335
14	380
15	69
15	118
15	159
15	189
15	219
16	193
16	224
16	291
16	386
16	435
17	156
17	376
17	420
17	429
17	464
18	21
18	346
18	366
18	381
18	405
19	407
19	476
19	484
19	489
19	500
20	278
20	295
20	366
20	381
20	405
21	13
21	18
21	61
21	88
21	126
22	75
22	80
22	92
22	119
22	149
23	384
23	395
23	433
23	485
23	494
24	33
24	50
24	65
24	76
24	97
25	221
25	279
25	316
25	322
25	328
26	124
26	164
26	170
26	175
26	207
27	295
27	346
27	366
27	381
27	405
28	44
28	79
28	113
28	121
28	138
29	131
29	250
29	270
29	288
29	380
30	223
30	230
30	277
30	317
30	480
31	67
31	111
31	283
31	359
31	419
32	193
32	258
32	386
32	435
32	455
33	24
33	50
33	65
33	76
33	97
34	462
34	493
34	496
34	497
34	498
35	347
35	432
35	441
35	469
35	475
36	49
36	205
36	209
36	216
36	382
37	122
37	241
37	305
37	327
37	481
38	127
38	205
38	209
38	216
38	493
39	231
39	426
39	441
39	469
39	475
40	411
40	473
40	479
40	487
40	488
41	124
41	164
41	170
41	175
41	207
42	111
42	379
42	393
42	434
42	478
43	155
43	169
43	199
43	423
43	438
44	28
44	79
44	113
44	121
44	138
45	1
45	4
45	8
45	82
45	251
46	460
46	465
46	473
46	476
46	500
47	198
47	256
47	331
47	357
47	441
48	158
48	177
48	220
48	226
48	257
49	36
49	205
49	209
49	216
49	374
50	24
50	33
50	65
50	76
50	97
51	204
51	206
51	262
51	264
51	425
52	216
52	437
52	441
52	469
52	475
53	175
53	457
53	464
53	490
53	499
54	400
54	433
54	442
54	462
54	491
55	156
55	374
55	376
55	420
55	429
56	9
56	72
56	74
56	78
56	477
57	106
57	217
57	230
57	256
57	357
58	204
58	229
58	244
58	347
58	419
59	425
59	430
59	451
59	471
59	482
60	118
60	159
60	189
60	219
60	450
61	13
61	21
61	88
61	126
61	130
62	91
62	95
62	103
62	147
62	490
63	178
63	223
63	345
63	440
63	447
64	134
64	355
64	383
64	423
64	438
65	24
65	33
65	50
65	76
65	97
66	132
66	158
66	177
66	220
66	257
67	31
67	153
67	347
67	359
67	419
68	259
68	291
68	410
68	445
68	448
69	15
69	118
69	159
69	189
69	219
70	188
70	281
70	296
70	327
70	499
71	318
71	388
71	440
71	447
71	480
72	9
72	56
72	74
72	78
72	115
73	460
73	466
73	483
73	484
73	500
74	9
74	56
74	72
74	78
74	445
75	22
75	80
75	92
75	119
75	149
76	24
76	33
76	50
76	65
76	422
77	152
77	292
77	362
77	447
77	480
78	9
78	56
78	72
78	74
78	388
79	28
79	44
79	113
79	121
79	138
80	22
80	75
80	92
80	119
80	149
81	168
81	196
81	254
81	420
81	429
82	1
82	4
82	8
82	45
82	404
83	270
83	426
83	437
83	469
83	475
84	85
84	286
84	392
84	393
84	492
85	84
85	476
85	484
85	489
85	500
86	256
86	264
86	285
86	331
86	357
87	358
87	383
87	389
87	423
87	438
88	13
88	21
88	61
88	126
88	130
89	438
89	477
89	486
89	490
89	495
90	106
90	198
90	285
90	331
90	357
91	7
91	62
91	95
91	103
91	147
91	184
92	22
92	75
92	80
92	119
92	149
92	160
93	397
93	426
93	437
93	441
93	469
93	475
94	3
94	244
94	283
94	347
94	359
94	419
95	7
95	62
95	91
95	103
95	147
95	190
96	134
96	166
96	355
96	383
96	423
96	438
97	24
97	33
97	50
97	65
97	173
97	304
98	141
98	183
98	236
98	252
98	255
98	290
99	232
99	282
99	287
99	316
99	322
99	328
100	261
100	349
100	473
100	475
100	487
100	488
101	162
101	352
101	404
101	446
101	452
101	458
102	248
102	275
102	278
102	310
102	381
102	405
103	7
103	62
103	91
103	95
103	147
103	178
104	380
104	418
104	450
104	467
104	478
104	492
105	462
105	474
105	491
105	493
105	496
105	497
106	57
106	90
106	285
106	331
106	357
106	421
107	186
107	225
107	235
107	363
107	369
107	371
108	196
108	332
108	374
108	420
108	429
108	430
109	406
109	409
109	449
109	481
109	485
109	494
110	400
110	454
110	473
110	479
110	487
110	488
111	31
111	42
111	139
111	229
111	359
111	419
112	251
112	265
112	266
112	446
112	452
112	458
113	28
113	44
113	79
113	121
113	138
113	463
114	186
114	195
114	334
114	363
114	369
114	371
115	11
115	72
115	202
115	204
115	262
115	264
116	203
116	276
116	306
116	349
116	350
116	435
117	326
117	443
117	454
117	479
117	487
117	488
118	15
118	60
118	69
118	159
118	189
118	219
119	22
119	75
119	80
119	92
119	149
119	425
120	174
120	236
120	252
120	255
120	263
120	290
121	28
121	44
121	79
121	113
121	138
121	363
122	37
122	157
122	241
122	281
122	296
122	327
123	403
123	457
123	464
123	477
123	495
123	499
124	26
124	41
124	164
124	170
124	175
124	207
125	375
125	406
125	433
125	449
125	481
125	494
126	13
126	21
126	61
126	88
126	130
126	219
127	38
127	205
127	209
127	216
127	462
127	484
128	153
128	229
128	244
128	283
128	347
128	419
129	313
129	391
129	439
129	459
129	472
129	482
130	13
130	61
130	88
130	126
130	294
130	324
131	29
131	288
131	323
131	333
131	335
131	380
132	66
132	145
132	177
132	220
132	226
132	257
133	199
133	364
133	430
133	439
133	453
133	482
134	64
134	96
134	354
134	389
134	423
134	438
135	375
135	385
135	434
135	463
135	478
135	492
136	345
136	351
136	431
136	440
136	447
136	480
137	161
137	308
137	416
137	481
137	485
137	494
138	28
138	44
138	79
138	113
138	121
138	448
139	111
139	140
139	153
139	283
139	359
139	419
140	3
140	139
140	283
140	347
140	419
140	439
141	98
141	174
141	252
141	255
141	263
141	479
142	271
142	289
142	396
142	436
142	445
142	470
143	215
143	454
143	473
143	479
143	487
143	488
144	407
144	414
144	428
144	496
144	497
144	498
145	132
145	162
145	241
145	296
145	305
145	327
146	181
146	332
146	376
146	410
146	420
146	429
147	7
147	62
147	91
147	95
147	103
147	361
148	425
148	439
148	451
148	471
148	472
148	482
149	22
149	75
149	80
149	92
149	119
149	471
150	269
150	306
150	339
150	386
150	435
150	444
151	406
151	409
151	449
151	481
151	485
151	494
152	77
152	182
152	388
152	431
152	440
152	480
153	67
153	128
153	139
153	347
153	359
153	419
154	439
154	453
154	459
154	471
154	472
154	482
155	43
155	344
155	354
155	414
155	423
155	438
156	17
156	55
156	297
156	376
156	420
156	429
157	122
157	162
157	227
157	281
157	305
157	435
158	48
158	66
158	177
158	220
158	226
158	257
159	15
159	60
159	69
159	118
159	189
159	219
160	92
160	412
160	466
160	474
160	489
160	500
161	137
161	265
161	395
161	481
161	485
161	494
162	101
162	145
162	157
162	296
162	305
162	327
163	423
163	444
163	465
163	483
163	484
163	489
163	500
164	26
164	41
164	124
164	170
164	175
164	207
164	448
165	176
165	185
165	300
165	334
165	363
165	369
165	371
166	96
166	344
166	355
166	383
166	389
166	423
166	438
167	320
167	342
167	443
167	479
167	486
167	487
167	488
168	81
168	254
168	332
168	374
168	420
168	429
168	485
169	43
169	354
169	355
169	383
169	389
169	423
169	438
170	26
170	41
170	124
170	164
170	175
170	207
170	390
171	444
171	460
171	468
171	476
171	483
171	489
171	500
172	182
172	277
172	339
172	388
172	431
172	440
172	447
173	97
173	455
173	457
173	486
173	490
173	495
173	499
174	120
174	141
174	183
174	236
174	252
174	255
174	290
175	26
175	41
175	53
175	124
175	164
175	170
175	207
176	165
176	225
176	300
176	363
176	369
176	371
176	392
177	48
177	66
177	132
177	158
177	220
177	226
177	257
178	63
178	103
178	208
178	312
178	317
178	345
178	480
179	280
179	364
179	391
179	451
179	459
179	472
179	482
180	396
180	443
180	454
180	473
180	479
180	487
180	488
181	146
181	297
181	332
181	374
181	376
181	420
181	429
182	152
182	172
182	208
182	223
182	292
182	345
182	431
183	98
183	174
183	236
183	255
183	263
183	290
183	492
184	91
184	414
184	491
184	493
184	496
184	497
184	498
185	165
185	261
185	367
185	400
185	443
185	487
185	488
186	107
186	114
186	300
186	334
186	363
186	369
186	371
187	202
187	361
187	390
187	404
187	446
187	452
187	458
188	70
188	241
188	281
188	296
188	305
188	327
188	493
189	15
189	60
189	69
189	118
189	159
189	219
189	466
190	95
190	365
190	421
190	432
190	437
190	469
190	475
191	314
191	395
191	449
191	470
191	481
191	485
191	494
192	378
192	421
192	426
192	432
192	437
192	469
192	475
193	16
193	32
193	222
193	327
193	339
193	350
193	435
194	411
194	443
194	454
194	473
194	479
194	487
194	488
195	114
195	409
195	416
195	433
195	481
195	485
195	494
196	7
196	81
196	108
196	297
196	376
196	420
196	429
197	221
197	232
197	279
197	282
197	316
197	322
197	328
198	47
198	90
198	217
198	285
198	331
198	357
198	492
199	43
199	133
199	268
199	355
199	389
199	423
199	438
200	442
200	490
200	491
200	493
200	496
200	497
200	498
201	314
201	416
201	433
201	456
201	481
201	485
201	494
202	11
202	115
202	187
202	204
202	206
202	262
202	264
203	116
203	222
203	274
203	290
203	350
203	386
203	435
204	51
204	58
204	115
204	202
204	206
204	262
204	264
205	36
205	38
205	49
205	127
205	209
205	216
205	395
206	11
206	51
206	202
206	204
206	262
206	264
206	483
207	26
207	41
207	124
207	164
207	170
207	175
207	472
208	178
208	182
208	230
208	351
208	362
208	388
208	480
209	36
209	38
209	49
209	127
209	205
209	216
209	369
210	350
210	368
210	424
210	486
210	490
210	495
210	499
211	413
211	427
211	464
211	477
211	486
211	495
211	499
212	361
212	399
212	457
212	486
212	490
212	495
212	499
213	14
213	270
213	288
213	323
213	333
213	335
213	380
214	396
214	410
214	436
214	445
214	448
214	461
214	470
215	143
215	466
215	468
215	483
215	484
215	489
215	500
216	36
216	38
216	49
216	52
216	127
216	205
216	209
217	57
217	198
217	256
217	285
217	331
217	357
217	429
218	222
218	406
218	433
218	449
218	481
218	485
218	494
219	15
219	60
219	69
219	118
219	126
219	159
219	189
220	48
220	66
220	132
220	158
220	177
220	226
220	257
221	25
221	197
221	279
221	282
221	316
221	322
221	328
222	193
222	203
222	218
222	269
222	306
222	339
222	435
223	30
223	63
223	182
223	388
223	440
223	455
223	480
224	16
224	269
224	274
224	339
224	355
224	386
224	435
225	107
225	176
225	235
225	334
225	363
225	369
225	371
226	48
226	132
226	158
226	177
226	220
226	257
226	357
227	157
227	462
227	491
227	493
227	496
227	497
227	498
228	333
228	413
228	455
228	464
228	486
228	490
228	495
228	499
229	58
229	111
229	128
229	244
229	283
229	347
229	359
229	419
230	30
230	57
230	208
230	351
230	388
230	431
230	447
230	480
231	39
231	382
231	427
231	464
231	477
231	486
231	490
231	499
232	99
232	197
232	279
232	282
232	316
232	322
232	328
232	384
233	356
233	385
233	393
233	434
233	450
233	463
233	478
233	492
234	245
234	384
234	395
234	433
234	436
234	449
234	481
234	494
235	107
235	225
235	300
235	312
235	334
235	363
235	369
235	371
236	98
236	120
236	174
236	183
236	252
236	263
236	290
236	454
237	428
237	462
237	475
237	491
237	493
237	496
237	497
237	498
238	360
238	393
238	402
238	413
238	434
238	463
238	478
238	492
239	330
239	456
239	462
239	491
239	493
239	496
239	497
239	498
240	298
240	356
240	361
240	377
240	387
240	446
240	452
240	458
241	37
241	122
241	145
241	188
241	273
241	281
241	296
241	305
242	326
242	340
242	343
242	417
242	436
242	440
242	461
242	470
243	394
243	399
243	456
243	491
243	493
243	496
243	497
243	498
244	58
244	94
244	128
244	229
244	347
244	359
244	416
244	419
245	234
245	311
245	406
245	409
245	449
245	458
245	485
245	494
246	444
246	451
246	465
246	474
246	476
246	483
246	489
246	500
247	312
247	317
247	318
247	362
247	440
247	445
247	447
247	480
248	102
248	275
248	278
248	310
248	346
248	381
248	403
248	405
249	263
249	293
249	414
249	491
249	493
249	496
249	497
249	498
250	29
250	270
250	288
250	323
250	333
250	335
250	380
250	446
251	45
251	112
251	303
251	377
251	387
251	446
251	452
251	458
252	98
252	120
252	141
252	174
252	236
252	255
252	290
252	440
253	399
253	424
253	457
253	477
253	478
253	486
253	495
253	499
254	81
254	168
254	297
254	332
254	340
254	374
254	420
254	429
255	98
255	120
255	141
255	174
255	183
255	252
255	263
255	290
256	47
256	57
256	86
256	217
256	285
256	299
256	331
256	357
257	48
257	66
257	132
257	158
257	177
257	220
257	226
257	272
258	32
258	274
258	276
258	339
258	350
258	386
258	435
258	472
259	68
259	302
259	326
259	340
259	396
259	410
259	445
259	461
260	412
260	460
260	466
260	468
260	474
260	483
260	484
260	500
261	100
261	185
261	415
261	443
261	454
261	473
261	487
261	488
262	11
262	51
262	115
262	202
262	204
262	206
262	264
262	289
263	120
263	141
263	183
263	236
263	249
263	255
263	290
263	403
264	11
264	51
264	86
264	115
264	202
264	204
264	206
264	262
265	112
265	161
265	298
265	304
265	377
265	390
265	452
265	458
266	112
266	303
266	377
266	398
266	404
266	446
266	452
266	458
267	394
267	428
267	442
267	456
267	491
267	496
267	497
267	498
268	199
268	344
268	354
268	383
268	389
268	423
268	438
268	479
269	150
269	222
269	224
269	306
269	339
269	350
269	435
269	495
270	29
270	83
270	213
270	250
270	323
270	333
270	335
270	380
271	142
271	407
271	410
271	436
271	448
271	461
271	470
271	497
272	257
272	384
272	395
272	416
272	449
272	481
272	485
272	494
273	241
273	313
273	430
273	451
273	453
273	459
273	471
273	482
274	203
274	224
274	258
274	276
274	306
274	339
274	386
274	435
275	102
275	248
275	295
275	310
275	346
275	366
275	381
275	405
276	116
276	258
276	274
276	339
276	350
276	386
276	402
276	435
277	30
277	172
277	292
277	368
277	388
277	431
277	447
277	480
278	10
278	20
278	102
278	248
278	310
278	346
278	366
278	405
278	415
279	25
279	197
279	221
279	232
279	282
279	316
279	322
279	328
279	484
280	179
280	324
280	391
280	415
280	453
280	459
280	471
280	472
280	482
281	70
281	122
281	157
281	188
281	241
281	296
281	305
281	327
281	459
282	99
282	197
282	221
282	232
282	279
282	316
282	322
282	328
282	345
283	3
283	31
283	94
283	128
283	139
283	140
283	229
283	338
283	419
284	302
284	309
284	407
284	436
284	439
284	445
284	448
284	461
284	470
285	86
285	90
285	106
285	198
285	217
285	256
285	331
285	357
285	406
286	84
286	375
286	402
286	417
286	418
286	434
286	450
286	467
286	492
287	99
287	330
287	349
287	411
287	454
287	473
287	479
287	487
287	488
288	29
288	131
288	213
288	250
288	297
288	323
288	333
288	335
288	380
289	142
289	262
289	291
289	343
289	396
289	436
289	445
289	448
289	470
290	98
290	120
290	174
290	183
290	203
290	236
290	252
290	255
290	263
291	16
291	68
291	289
291	302
291	396
291	407
291	417
291	445
291	470
292	77
292	182
292	277
292	318
292	337
292	388
292	431
292	447
292	480
293	249
293	402
293	414
293	442
293	456
293	493
293	496
293	497
293	498
294	130
294	301
294	375
294	418
294	450
294	463
294	467
294	478
294	492
295	10
295	20
295	27
295	275
295	310
295	346
295	366
295	381
295	405
296	70
296	122
296	145
296	162
296	188
296	241
296	281
296	327
296	443
297	156
297	181
297	196
297	254
297	288
297	374
297	376
297	420
297	429
298	240
298	265
298	328
298	352
298	387
298	404
298	446
298	452
298	458
299	256
299	415
299	430
299	451
299	453
299	459
299	471
299	472
299	482
300	165
300	176
300	186
300	235
300	334
300	363
300	369
300	371
300	473
301	294
301	375
301	381
301	392
301	418
301	450
301	463
301	467
301	492
302	259
302	284
302	291
302	309
302	436
302	448
302	461
302	470
302	480
303	251
303	266
303	352
303	390
303	404
303	446
303	452
303	458
303	476
304	97
304	265
304	352
304	387
304	390
304	404
304	446
304	452
304	458
305	37
305	145
305	157
305	162
305	188
305	241
305	281
305	327
305	362
306	116
306	150
306	222
306	269
306	274
306	350
306	386
306	416
306	435
307	330
307	342
307	411
307	443
307	473
307	479
307	487
307	488
307	500
308	137
308	314
308	395
308	409
308	416
308	481
308	485
308	488
308	494
309	284
309	302
309	343
309	407
309	417
309	448
309	461
309	470
309	499
310	102
310	248
310	275
310	278
310	295
310	346
310	366
310	381
310	405
311	245
311	314
311	384
311	416
311	433
311	449
311	481
311	485
311	494
312	178
312	235
312	247
312	351
312	362
312	431
312	440
312	447
312	480
313	129
313	273
313	353
313	385
313	425
313	451
313	471
313	472
313	482
314	191
314	201
314	308
314	311
314	316
314	384
314	481
314	485
314	494
315	335
315	356
315	385
315	393
315	402
315	434
315	450
315	463
315	467
315	492
316	25
316	99
316	197
316	221
316	232
316	279
316	282
316	314
316	322
316	328
317	30
317	178
317	247
317	318
317	351
317	364
317	431
317	440
317	447
317	480
318	71
318	247
318	292
318	317
318	345
318	362
318	440
318	447
318	466
318	480
319	370
319	414
319	428
319	456
319	462
319	491
319	493
319	496
319	497
319	498
320	167
320	342
320	367
320	400
320	443
320	473
320	479
320	487
320	488
320	494
321	394
321	414
321	428
321	438
321	462
321	491
321	493
321	496
321	497
321	498
322	25
322	99
322	197
322	221
322	232
322	279
322	282
322	316
322	328
322	334
323	14
323	131
323	213
323	250
323	270
323	288
323	333
323	335
323	380
323	494
324	130
324	280
324	415
324	439
324	451
324	453
324	459
324	471
324	472
324	482
325	356
325	360
325	385
325	392
325	418
325	430
325	463
325	467
325	478
325	492
326	117
326	242
326	259
326	407
326	410
326	417
326	445
326	448
326	461
326	470
327	37
327	70
327	122
327	145
327	162
327	188
327	193
327	281
327	296
327	305
328	25
328	99
328	197
328	221
328	232
328	279
328	282
328	298
328	316
328	322
329	371
329	444
329	465
329	468
329	474
329	476
329	483
329	484
329	489
329	500
330	239
330	287
330	307
330	367
330	443
330	454
330	473
330	479
330	487
330	488
331	47
331	86
331	90
331	106
331	198
331	217
331	256
331	285
331	357
331	461
332	8
332	108
332	146
332	168
332	181
332	254
332	374
332	376
332	420
332	429
333	14
333	131
333	213
333	228
333	250
333	270
333	288
333	323
333	335
333	380
334	114
334	165
334	186
334	225
334	235
334	300
334	322
334	363
334	369
334	371
335	14
335	131
335	213
335	250
335	270
335	288
335	315
335	323
335	333
335	380
336	370
336	372
336	386
336	421
336	426
336	432
336	437
336	441
336	469
336	475
337	292
337	365
337	370
337	397
337	421
337	426
337	432
337	437
337	441
337	469
337	475
338	283
338	414
338	428
338	442
338	456
338	462
338	491
338	493
338	496
338	497
338	498
339	150
339	172
339	193
339	222
339	224
339	258
339	269
339	274
339	276
339	350
339	435
340	5
340	242
340	254
340	259
340	343
340	396
340	407
340	417
340	445
340	461
340	470
341	348
341	383
341	428
341	442
341	456
341	462
341	491
341	493
341	496
341	497
341	498
342	167
342	307
342	320
342	349
342	379
342	411
342	443
342	454
342	479
342	487
342	488
343	242
343	289
343	309
343	340
343	385
343	396
343	417
343	436
343	448
343	461
343	470
344	155
344	166
344	268
344	354
344	355
344	377
344	383
344	389
344	394
344	423
344	438
345	63
345	136
345	178
345	182
345	282
345	318
345	362
345	388
345	431
345	440
345	480
346	18
346	27
346	248
346	275
346	278
346	295
346	310
346	366
346	381
346	405
346	408
347	35
347	58
347	67
347	94
347	128
347	140
347	153
347	229
347	244
347	359
347	419
348	341
348	428
348	432
348	442
348	456
348	462
348	491
348	493
348	496
348	497
348	498
349	100
349	116
349	287
349	342
349	400
349	443
349	454
349	473
349	479
349	487
349	488
350	116
350	193
350	203
350	210
350	258
350	269
350	276
350	306
350	339
350	386
350	435
351	136
351	208
351	230
351	312
351	317
351	362
351	388
351	431
351	440
351	463
351	480
352	101
352	298
352	303
352	304
352	354
352	377
352	387
352	404
352	446
352	452
352	458
353	313
353	361
353	415
353	425
353	430
353	439
353	451
353	453
353	459
353	471
353	482
354	134
354	155
354	169
354	268
354	344
354	352
354	355
354	383
354	389
354	423
354	438
355	64
355	96
355	166
355	169
355	199
355	224
355	344
355	354
355	383
355	389
355	423
355	438
356	233
356	240
356	315
356	325
356	393
356	402
356	418
356	450
356	463
356	467
356	478
356	492
357	47
357	57
357	86
357	90
357	106
357	198
357	217
357	226
357	256
357	285
357	331
357	461
358	87
358	408
358	422
358	465
358	466
358	468
358	474
358	476
358	483
358	484
358	489
358	500
359	3
359	31
359	67
359	94
359	111
359	139
359	153
359	229
359	244
359	347
359	368
359	419
360	238
360	325
360	375
360	379
360	395
360	402
360	434
360	450
360	463
360	467
360	478
360	492
361	147
361	187
361	212
361	240
361	353
361	377
361	387
361	390
361	404
361	446
361	452
361	458
362	77
362	208
362	247
362	305
362	312
362	318
362	345
362	351
362	431
362	440
362	447
362	480
363	107
363	114
363	121
363	165
363	176
363	186
363	225
363	235
363	300
363	334
363	369
363	371
364	133
364	179
364	317
364	391
364	415
364	425
364	430
364	439
364	451
364	453
364	472
364	482
365	190
365	337
365	372
365	386
365	397
365	421
365	426
365	432
365	437
365	441
365	469
365	475
366	10
366	18
366	20
366	27
366	275
366	278
366	295
366	310
366	346
366	381
366	405
366	492
367	185
367	320
367	330
367	400
367	411
367	412
367	443
367	454
367	473
367	479
367	487
367	488
368	210
368	277
368	359
368	382
368	413
368	427
368	455
368	464
368	486
368	490
368	495
368	499
369	107
369	114
369	165
369	176
369	186
369	209
369	225
369	235
369	300
369	334
369	363
369	371
370	319
370	336
370	337
370	372
370	397
370	421
370	426
370	432
370	437
370	441
370	469
370	475
371	107
371	114
371	165
371	176
371	186
371	225
371	235
371	300
371	329
371	334
371	363
371	369
372	6
372	336
372	365
372	370
372	397
372	421
372	426
372	432
372	441
372	469
372	475
372	494
373	408
373	420
373	444
373	460
373	465
373	468
373	474
373	476
373	483
373	484
373	489
373	500
374	49
374	55
374	108
374	168
374	181
374	254
374	297
374	332
374	376
374	420
374	429
374	460
375	125
375	135
375	286
375	294
375	301
375	360
375	392
375	434
375	450
375	467
375	478
375	492
376	17
376	55
376	146
376	156
376	181
376	196
376	297
376	332
376	374
376	420
376	429
376	472
377	240
377	251
377	265
377	266
377	344
377	352
377	361
377	387
377	390
377	446
377	452
377	458
378	192
378	382
378	399
378	403
378	424
378	427
378	455
378	457
378	477
378	486
378	490
378	495
379	42
379	342
379	360
379	385
379	392
379	393
379	402
379	418
379	450
379	467
379	478
379	492
380	14
380	29
380	104
380	131
380	213
380	250
380	270
380	288
380	323
380	333
380	335
380	483
381	10
381	18
381	20
381	27
381	102
381	248
381	275
381	295
381	301
381	310
381	346
381	366
381	405
382	36
382	231
382	368
382	378
382	398
382	413
382	424
382	427
382	464
382	477
382	486
382	490
382	499
383	64
383	87
383	96
383	166
383	169
383	268
383	341
383	344
383	354
383	355
383	389
383	423
383	438
384	23
384	232
384	234
384	272
384	311
384	314
384	406
384	409
384	416
384	449
384	481
384	485
384	494
385	135
385	233
385	313
385	315
385	325
385	343
385	379
385	418
385	450
385	463
385	467
385	478
385	492
386	16
386	32
386	150
386	203
386	224
386	258
386	274
386	276
386	306
386	336
386	350
386	365
386	435
387	240
387	251
387	298
387	304
387	352
387	361
387	377
387	390
387	391
387	404
387	446
387	452
387	458
388	71
388	78
388	152
388	172
388	208
388	223
388	230
388	277
388	292
388	345
388	351
388	447
388	480
389	87
389	134
389	166
389	169
389	199
389	268
389	344
389	354
389	355
389	383
389	438
389	451
389	483
390	170
390	187
390	265
390	303
390	304
390	361
390	377
390	387
390	404
390	446
390	452
390	458
390	476
391	129
391	179
391	280
391	364
391	387
391	415
391	425
391	451
391	453
391	459
391	471
391	472
391	482
392	84
392	176
392	301
392	325
392	375
392	379
392	409
392	434
392	450
392	463
392	467
392	478
392	492
393	42
393	84
393	233
393	238
393	315
393	356
393	379
393	418
393	463
393	467
393	478
393	492
393	498
394	243
394	267
394	321
394	344
394	428
394	442
394	456
394	462
394	491
394	493
394	496
394	497
394	498
395	23
395	161
395	191
395	205
395	234
395	272
395	308
395	360
395	409
395	433
395	481
395	485
395	494
396	142
396	180
396	214
396	259
396	289
396	291
396	340
396	343
396	410
396	436
396	445
396	461
396	470
397	93
397	337
397	365
397	370
397	372
397	421
397	426
397	432
397	437
397	441
397	469
397	475
397	476
398	266
398	382
398	413
398	424
398	427
398	455
398	457
398	477
398	486
398	490
398	495
398	498
398	499
399	212
399	243
399	253
399	378
399	424
399	455
399	457
399	464
399	477
399	486
399	490
399	495
399	499
400	54
400	110
400	185
400	320
400	349
400	367
400	411
400	443
400	446
400	454
400	473
400	479
400	487
400	488
401	412
401	422
401	444
401	460
401	465
401	466
401	468
401	474
401	476
401	483
401	484
401	485
401	489
401	500
402	238
402	276
402	286
402	293
402	315
402	356
402	360
402	379
402	434
402	450
402	463
402	467
402	478
402	492
403	123
403	248
403	263
403	378
403	413
403	427
403	455
403	457
403	464
403	477
403	486
403	490
403	495
403	499
404	82
404	101
404	187
404	266
404	298
404	303
404	304
404	352
404	361
404	387
404	390
404	446
404	452
404	458
405	10
405	18
405	20
405	27
405	102
405	248
405	275
405	278
405	295
405	310
405	346
405	366
405	381
405	496
406	109
406	125
406	151
406	218
406	245
406	285
406	384
406	409
406	416
406	433
406	437
406	449
406	481
406	485
406	494
407	19
407	144
407	271
407	284
407	291
407	309
407	326
407	340
407	410
407	417
407	436
407	445
407	448
407	461
407	470
408	346
408	358
408	373
408	422
408	444
408	460
408	465
408	466
408	468
408	474
408	476
408	483
408	484
408	489
408	500
409	109
409	151
409	195
409	245
409	308
409	384
409	392
409	395
409	406
409	416
409	433
409	449
409	481
409	485
409	494
410	5
410	68
410	146
410	214
410	259
410	271
410	326
410	396
410	407
410	417
410	436
410	445
410	448
410	461
410	470
411	40
411	194
411	287
411	307
411	342
411	367
411	400
411	427
411	443
411	454
411	473
411	474
411	479
411	487
411	488
412	160
412	260
412	367
412	401
412	444
412	460
412	465
412	466
412	468
412	474
412	476
412	483
412	484
412	489
412	500
413	211
413	228
413	238
413	368
413	382
413	398
413	403
413	427
413	455
413	457
413	464
413	477
413	490
413	495
413	499
414	144
414	155
414	184
414	249
414	293
414	319
414	321
414	338
414	442
414	456
414	491
414	493
414	496
414	497
414	498
414	500
415	261
415	278
415	280
415	299
415	324
415	353
415	364
415	391
415	425
415	430
415	439
415	453
415	459
415	471
415	472
415	482
416	137
416	195
416	201
416	244
416	272
416	306
416	308
416	311
416	384
416	406
416	409
416	433
416	449
416	481
416	485
416	494
417	5
417	242
417	286
417	291
417	309
417	326
417	340
417	343
417	407
417	410
417	436
417	445
417	448
417	456
417	461
417	470
418	1
418	104
418	286
418	294
418	301
418	325
418	356
418	379
418	385
418	393
418	429
418	434
418	463
418	467
418	478
418	492
419	3
419	31
419	58
419	67
419	94
419	111
419	128
419	139
419	140
419	153
419	229
419	244
419	283
419	347
419	359
419	486
420	17
420	55
420	81
420	108
420	146
420	156
420	168
420	181
420	196
420	254
420	297
420	332
420	373
420	374
420	376
420	429
421	106
421	190
421	192
421	336
421	337
421	365
421	370
421	372
421	397
421	426
421	432
421	437
421	441
421	469
421	475
421	489
422	76
422	358
422	401
422	408
422	444
422	447
422	460
422	465
422	466
422	468
422	474
422	476
422	483
422	484
422	489
422	500
423	43
423	64
423	87
423	96
423	134
423	155
423	163
423	166
423	169
423	199
423	268
423	344
423	354
423	355
423	383
423	426
423	438
424	210
424	253
424	378
424	382
424	398
424	399
424	427
424	428
424	447
424	455
424	457
424	464
424	477
424	486
424	490
424	495
424	499
425	51
425	59
425	119
425	148
425	313
425	353
425	364
425	391
425	415
425	430
425	439
425	451
425	453
425	459
425	471
425	472
425	482
426	39
426	83
426	93
426	192
426	336
426	337
426	365
426	370
426	372
426	397
426	421
426	423
426	432
426	437
426	441
426	469
426	475
427	211
427	231
427	368
427	378
427	382
427	398
427	403
427	411
427	413
427	424
427	455
427	464
427	477
427	486
427	490
427	495
427	499
428	144
428	237
428	267
428	319
428	321
428	338
428	341
428	348
428	394
428	424
428	442
428	456
428	491
428	493
428	496
428	497
428	498
429	17
429	55
429	81
429	108
429	146
429	156
429	168
429	181
429	196
429	217
429	254
429	297
429	332
429	374
429	376
429	418
429	420
430	59
430	108
430	133
430	273
430	299
430	325
430	353
430	364
430	415
430	425
430	439
430	451
430	453
430	459
430	471
430	472
430	482
431	136
431	152
431	172
431	182
431	230
431	277
431	292
431	312
431	317
431	345
431	351
431	362
431	440
431	447
431	469
431	474
431	480
432	6
432	35
432	190
432	192
432	336
432	337
432	348
432	365
432	370
432	372
432	397
432	421
432	426
432	437
432	441
432	469
432	475
433	23
433	54
433	125
433	195
433	201
433	218
433	234
433	311
433	395
433	406
433	409
433	416
433	449
433	481
433	485
433	491
433	494
434	42
434	135
434	233
434	238
434	286
434	315
434	360
434	375
434	392
434	402
434	418
434	437
434	450
434	463
434	467
434	478
434	492
434	496
435	16
435	32
435	116
435	150
435	157
435	193
435	203
435	222
435	224
435	258
435	269
435	274
435	276
435	306
435	339
435	350
435	386
435	487
436	142
436	214
436	234
436	242
436	271
436	284
436	289
436	302
436	343
436	396
436	407
436	410
436	417
436	445
436	448
436	461
436	470
436	473
437	52
437	83
437	93
437	190
437	192
437	336
437	337
437	365
437	370
437	397
437	406
437	421
437	426
437	432
437	434
437	441
437	469
437	475
438	43
438	64
438	87
438	89
438	96
438	134
438	155
438	166
438	169
438	199
438	268
438	321
438	344
438	354
438	355
438	383
438	389
438	423
439	129
439	133
439	140
439	148
439	154
439	284
439	324
439	353
439	364
439	415
439	425
439	430
439	451
439	453
439	459
439	471
439	472
439	482
440	63
440	71
440	136
440	152
440	172
440	223
440	242
440	247
440	252
440	312
440	317
440	318
440	345
440	351
440	362
440	431
440	447
440	480
441	6
441	35
441	39
441	47
441	52
441	93
441	336
441	337
441	365
441	370
441	372
441	397
441	421
441	426
441	432
441	437
441	469
441	475
442	54
442	200
442	267
442	293
442	338
442	341
442	348
442	394
442	414
442	428
442	456
442	462
442	466
442	471
442	491
442	493
442	496
442	497
442	498
443	117
443	167
443	180
443	185
443	194
443	261
443	296
443	307
443	320
443	330
443	342
443	349
443	367
443	400
443	411
443	454
443	479
443	487
443	488
444	150
444	163
444	171
444	246
444	329
444	373
444	401
444	408
444	412
444	422
444	460
444	465
444	466
444	468
444	474
444	483
444	484
444	489
444	500
445	68
445	74
445	142
445	214
445	247
445	259
445	284
445	289
445	291
445	326
445	340
445	396
445	407
445	410
445	417
445	436
445	448
445	461
445	470
446	101
446	112
446	187
446	240
446	250
446	251
446	266
446	298
446	303
446	304
446	352
446	361
446	377
446	387
446	390
446	400
446	404
446	452
446	458
447	63
447	71
447	77
447	136
447	172
447	230
447	247
447	277
447	292
447	312
447	317
447	318
447	362
447	388
447	422
447	424
447	431
447	440
447	480
448	5
448	68
448	138
448	164
448	214
448	271
448	284
448	289
448	302
448	309
448	326
448	343
448	407
448	410
448	417
448	436
448	445
448	461
448	470
449	109
449	125
449	151
449	191
449	218
449	234
449	245
449	272
449	311
449	384
449	406
449	409
449	416
449	433
449	450
449	458
449	481
449	485
449	494
450	60
450	104
450	233
450	286
450	294
450	301
450	315
450	356
450	360
450	375
450	379
450	385
450	392
450	402
450	434
450	449
450	463
450	467
450	478
450	492
451	59
451	148
451	179
451	246
451	273
451	299
451	313
451	324
451	353
451	364
451	389
451	391
451	425
451	430
451	439
451	453
451	459
451	471
451	472
451	482
452	101
452	112
452	187
452	240
452	251
452	265
452	266
452	298
452	303
452	304
452	352
452	361
452	377
452	387
452	390
452	404
452	446
452	458
452	477
452	478
453	133
453	154
453	273
453	280
453	299
453	324
453	353
453	364
453	391
453	415
453	425
453	430
453	439
453	451
453	454
453	459
453	471
453	472
453	482
453	493
454	110
454	117
454	143
454	180
454	194
454	236
454	261
454	287
454	330
454	342
454	349
454	367
454	400
454	411
454	443
454	453
454	473
454	479
454	487
454	488
455	2
455	32
455	173
455	223
455	228
455	368
455	378
455	398
455	399
455	403
455	413
455	424
455	427
455	457
455	464
455	477
455	486
455	490
455	495
455	499
456	201
456	239
456	243
456	267
456	293
456	319
456	338
456	341
456	348
456	394
456	414
456	417
456	428
456	442
456	462
456	491
456	493
456	496
456	497
456	498
457	53
457	123
457	173
457	212
457	253
457	378
457	398
457	399
457	403
457	413
457	424
457	455
457	464
457	468
457	477
457	482
457	486
457	490
457	495
457	499
458	101
458	112
458	187
458	240
458	245
458	251
458	265
458	266
458	298
458	303
458	304
458	352
458	361
458	377
458	387
458	390
458	404
458	446
458	449
458	452
459	129
459	154
459	179
459	273
459	280
459	281
459	299
459	324
459	353
459	391
459	415
459	425
459	430
459	439
459	451
459	453
459	471
459	472
459	482
459	489
459	490
460	46
460	73
460	171
460	260
460	373
460	374
460	401
460	408
460	412
460	422
460	444
460	465
460	466
460	468
460	474
460	476
460	483
460	484
460	489
460	491
460	500
461	5
461	214
461	242
461	259
461	271
461	284
461	302
461	309
461	326
461	331
461	340
461	343
461	357
461	396
461	407
461	410
461	417
461	436
461	445
461	448
461	470
462	34
462	54
462	105
462	127
462	227
462	237
462	239
462	319
462	321
462	338
462	341
462	348
462	394
462	442
462	456
462	480
462	491
462	493
462	496
462	497
462	498
463	113
463	135
463	233
463	238
463	294
463	301
463	315
463	325
463	351
463	356
463	360
463	385
463	392
463	393
463	402
463	418
463	434
463	450
463	467
463	478
463	492
464	2
464	17
464	53
464	123
464	211
464	228
464	231
464	368
464	382
464	399
464	403
464	413
464	424
464	427
464	455
464	457
464	470
464	477
464	486
464	490
464	495
464	499
465	4
465	46
465	163
465	246
465	329
465	358
465	373
465	401
465	408
465	412
465	422
465	444
465	460
465	466
465	468
465	474
465	476
465	483
465	484
465	485
465	489
465	500
466	73
466	160
466	189
466	215
466	260
466	318
466	358
466	401
466	408
466	412
466	422
466	442
466	444
466	460
466	465
466	468
466	474
466	476
466	483
466	484
466	489
466	500
467	104
467	286
467	294
467	301
467	315
467	325
467	356
467	360
467	375
467	379
467	385
467	392
467	393
467	402
467	418
467	434
467	450
467	463
467	478
467	487
467	492
467	499
468	171
468	215
468	260
468	329
468	358
468	373
468	401
468	408
468	412
468	422
468	444
468	457
468	460
468	465
468	466
468	474
468	476
468	483
468	484
468	488
468	489
468	500
469	6
469	35
469	39
469	52
469	83
469	93
469	190
469	192
469	336
469	337
469	365
469	370
469	372
469	397
469	421
469	426
469	431
469	432
469	437
469	441
469	471
469	475
470	142
470	191
470	214
470	242
470	271
470	284
470	289
470	291
470	302
470	309
470	326
470	340
470	343
470	396
470	407
470	410
470	417
470	436
470	445
470	448
470	461
470	464
471	59
471	148
471	149
471	154
471	273
471	280
471	299
471	313
471	324
471	353
471	391
471	415
471	425
471	430
471	439
471	442
471	451
471	453
471	459
471	469
471	472
471	482
472	129
472	148
472	154
472	179
472	207
472	258
472	280
472	299
472	313
472	324
472	364
472	376
472	391
472	415
472	425
472	430
472	439
472	451
472	453
472	459
472	471
472	482
473	40
473	46
473	100
473	110
473	143
473	180
473	194
473	261
473	287
473	300
473	307
473	320
473	330
473	349
473	367
473	400
473	411
473	436
473	454
473	479
473	487
473	488
474	105
474	160
474	246
474	260
474	329
474	358
474	373
474	401
474	408
474	411
474	412
474	422
474	431
474	444
474	460
474	465
474	466
474	468
474	476
474	483
474	484
474	489
474	500
475	6
475	35
475	39
475	52
475	83
475	93
475	100
475	190
475	192
475	237
475	336
475	337
475	365
475	370
475	372
475	397
475	421
475	426
475	432
475	437
475	441
475	469
475	482
476	19
476	46
476	85
476	171
476	246
476	303
476	329
476	358
476	373
476	390
476	397
476	401
476	408
476	412
476	422
476	460
476	465
476	466
476	468
476	474
476	484
476	489
476	500
477	12
477	56
477	89
477	123
477	211
477	231
477	253
477	378
477	382
477	398
477	399
477	403
477	413
477	424
477	427
477	452
477	455
477	457
477	464
477	486
477	490
477	495
477	499
478	42
478	104
478	135
478	233
478	238
478	253
478	294
478	325
478	356
478	360
478	375
478	379
478	385
478	392
478	393
478	402
478	418
478	434
478	450
478	452
478	463
478	467
478	492
479	40
479	110
479	117
479	141
479	143
479	167
479	180
479	194
479	268
479	287
479	307
479	320
479	330
479	342
479	349
479	367
479	400
479	411
479	443
479	454
479	473
479	487
479	488
479	500
480	30
480	71
480	77
480	136
480	152
480	178
480	208
480	223
480	230
480	247
480	277
480	292
480	302
480	312
480	317
480	318
480	345
480	351
480	362
480	388
480	431
480	440
480	447
480	462
481	37
481	109
481	125
481	137
481	151
481	161
481	191
481	195
481	201
481	218
481	234
481	272
481	308
481	311
481	314
481	384
481	395
481	406
481	409
481	416
481	433
481	449
481	485
481	494
481	497
482	59
482	129
482	133
482	148
482	154
482	179
482	273
482	280
482	299
482	313
482	324
482	353
482	364
482	391
482	415
482	425
482	430
482	439
482	451
482	453
482	457
482	459
482	471
482	472
482	475
483	73
483	163
483	171
483	206
483	215
483	246
483	260
483	329
483	358
483	373
483	380
483	389
483	401
483	408
483	412
483	422
483	444
483	460
483	465
483	466
483	468
483	474
483	484
483	489
483	500
484	19
484	73
484	85
484	127
484	163
484	215
484	260
484	279
484	329
484	358
484	373
484	401
484	408
484	412
484	422
484	444
484	460
484	465
484	466
484	468
484	474
484	476
484	483
484	487
484	489
484	500
485	23
485	109
485	137
485	151
485	161
485	168
485	191
485	195
485	201
485	218
485	245
485	272
485	308
485	311
485	314
485	384
485	395
485	401
485	406
485	409
485	416
485	433
485	449
485	465
485	481
485	494
486	2
486	12
486	89
486	167
486	173
486	210
486	211
486	212
486	228
486	231
486	253
486	368
486	378
486	382
486	398
486	399
486	403
486	419
486	424
486	427
486	455
486	457
486	464
486	477
486	490
486	495
486	499
487	40
487	100
487	110
487	117
487	143
487	167
487	180
487	185
487	194
487	261
487	287
487	307
487	320
487	330
487	342
487	349
487	367
487	400
487	411
487	435
487	443
487	454
487	467
487	473
487	479
487	484
487	488
488	40
488	100
488	110
488	117
488	143
488	167
488	180
488	185
488	194
488	261
488	287
488	307
488	308
488	320
488	330
488	342
488	349
488	367
488	400
488	411
488	443
488	454
488	468
488	473
488	479
488	487
488	495
489	19
489	85
489	160
489	163
489	171
489	215
489	246
489	329
489	358
489	373
489	401
489	408
489	412
489	421
489	422
489	444
489	459
489	460
489	465
489	466
489	468
489	474
489	476
489	483
489	484
489	498
489	500
490	12
490	53
490	62
490	89
490	173
490	200
490	210
490	212
490	228
490	231
490	368
490	378
490	382
490	398
490	399
490	403
490	413
490	424
490	427
490	455
490	457
490	459
490	464
490	477
490	486
490	495
490	499
491	54
491	105
491	184
491	200
491	227
491	237
491	239
491	243
491	249
491	267
491	319
491	321
491	338
491	341
491	348
491	394
491	414
491	428
491	433
491	442
491	456
491	460
491	462
491	493
491	496
491	497
491	498
492	84
492	104
492	135
492	183
492	198
492	233
492	238
492	286
492	294
492	301
492	315
492	325
492	356
492	360
492	366
492	375
492	379
492	385
492	392
492	393
492	402
492	418
492	434
492	450
492	463
492	467
492	478
493	34
493	38
493	105
493	184
493	188
493	200
493	227
493	237
493	239
493	243
493	249
493	293
493	319
493	321
493	338
493	341
493	348
493	394
493	414
493	428
493	442
493	453
493	456
493	462
493	491
493	496
493	497
493	498
494	23
494	109
494	125
494	137
494	151
494	161
494	191
494	195
494	201
494	218
494	234
494	245
494	272
494	308
494	311
494	314
494	320
494	323
494	372
494	384
494	395
494	406
494	409
494	416
494	433
494	449
494	481
494	485
495	2
495	9
495	12
495	89
495	123
495	173
495	210
495	211
495	212
495	228
495	253
495	269
495	368
495	378
495	398
495	399
495	403
495	413
495	424
495	427
495	455
495	457
495	464
495	477
495	486
495	488
495	490
495	499
496	34
496	105
496	144
496	184
496	200
496	227
496	237
496	239
496	243
496	249
496	267
496	293
496	319
496	321
496	338
496	341
496	348
496	394
496	405
496	414
496	428
496	434
496	442
496	456
496	462
496	491
496	493
496	497
496	498
497	34
497	105
497	144
497	184
497	200
497	227
497	237
497	239
497	243
497	249
497	267
497	271
497	293
497	319
497	321
497	338
497	341
497	348
497	394
497	414
497	428
497	442
497	456
497	462
497	481
497	491
497	493
497	496
497	498
498	34
498	144
498	184
498	200
498	227
498	237
498	239
498	243
498	249
498	267
498	293
498	319
498	321
498	338
498	341
498	348
498	393
498	394
498	398
498	414
498	428
498	442
498	456
498	462
498	489
498	491
498	493
498	496
498	497
499	2
499	12
499	53
499	70
499	123
499	173
499	210
499	211
499	212
499	228
499	231
499	253
499	309
499	368
499	382
499	398
499	399
499	403
499	413
499	424
499	427
499	455
499	457
499	464
499	467
499	477
499	486
499	490
499	495
500	19
500	46
500	73
500	85
500	160
500	163
500	171
500	215
500	246
500	260
500	307
500	329
500	358
500	373
500	401
500	408
500	412
500	414
500	422
500	444
500	460
500	465
500	466
500	468
500	474
500	476
500	479
500	483
500	484
500	489
