1	2
1	10
1	40
1	87
1	106
2	1
2	10
2	87
2	106
2	492
3	20
3	53
3	55
3	56
3	73
4	357
4	416
4	424
4	425
4	470
5	6
5	8
5	37
5	88
5	189
6	5
6	8
6	37
6	88
6	174
7	27
7	28
7	32
7	79
7	262
8	5
8	6
8	37
8	88
8	203
9	280
9	439
9	445
9	463
9	464
10	1
10	2
10	87
10	106
10	451
11	23
11	72
11	89
11	134
11	403
12	80
12	230
12	272
12	291
12	331
13	19
13	130
13	150
13	291
13	331
14	110
14	220
14	228
14	231
14	232
15	392
15	397
15	404
15	408
15	413
16	17
16	35
16	136
16	158
16	496
17	16
17	29
17	35
17	119
17	158
18	439
18	445
18	463
18	464
18	473
19	13
19	87
19	150
19	291
19	331
20	3
20	39
20	147
20	159
20	363
21	279
21	355
21	359
21	418
21	430
22	429
22	469
22	482
22	494
22	498
23	11
23	72
23	105
23	134
23	480
24	104
24	120
24	162
24	221
24	462
25	394
25	459
25	474
25	485
25	491
26	186
26	215
26	253
26	292
26	326
27	7
27	28
27	30
27	32
27	79
28	7
28	27
28	32
28	79
28	395
29	17
29	119
29	136
29	158
29	485
30	27
30	44
30	64
30	65
30	143
31	85
31	319
31	355
31	418
31	430
32	7
32	27
32	28
32	55
32	79
33	71
33	76
33	80
33	93
33	452
34	38
34	171
34	275
34	333
34	419
35	16
35	17
35	51
35	119
35	136
36	47
36	139
36	174
36	179
36	453
37	5
37	6
37	8
37	88
37	423
38	34
38	169
38	204
38	275
38	333
39	20
39	91
39	100
39	148
39	159
40	1
40	462
40	475
40	479
40	482
41	298
41	386
41	455
41	487
41	497
42	149
42	260
42	295
42	298
42	382
43	227
43	357
43	364
43	381
43	424
44	30
44	45
44	65
44	143
44	439
45	44
45	64
45	65
45	143
45	417
46	198
46	244
46	254
46	338
46	339
47	36
47	70
47	139
47	174
47	179
48	466
48	486
48	489
48	492
48	495
49	121
49	176
49	196
49	206
49	234
50	292
50	297
50	316
50	350
50	384
51	35
51	321
51	445
51	463
51	464
52	243
52	432
52	441
52	448
52	453
53	3
53	55
53	56
53	73
53	412
54	278
54	454
54	459
54	485
54	491
55	3
55	32
55	53
55	56
55	73
56	3
56	53
56	55
56	73
56	296
57	446
57	455
57	484
57	487
57	497
58	433
58	462
58	481
58	482
58	498
59	84
59	123
59	154
59	175
59	340
60	178
60	301
60	306
60	311
60	375
61	140
61	322
61	409
61	449
61	472
62	135
62	196
62	206
62	234
62	447
63	216
63	268
63	297
63	384
63	492
64	30
64	45
64	65
64	143
64	435
65	30
65	44
65	45
65	64
65	143
66	301
66	310
66	368
66	375
66	376
67	454
67	459
67	474
67	485
67	491
68	127
68	138
68	177
68	191
68	484
69	212
69	293
69	400
69	409
69	449
70	47
70	139
70	174
70	179
70	472
71	33
71	76
71	80
71	93
71	297
72	11
72	23
72	89
72	105
72	134
73	3
73	53
73	55
73	56
73	396
74	133
74	228
74	231
74	232
74	397
75	289
75	364
75	381
75	416
75	425
76	33
76	71
76	80
76	93
76	479
77	96
77	254
77	304
77	373
77	468
78	347
78	360
78	362
78	378
78	389
79	7
79	27
79	28
79	32
79	409
80	12
80	33
80	71
80	76
80	93
81	218
81	236
81	293
81	449
81	469
82	317
82	406
82	470
82	476
82	487
83	226
83	293
83	400
83	409
83	449
84	59
84	123
84	154
84	175
84	399
85	31
85	314
85	371
85	418
85	430
86	352
86	363
86	378
86	389
86	411
87	1
87	2
87	10
87	19
87	106
88	5
88	6
88	8
88	37
88	456
89	11
89	72
89	105
89	134
89	172
90	324
90	435
90	452
90	465
90	467
91	39
91	100
91	147
91	148
91	159
92	123
92	154
92	175
92	233
92	386
93	33
93	71
93	76
93	80
93	393
94	348
94	468
94	483
94	489
94	495
95	444
95	471
95	496
95	499
95	500
96	77
96	141
96	304
96	338
96	404
97	149
97	217
97	224
97	345
97	382
98	361
98	398
98	455
98	476
98	484
99	133
99	169
99	204
99	275
99	333
100	39
100	91
100	147
100	148
100	492
101	105
101	437
101	456
101	473
101	477
102	267
102	381
102	416
102	424
102	425
103	141
103	300
103	455
103	476
103	487
104	24
104	155
104	221
104	227
104	312
105	23
105	72
105	89
105	101
105	134
106	1
106	2
106	10
106	87
106	448
107	254
107	431
107	454
107	474
107	485
107	491
108	156
108	297
108	350
108	374
108	384
108	437
109	127
109	138
109	172
109	177
109	191
109	473
110	14
110	133
110	228
110	231
110	232
110	273
111	330
111	480
111	488
111	496
111	499
111	500
112	384
112	423
112	469
112	475
112	479
112	498
113	159
113	398
113	470
113	484
113	487
113	497
114	190
114	381
114	416
114	424
114	425
114	494
115	184
115	480
115	488
115	496
115	499
115	500
116	339
116	435
116	461
116	465
116	467
116	472
117	380
117	392
117	397
117	408
117	413
117	454
118	307
118	421
118	447
118	461
118	465
118	472
119	17
119	29
119	35
119	136
119	158
119	440
120	24
120	155
120	162
120	221
120	227
120	313
121	49
121	385
121	434
121	456
121	473
121	477
122	327
122	360
122	362
122	363
122	378
122	389
123	59
123	84
123	92
123	154
123	175
123	192
124	125
124	386
124	406
124	476
124	487
124	497
125	124
125	271
125	406
125	412
125	484
125	497
126	210
126	417
126	437
126	456
126	473
126	477
127	68
127	109
127	138
127	172
127	191
127	500
128	262
128	278
128	287
128	319
128	340
128	356
129	183
129	421
129	447
129	461
129	467
129	472
130	13
130	207
130	230
130	272
130	291
130	331
131	379
131	440
131	451
131	458
131	464
131	466
132	249
132	438
132	442
132	451
132	458
132	466
133	74
133	99
133	110
133	228
133	231
133	232
134	11
134	23
134	72
134	89
134	105
134	452
135	62
135	152
135	176
135	196
135	206
135	234
136	16
136	29
136	35
136	119
136	158
136	475
137	471
137	482
137	488
137	496
137	499
137	500
138	68
138	109
138	127
138	177
138	191
138	200
139	36
139	47
139	70
139	174
139	179
139	303
140	61
140	261
140	341
140	409
140	449
140	479
141	96
141	103
141	244
141	263
141	339
141	373
142	364
142	381
142	392
142	416
142	424
142	425
143	30
143	44
143	45
143	64
143	65
143	239
144	266
144	440
144	442
144	451
144	458
144	466
145	269
145	323
145	352
145	360
145	378
145	389
146	421
146	461
146	465
146	467
146	472
146	496
147	20
147	91
147	100
147	148
147	159
147	275
148	39
148	91
148	100
148	147
148	157
148	159
149	42
149	97
149	155
149	217
149	345
149	382
150	13
150	19
150	230
150	272
150	291
150	331
151	178
151	193
151	310
151	311
151	375
151	376
152	135
152	379
152	438
152	451
152	458
152	466
153	468
153	470
153	478
153	486
153	492
153	493
154	59
154	84
154	92
154	123
154	175
154	295
155	104
155	120
155	149
155	162
155	221
155	227
156	108
156	185
156	268
156	336
156	374
156	375
157	148
157	226
157	322
157	400
157	409
157	449
158	16
158	17
158	29
158	119
158	136
158	494
159	20
159	39
159	91
159	113
159	147
159	148
160	189
160	287
160	324
160	340
160	356
160	378
161	278
161	287
161	324
161	340
161	356
161	477
162	24
162	120
162	155
162	221
162	227
162	428
163	380
163	421
163	447
163	452
163	461
163	472
164	248
164	398
164	455
164	476
164	484
164	497
165	371
165	397
165	404
165	408
165	413
165	420
166	427
166	450
166	474
166	485
166	491
166	493
167	215
167	270
167	326
167	365
167	411
167	495
168	169
168	171
168	204
168	275
168	333
168	422
169	38
169	99
169	168
169	171
169	275
169	333
170	356
170	450
170	459
170	474
170	485
170	491
171	34
171	168
171	169
171	204
171	292
171	333
172	89
172	109
172	127
172	177
172	178
172	191
173	342
173	353
173	372
173	445
173	463
173	464
174	6
174	36
174	47
174	70
174	139
174	179
175	59
175	84
175	92
175	123
175	154
175	325
176	49
176	135
176	196
176	206
176	234
176	418
177	68
177	109
177	138
177	172
177	191
177	304
178	60
178	151
178	172
178	193
178	310
178	376
179	36
179	47
179	70
179	139
179	174
179	357
180	208
180	214
180	260
180	295
180	374
180	382
181	222
181	279
181	387
181	391
181	418
181	430
182	314
182	344
182	446
182	476
182	484
182	487
183	129
183	198
183	304
183	338
183	339
183	373
184	115
184	290
184	342
184	445
184	458
184	463
184	464
185	156
185	259
185	268
185	297
185	316
185	336
185	373
186	26
186	313
186	326
186	354
186	365
186	411
186	443
187	236
187	261
187	322
187	400
187	409
187	436
187	449
188	447
188	452
188	461
188	465
188	467
188	472
188	485
189	5
189	160
189	202
189	262
189	287
189	324
189	356
190	114
190	357
190	364
190	416
190	424
190	425
190	428
191	68
191	109
191	127
191	138
191	172
191	177
191	194
192	123
192	212
192	261
192	293
192	400
192	409
192	449
193	151
193	178
193	277
193	301
193	306
193	310
193	311
194	191
194	396
194	407
194	419
194	441
194	448
194	453
195	427
195	450
195	459
195	474
195	484
195	485
195	491
196	49
196	62
196	135
196	176
196	206
196	234
196	326
197	406
197	412
197	446
197	447
197	470
197	476
197	497
198	46
198	183
198	263
198	300
198	338
198	339
198	373
199	202
199	321
199	327
199	439
199	445
199	463
199	464
200	138
200	460
200	480
200	488
200	496
200	499
200	500
201	300
201	405
201	412
201	446
201	470
201	487
201	497
202	189
202	199
202	262
202	278
202	324
202	340
202	356
203	8
203	214
203	224
203	260
203	295
203	345
203	382
204	38
204	99
204	168
204	171
204	275
204	333
204	487
205	252
205	438
205	442
205	451
205	458
205	466
205	486
206	49
206	62
206	135
206	176
206	196
206	234
206	422
207	130
207	337
207	380
207	392
207	404
207	408
207	413
208	180
208	302
208	309
208	440
208	442
208	458
208	466
209	251
209	371
209	392
209	397
209	404
209	408
209	413
210	126
210	289
210	357
210	364
210	416
210	424
210	425
211	446
211	470
211	474
211	476
211	484
211	487
211	497
212	69
212	192
212	293
212	400
212	409
212	449
212	472
213	358
213	421
213	435
213	452
213	461
213	465
213	467
214	180
214	203
214	217
214	224
214	285
214	345
214	382
215	26
215	167
215	270
215	277
215	326
215	351
215	411
216	63
216	223
216	316
216	327
216	350
216	374
216	384
217	97
217	149
217	214
217	235
217	260
217	345
217	382
218	81
218	226
218	293
218	399
218	400
218	409
218	449
219	386
219	455
219	456
219	470
219	473
219	476
219	497
220	14
220	325
220	402
220	452
220	461
220	465
220	467
221	24
221	104
221	120
221	155
221	162
221	227
221	488
222	181
222	332
222	345
222	359
222	391
222	418
222	430
223	216
223	268
223	312
223	350
223	374
223	384
223	490
224	97
224	203
224	214
224	295
224	345
224	376
224	382
225	433
225	444
225	471
225	480
225	496
225	499
225	500
226	83
226	157
226	218
226	400
226	409
226	449
226	459
227	43
227	104
227	120
227	155
227	162
227	221
227	465
228	14
228	74
228	110
228	133
228	231
228	232
228	359
229	321
229	366
229	390
229	439
229	445
229	463
229	464
230	12
230	130
230	150
230	272
230	291
230	331
230	394
231	14
231	74
231	110
231	133
231	228
231	232
231	362
232	14
232	74
232	110
232	133
232	228
232	231
232	295
233	92
233	328
233	417
233	420
233	456
233	473
233	477
234	49
234	62
234	135
234	176
234	196
234	206
234	485
235	217
235	305
235	396
235	432
235	441
235	448
235	453
236	81
236	187
236	261
236	400
236	409
236	424
236	449
237	265
237	366
237	372
237	439
237	445
237	463
237	464
238	386
238	398
238	406
238	439
238	470
238	484
238	497
239	143
239	270
239	271
239	292
239	313
239	326
239	411
240	274
240	403
240	420
240	434
240	456
240	473
240	477
240	500
241	283
241	284
241	301
241	306
241	311
241	351
241	368
241	375
242	346
242	460
242	471
242	480
242	488
242	496
242	499
242	500
243	52
243	343
243	407
243	419
243	441
243	448
243	453
243	480
244	46
244	141
244	254
244	263
244	304
244	338
244	373
244	451
245	371
245	380
245	392
245	397
245	404
245	408
245	413
245	436
246	328
246	343
246	405
246	417
246	437
246	456
246	473
246	477
247	323
247	415
247	444
247	460
247	488
247	496
247	499
247	500
248	164
248	253
248	271
248	277
248	292
248	313
248	365
248	411
249	132
249	402
249	435
249	447
249	452
249	461
249	465
249	472
250	266
250	269
250	438
250	440
250	442
250	458
250	466
250	468
251	209
251	444
251	480
251	481
251	488
251	496
251	499
251	500
252	205
252	430
252	438
252	440
252	442
252	451
252	458
252	466
253	26
253	248
253	277
253	292
253	326
253	365
253	411
253	468
254	46
254	77
254	107
254	244
254	263
254	338
254	339
254	373
255	285
255	353
255	419
255	432
255	441
255	448
255	453
255	486
256	369
256	403
256	431
256	434
256	437
256	456
256	473
256	477
257	336
257	427
257	450
257	454
257	459
257	474
257	485
257	491
258	299
258	427
258	431
258	450
258	454
258	459
258	485
258	491
259	185
259	268
259	297
259	312
259	336
259	374
259	384
259	469
260	42
260	180
260	203
260	217
260	295
260	345
260	382
260	442
261	140
261	187
261	192
261	236
261	322
261	341
261	400
261	449
262	7
262	128
262	189
262	202
262	278
262	324
262	340
262	356
263	141
263	198
263	244
263	254
263	304
263	338
263	339
263	373
264	281
264	323
264	352
264	362
264	363
264	378
264	389
264	445
265	237
265	420
265	468
265	478
265	483
265	486
265	490
265	493
266	144
266	250
266	320
266	433
266	440
266	442
266	451
266	466
267	102
267	286
267	289
267	357
267	364
267	416
267	424
267	425
268	63
268	156
268	185
268	223
268	259
268	312
268	316
268	499
269	145
269	250
269	438
269	440
269	442
269	451
269	458
269	466
270	167
270	215
270	239
270	271
270	313
270	365
270	411
270	487
271	125
271	239
271	248
271	270
271	277
271	292
271	365
271	411
272	12
272	130
272	150
272	230
272	291
272	305
272	331
272	498
273	110
273	415
273	460
273	480
273	488
273	496
273	499
273	500
274	240
274	328
274	403
274	437
274	444
274	456
274	471
274	473
274	477
275	34
275	38
275	99
275	147
275	168
275	169
275	204
275	276
275	333
276	275
276	288
276	371
276	380
276	392
276	397
276	404
276	408
276	413
277	193
277	215
277	248
277	253
277	271
277	313
277	365
277	411
277	500
278	54
278	128
278	161
278	202
278	262
278	287
278	324
278	340
278	356
279	21
279	181
279	296
279	303
279	319
279	387
279	391
279	418
279	430
280	9
280	290
280	327
280	372
280	375
280	439
280	445
280	463
280	464
281	264
281	288
281	323
281	352
281	360
281	362
281	363
281	378
281	389
282	306
282	335
282	377
282	427
282	431
282	459
282	474
282	485
282	491
283	241
283	393
283	460
283	471
283	480
283	488
283	496
283	499
283	500
284	241
284	301
284	306
284	310
284	351
284	368
284	375
284	376
284	461
285	214
285	255
285	353
285	407
285	419
285	432
285	441
285	448
285	453
286	267
286	371
286	380
286	392
286	397
286	404
286	408
286	413
286	490
287	128
287	160
287	161
287	189
287	278
287	324
287	340
287	356
287	430
288	276
288	281
288	344
288	412
288	446
288	455
288	476
288	484
288	487
289	75
289	210
289	267
289	333
289	357
289	381
289	416
289	424
289	425
290	184
290	280
290	366
290	372
290	439
290	445
290	463
290	464
290	476
291	12
291	13
291	19
291	130
291	150
291	230
291	272
291	316
291	331
292	26
292	50
292	171
292	239
292	248
292	253
292	271
292	365
292	411
293	69
293	81
293	83
293	192
293	212
293	218
293	322
293	449
293	498
294	395
294	429
294	433
294	443
294	465
294	475
294	481
294	494
294	498
295	42
295	154
295	180
295	203
295	224
295	232
295	260
295	345
295	382
296	56
296	279
296	396
296	407
296	419
296	432
296	441
296	448
296	453
297	50
297	63
297	71
297	108
297	185
297	259
297	312
297	374
297	384
298	41
298	42
298	344
298	455
298	465
298	476
298	484
298	487
298	497
299	258
299	436
299	468
299	478
299	489
299	490
299	492
299	493
299	495
300	103
300	198
300	201
300	446
300	470
300	484
300	487
300	488
300	497
301	60
301	66
301	193
301	241
301	284
301	351
301	368
301	376
301	480
302	208
302	379
302	438
302	440
302	442
302	451
302	458
302	462
302	466
303	139
303	279
303	332
303	355
303	359
303	387
303	391
303	418
303	430
304	77
304	96
304	177
304	183
304	244
304	263
304	338
304	339
304	373
305	235
305	272
305	407
305	419
305	432
305	441
305	448
305	453
305	484
306	60
306	193
306	241
306	282
306	284
306	351
306	368
306	375
306	376
307	118
307	436
307	457
307	468
307	483
307	486
307	490
307	492
307	493
307	495
308	388
308	427
308	431
308	444
308	450
308	454
308	459
308	474
308	485
308	491
309	208
309	320
309	379
309	438
309	440
309	442
309	451
309	458
309	466
309	467
310	66
310	151
310	178
310	193
310	284
310	351
310	364
310	368
310	375
310	376
311	60
311	151
311	193
311	241
311	351
311	368
311	375
311	376
311	438
311	475
312	104
312	223
312	259
312	268
312	297
312	316
312	336
312	350
312	374
312	384
313	120
313	186
313	239
313	248
313	270
313	277
313	322
313	326
313	400
313	411
314	85
314	182
314	332
314	355
314	359
314	387
314	391
314	418
314	430
314	455
315	346
315	396
315	407
315	419
315	432
315	441
315	448
315	453
315	464
315	497
316	50
316	185
316	216
316	268
316	291
316	312
316	336
316	350
316	374
316	414
317	82
317	401
317	403
317	410
317	469
317	479
317	481
317	482
317	494
317	498
318	393
318	405
318	415
318	448
318	471
318	480
318	488
318	496
318	499
318	500
319	31
319	128
319	279
319	332
319	355
319	359
319	387
319	391
319	418
319	430
320	266
320	309
320	379
320	383
320	438
320	440
320	442
320	451
320	458
320	466
321	51
321	199
321	229
321	342
321	435
321	439
321	445
321	462
321	463
321	464
322	61
322	157
322	187
322	261
322	293
322	313
322	400
322	409
322	428
322	449
323	145
323	247
323	264
323	281
323	352
323	360
323	362
323	363
323	378
323	389
324	90
324	160
324	161
324	189
324	202
324	262
324	278
324	287
324	340
324	356
325	175
325	220
325	361
325	402
325	435
325	447
325	452
325	465
325	467
325	472
326	26
326	167
326	186
326	196
326	215
326	239
326	253
326	313
326	365
326	411
327	122
327	199
327	216
327	280
327	342
327	366
327	372
327	439
327	463
327	464
328	233
328	246
328	274
328	369
328	382
328	385
328	420
328	434
328	473
328	477
329	366
329	369
329	403
329	417
329	420
329	434
329	437
329	456
329	473
329	477
330	111
330	331
330	457
330	468
330	483
330	489
330	490
330	492
330	493
330	495
331	12
331	13
331	19
331	130
331	150
331	230
331	272
331	291
331	330
331	460
332	222
332	303
332	314
332	319
332	359
332	387
332	391
332	408
332	418
332	430
333	34
333	38
333	99
333	168
333	169
333	171
333	204
333	275
333	289
333	437
334	405
334	417
334	444
334	460
334	471
334	480
334	488
334	496
334	499
334	500
335	282
335	382
335	387
335	388
335	431
335	450
335	454
335	474
335	485
335	491
336	156
336	185
336	257
336	259
336	312
336	316
336	350
336	374
336	384
336	411
337	207
337	410
337	423
337	462
337	469
337	479
337	481
337	482
337	494
337	498
338	46
338	96
338	183
338	198
338	244
338	254
338	263
338	304
338	339
338	373
338	387
339	46
339	116
339	141
339	183
339	198
339	254
339	263
339	304
339	338
339	363
339	373
340	59
340	128
340	160
340	161
340	202
340	262
340	278
340	287
340	324
340	356
340	495
341	140
341	261
341	377
341	388
341	431
341	450
341	454
341	459
341	474
341	485
341	491
342	173
342	184
342	321
342	327
342	347
342	366
342	372
342	439
342	445
342	463
342	464
343	243
343	246
343	369
343	385
343	417
343	420
343	434
343	437
343	473
343	477
343	494
344	182
344	288
344	298
344	406
344	433
344	446
344	470
344	476
344	484
344	487
344	497
345	97
345	149
345	203
345	214
345	217
345	222
345	224
345	260
345	295
345	382
345	460
346	242
346	315
346	353
346	396
346	407
346	419
346	432
346	441
346	448
346	453
346	487
347	78
347	342
347	415
347	444
347	460
347	471
347	480
347	488
347	496
347	499
347	500
348	94
348	361
348	402
348	421
348	435
348	442
348	447
348	452
348	465
348	467
348	472
349	354
349	414
349	423
349	443
349	445
349	462
349	479
349	481
349	482
349	494
349	498
350	50
350	108
350	216
350	223
350	312
350	316
350	336
350	374
350	384
350	399
350	490
351	215
351	241
351	284
351	301
351	306
351	310
351	311
351	368
351	375
351	376
351	432
352	86
352	145
352	264
352	281
352	323
352	360
352	362
352	363
352	370
352	378
352	389
352	483
353	173
353	255
353	285
353	346
353	396
353	407
353	419
353	432
353	441
353	448
353	449
353	453
354	186
354	349
354	358
354	395
354	404
354	414
354	422
354	423
354	429
354	481
354	494
354	498
355	21
355	31
355	303
355	314
355	319
355	359
355	387
355	391
355	402
355	418
355	430
355	474
356	128
356	160
356	161
356	170
356	189
356	202
356	262
356	278
356	287
356	324
356	340
356	489
357	4
357	43
357	179
357	190
357	210
357	267
357	289
357	364
357	381
357	416
357	424
357	425
358	213
358	354
358	410
358	423
358	433
358	443
358	457
358	462
358	475
358	481
358	494
358	498
359	21
359	222
359	228
359	303
359	314
359	319
359	332
359	355
359	387
359	391
359	418
359	430
360	78
360	122
360	145
360	281
360	323
360	352
360	362
360	363
360	377
360	378
360	389
360	434
361	98
361	325
361	348
361	402
361	435
361	447
361	452
361	461
361	465
361	467
361	472
361	488
362	78
362	122
362	231
362	264
362	281
362	323
362	352
362	360
362	363
362	378
362	389
362	398
363	20
363	86
363	122
363	264
363	281
363	323
363	339
363	352
363	360
363	362
363	378
363	389
364	43
364	75
364	142
364	190
364	210
364	267
364	310
364	357
364	381
364	416
364	424
364	425
365	167
365	186
365	248
365	253
365	270
365	271
365	277
365	292
365	326
365	366
365	411
365	446
366	229
366	237
366	290
366	327
366	329
366	342
366	365
366	372
366	439
366	445
366	463
366	464
367	426
367	428
367	466
367	477
367	478
367	483
367	486
367	489
367	490
367	492
367	493
367	495
368	66
368	241
368	284
368	301
368	306
368	310
368	311
368	351
368	375
368	376
368	385
368	499
369	256
369	328
369	329
369	343
369	403
369	417
369	420
369	434
369	437
369	449
369	473
369	477
370	352
370	426
370	436
370	468
370	478
370	483
370	486
370	489
370	490
370	492
370	493
370	495
371	85
371	165
371	209
371	245
371	276
371	286
371	380
371	397
371	404
371	408
371	413
371	464
372	173
372	237
372	280
372	290
372	327
372	342
372	366
372	388
372	439
372	445
372	463
372	464
373	77
373	141
373	183
373	185
373	198
373	244
373	254
373	263
373	304
373	338
373	339
373	476
374	108
374	156
374	180
374	216
374	223
374	259
374	297
374	312
374	316
374	336
374	350
374	384
374	478
375	60
375	66
375	151
375	156
375	241
375	280
375	284
375	306
375	310
375	311
375	351
375	368
375	376
376	66
376	151
376	178
376	224
376	284
376	301
376	306
376	310
376	311
376	351
376	368
376	375
376	478
377	282
377	341
377	360
377	388
377	407
377	427
377	431
377	450
377	454
377	459
377	474
377	485
377	491
378	78
378	86
378	122
378	145
378	160
378	264
378	281
378	323
378	352
378	360
378	362
378	363
378	389
379	131
379	152
379	302
379	309
379	320
379	384
379	438
379	440
379	442
379	443
379	451
379	458
379	466
380	117
380	163
380	207
380	245
380	276
380	286
380	371
380	392
380	397
380	404
380	408
380	413
380	498
381	43
381	75
381	102
381	114
381	142
381	289
381	357
381	364
381	416
381	424
381	425
381	467
381	486
382	42
382	97
382	149
382	180
382	203
382	214
382	217
382	224
382	260
382	295
382	328
382	335
382	345
383	320
383	399
383	425
383	436
383	457
383	478
383	483
383	486
383	489
383	490
383	492
383	493
383	495
384	50
384	63
384	108
384	112
384	216
384	223
384	259
384	297
384	312
384	336
384	350
384	374
384	379
385	121
385	328
385	343
385	368
385	403
385	414
385	417
385	420
385	434
385	437
385	456
385	473
385	477
386	41
386	92
386	124
386	219
386	238
386	398
386	412
386	455
386	470
386	476
386	484
386	487
386	497
387	181
387	279
387	303
387	314
387	319
387	332
387	335
387	338
387	355
387	359
387	391
387	418
387	430
388	308
388	335
388	341
388	372
388	377
388	406
388	427
388	431
388	450
388	454
388	474
388	485
388	491
389	78
389	86
389	122
389	145
389	264
389	281
389	323
389	352
389	360
389	362
389	363
389	378
389	421
389	463
390	229
390	394
390	399
390	428
390	457
390	478
390	483
390	486
390	489
390	490
390	492
390	493
390	495
390	499
391	181
391	222
391	279
391	303
391	314
391	319
391	332
391	355
391	359
391	387
391	409
391	418
391	424
391	430
392	15
392	117
392	142
392	207
392	209
392	245
392	276
392	286
392	380
392	397
392	404
392	408
392	413
392	419
393	93
393	283
393	318
393	405
393	415
393	444
393	460
393	471
393	480
393	488
393	491
393	496
393	499
393	500
394	25
394	230
394	390
394	426
394	428
394	436
394	478
394	483
394	486
394	489
394	490
394	492
394	493
394	495
395	28
395	294
395	354
395	401
395	410
395	433
395	439
395	443
395	469
395	475
395	479
395	481
395	482
395	494
396	73
396	194
396	235
396	296
396	315
396	346
396	353
396	401
396	407
396	419
396	432
396	441
396	448
396	453
397	15
397	74
397	117
397	165
397	209
397	245
397	276
397	286
397	371
397	380
397	392
397	400
397	404
397	408
397	413
398	98
398	113
398	164
398	238
398	362
398	386
398	412
398	446
398	455
398	457
398	470
398	476
398	484
398	487
398	497
399	84
399	218
399	350
399	383
399	390
399	457
399	468
399	478
399	483
399	486
399	489
399	490
399	492
399	493
399	495
400	69
400	83
400	157
400	187
400	192
400	212
400	218
400	226
400	236
400	261
400	313
400	322
400	397
400	409
400	449
401	317
401	395
401	396
401	414
401	422
401	426
401	429
401	443
401	462
401	469
401	475
401	481
401	482
401	494
401	498
402	220
402	249
402	325
402	348
402	355
402	361
402	421
402	431
402	435
402	447
402	452
402	461
402	465
402	467
402	472
403	11
403	240
403	256
403	274
403	317
403	329
403	369
403	385
403	417
403	420
403	434
403	437
403	456
403	473
403	477
404	15
404	96
404	165
404	207
404	209
404	245
404	276
404	286
404	354
404	371
404	380
404	392
404	397
404	408
404	413
405	201
405	246
405	318
405	334
405	393
405	408
405	415
405	444
405	460
405	471
405	480
405	488
405	496
405	499
405	500
406	82
406	124
406	125
406	197
406	238
406	344
406	388
406	412
406	430
406	446
406	470
406	471
406	484
406	487
406	497
407	194
407	243
407	285
407	296
407	305
407	315
407	346
407	353
407	377
407	396
407	419
407	432
407	441
407	448
407	453
407	464
408	15
408	117
408	165
408	207
408	209
408	245
408	276
408	286
408	332
408	371
408	380
408	392
408	397
408	404
408	405
408	413
409	61
409	69
409	79
409	83
409	140
409	157
409	187
409	192
409	212
409	218
409	226
409	236
409	322
409	391
409	400
409	449
410	317
410	337
410	358
410	395
410	411
410	414
410	429
410	433
410	443
410	475
410	479
410	481
410	482
410	493
410	494
410	498
411	86
411	167
411	186
411	215
411	239
411	248
411	253
411	270
411	271
411	277
411	292
411	313
411	326
411	336
411	365
411	410
412	53
412	125
412	197
412	201
412	288
412	386
412	398
412	406
412	432
412	446
412	455
412	470
412	476
412	484
412	487
412	497
413	15
413	117
413	165
413	207
413	209
413	245
413	276
413	286
413	371
413	380
413	392
413	397
413	404
413	408
413	453
413	455
414	316
414	349
414	354
414	385
414	401
414	410
414	422
414	433
414	462
414	469
414	475
414	479
414	481
414	482
414	494
414	498
415	247
415	273
415	318
415	347
415	393
415	405
415	444
415	457
415	460
415	471
415	480
415	488
415	496
415	498
415	499
415	500
416	4
416	75
416	102
416	114
416	142
416	190
416	210
416	267
416	289
416	357
416	364
416	381
416	424
416	425
416	438
416	459
417	45
417	126
417	233
417	246
417	329
417	334
417	343
417	369
417	385
417	403
417	420
417	434
417	437
417	456
417	463
417	473
417	477
418	21
418	31
418	85
418	176
418	181
418	222
418	279
418	303
418	314
418	319
418	332
418	355
418	359
418	387
418	391
418	430
418	461
419	34
419	194
419	243
419	255
419	285
419	296
419	305
419	315
419	346
419	353
419	392
419	396
419	407
419	432
419	441
419	448
419	453
420	165
420	233
420	240
420	265
420	328
420	329
420	343
420	369
420	385
420	403
420	417
420	434
420	435
420	437
420	456
420	473
420	477
421	118
421	129
421	146
421	163
421	213
421	348
421	389
421	402
421	435
421	447
421	452
421	461
421	465
421	467
421	472
421	474
421	479
422	168
422	206
422	354
422	401
422	414
422	423
422	427
422	429
422	443
422	462
422	469
422	475
422	479
422	481
422	482
422	494
422	498
423	37
423	112
423	337
423	349
423	354
423	358
423	422
423	427
423	443
423	462
423	469
423	475
423	479
423	481
423	482
423	494
423	498
424	4
424	43
424	102
424	114
424	142
424	190
424	210
424	236
424	267
424	289
424	357
424	364
424	381
424	391
424	416
424	425
424	440
425	4
425	75
425	102
425	114
425	142
425	190
425	210
425	267
425	289
425	357
425	364
425	381
425	383
425	416
425	424
425	443
425	448
426	367
426	370
426	394
426	401
426	428
426	457
426	467
426	468
426	478
426	481
426	483
426	486
426	489
426	490
426	492
426	493
426	495
427	166
427	195
427	257
427	258
427	282
427	308
427	377
427	388
427	422
427	423
427	431
427	450
427	454
427	459
427	474
427	485
427	491
428	162
428	190
428	322
428	367
428	390
428	394
428	426
428	436
428	457
428	468
428	478
428	483
428	486
428	489
428	490
428	492
428	493
428	495
429	22
429	294
429	354
429	401
429	410
429	422
429	433
429	436
429	443
429	462
429	469
429	475
429	479
429	481
429	482
429	489
429	494
429	498
430	21
430	31
430	85
430	181
430	222
430	252
430	279
430	287
430	303
430	314
430	319
430	332
430	355
430	359
430	387
430	391
430	406
430	418
431	107
431	256
431	258
431	282
431	308
431	335
431	341
431	377
431	388
431	402
431	427
431	447
431	450
431	454
431	459
431	474
431	485
431	491
432	52
432	235
432	255
432	285
432	296
432	305
432	315
432	346
432	351
432	353
432	396
432	407
432	412
432	419
432	441
432	448
432	453
432	469
433	58
433	225
433	266
433	294
433	344
433	358
433	395
433	410
433	414
433	429
433	443
433	469
433	475
433	479
433	481
433	482
433	494
433	498
434	121
434	240
434	256
434	328
434	329
434	343
434	360
434	369
434	385
434	403
434	417
434	420
434	437
434	449
434	456
434	463
434	473
434	477
435	64
435	90
435	116
435	213
435	249
435	321
435	325
435	348
435	361
435	402
435	420
435	421
435	447
435	452
435	461
435	465
435	467
435	472
436	187
436	245
436	299
436	307
436	370
436	383
436	394
436	428
436	429
436	457
436	478
436	483
436	486
436	489
436	490
436	492
436	493
436	495
437	101
437	108
437	126
437	246
437	256
437	274
437	329
437	333
437	343
437	369
437	385
437	403
437	417
437	420
437	434
437	456
437	473
437	477
438	132
438	152
438	205
438	250
438	252
438	269
438	302
438	309
438	311
438	320
438	379
438	416
438	440
438	442
438	451
438	458
438	466
438	475
439	9
439	18
439	44
439	199
439	229
439	237
439	238
439	280
439	290
439	321
439	327
439	342
439	366
439	372
439	395
439	445
439	463
439	464
440	119
440	131
440	144
440	208
440	250
440	252
440	266
440	269
440	302
440	309
440	320
440	379
440	424
440	438
440	442
440	451
440	458
440	466
440	486
441	52
441	194
441	235
441	243
441	255
441	285
441	296
441	305
441	315
441	346
441	353
441	396
441	407
441	419
441	432
441	448
441	453
441	480
441	496
442	132
442	144
442	205
442	208
442	250
442	252
442	260
442	266
442	269
442	302
442	309
442	320
442	348
442	379
442	438
442	440
442	451
442	458
442	466
443	186
443	294
443	349
443	358
443	379
443	395
443	401
443	410
443	422
443	423
443	425
443	429
443	433
443	462
443	469
443	475
443	479
443	494
443	498
444	95
444	225
444	247
444	251
444	274
444	308
444	334
444	347
444	393
444	405
444	415
444	455
444	460
444	471
444	480
444	488
444	496
444	499
444	500
445	9
445	18
445	51
445	173
445	184
445	199
445	229
445	237
445	264
445	280
445	290
445	321
445	342
445	349
445	366
445	372
445	439
445	463
445	464
446	57
446	182
446	197
446	201
446	211
446	288
446	300
446	344
446	365
446	398
446	406
446	412
446	455
446	470
446	476
446	483
446	484
446	487
446	497
447	62
447	118
447	129
447	163
447	188
447	197
447	249
447	325
447	348
447	361
447	402
447	421
447	431
447	435
447	452
447	461
447	465
447	467
447	472
448	52
448	106
448	194
448	235
448	243
448	255
448	285
448	296
448	305
448	315
448	318
448	346
448	353
448	396
448	407
448	419
448	425
448	432
448	441
448	453
449	61
449	69
449	81
449	83
449	140
449	157
449	187
449	192
449	212
449	218
449	226
449	236
449	261
449	293
449	322
449	353
449	369
449	400
449	409
449	434
450	166
450	170
450	195
450	257
450	258
450	308
450	335
450	341
450	377
450	388
450	427
450	431
450	454
450	459
450	474
450	477
450	485
450	488
450	491
450	494
451	10
451	131
451	132
451	144
451	152
451	205
451	244
451	252
451	266
451	269
451	302
451	309
451	320
451	379
451	438
451	440
451	442
451	453
451	458
451	466
452	33
452	90
452	134
452	163
452	188
452	213
452	220
452	249
452	325
452	348
452	361
452	402
452	421
452	435
452	447
452	461
452	465
452	467
452	471
452	472
453	36
453	52
453	194
453	235
453	243
453	255
453	285
453	296
453	305
453	315
453	346
453	353
453	396
453	407
453	413
453	419
453	432
453	441
453	448
453	451
454	54
454	67
454	107
454	117
454	257
454	258
454	308
454	335
454	341
454	377
454	388
454	427
454	431
454	450
454	459
454	474
454	479
454	485
454	491
454	495
455	41
455	57
455	98
455	103
455	164
455	219
455	288
455	298
455	314
455	386
455	398
455	412
455	413
455	444
455	446
455	470
455	476
455	484
455	487
455	497
456	88
456	101
456	121
456	126
456	219
456	233
456	240
456	246
456	256
456	274
456	329
456	385
456	403
456	417
456	420
456	434
456	437
456	473
456	477
456	483
457	307
457	330
457	358
457	383
457	390
457	398
457	399
457	415
457	426
457	428
457	436
457	468
457	478
457	483
457	486
457	489
457	490
457	492
457	493
457	495
458	131
458	132
458	144
458	152
458	184
458	205
458	208
458	250
458	252
458	269
458	302
458	309
458	320
458	379
458	438
458	440
458	442
458	451
458	466
458	482
458	490
459	25
459	54
459	67
459	170
459	195
459	226
459	257
459	258
459	282
459	308
459	341
459	377
459	416
459	427
459	431
459	450
459	454
459	474
459	482
459	485
459	491
460	200
460	242
460	247
460	273
460	283
460	331
460	334
460	345
460	347
460	393
460	405
460	415
460	444
460	471
460	480
460	485
460	488
460	493
460	496
460	499
460	500
461	116
461	118
461	129
461	146
461	163
461	188
461	213
461	220
461	249
461	284
461	361
461	402
461	418
461	421
461	435
461	447
461	452
461	465
461	467
461	472
461	482
462	24
462	40
462	58
462	302
462	321
462	337
462	349
462	358
462	401
462	414
462	422
462	423
462	429
462	443
462	469
462	475
462	479
462	481
462	482
462	494
462	498
463	9
463	18
463	51
463	173
463	184
463	199
463	229
463	237
463	280
463	290
463	321
463	327
463	342
463	366
463	372
463	389
463	417
463	434
463	439
463	445
463	464
464	9
464	18
464	51
464	131
464	173
464	184
464	199
464	229
464	237
464	280
464	290
464	315
464	321
464	327
464	342
464	366
464	371
464	372
464	407
464	439
464	445
464	463
465	90
465	116
465	118
465	146
465	188
465	213
465	220
465	227
465	249
465	294
465	298
465	325
465	348
465	361
465	402
465	421
465	435
465	447
465	452
465	461
465	467
465	472
466	48
466	131
466	132
466	144
466	152
466	205
466	208
466	250
466	252
466	266
466	269
466	302
466	309
466	320
466	367
466	379
466	438
466	440
466	442
466	451
466	458
466	470
467	90
467	116
467	129
467	146
467	188
467	213
467	220
467	309
467	325
467	348
467	361
467	381
467	402
467	421
467	426
467	435
467	447
467	452
467	461
467	465
467	472
467	475
468	77
468	94
468	153
468	250
468	253
468	265
468	299
468	307
468	330
468	370
468	399
468	426
468	428
468	457
468	478
468	483
468	486
468	489
468	490
468	492
468	493
468	495
469	22
469	81
469	112
469	259
469	317
469	337
469	395
469	401
469	414
469	422
469	423
469	429
469	432
469	433
469	443
469	462
469	475
469	479
469	481
469	482
469	494
469	498
470	4
470	82
470	113
470	153
470	197
470	201
470	211
470	219
470	238
470	300
470	344
470	386
470	398
470	406
470	412
470	446
470	455
470	466
470	476
470	484
470	487
470	497
471	95
471	137
471	225
471	242
471	274
471	283
471	318
471	334
471	347
471	393
471	405
471	406
471	415
471	444
471	452
471	460
471	480
471	488
471	495
471	496
471	499
471	500
472	61
472	70
472	116
472	118
472	129
472	146
472	163
472	188
472	212
472	249
472	325
472	348
472	361
472	402
472	421
472	435
472	447
472	452
472	461
472	465
472	467
472	500
473	18
473	101
473	109
473	121
473	126
473	219
473	233
473	240
473	246
473	256
473	274
473	328
473	329
473	343
473	369
473	385
473	403
473	417
473	420
473	434
473	437
473	456
473	477
474	25
474	67
474	107
474	166
474	170
474	195
474	211
474	257
474	282
474	308
474	335
474	341
474	355
474	377
474	388
474	421
474	427
474	431
474	450
474	454
474	459
474	485
474	491
475	40
475	112
475	136
475	294
475	311
475	358
475	395
475	401
475	410
475	414
475	422
475	423
475	429
475	433
475	438
475	443
475	462
475	467
475	469
475	479
475	481
475	482
475	494
475	498
476	82
476	98
476	103
476	124
476	164
476	182
476	197
476	211
476	219
476	288
476	290
476	298
476	344
476	373
476	386
476	398
476	412
476	446
476	455
476	470
476	478
476	484
476	489
476	497
477	101
477	121
477	126
477	161
477	233
477	240
477	246
477	256
477	274
477	328
477	329
477	343
477	367
477	369
477	385
477	403
477	417
477	420
477	434
477	437
477	450
477	456
477	473
477	493
478	153
478	265
478	299
478	367
478	370
478	374
478	376
478	383
478	390
478	394
478	399
478	426
478	428
478	436
478	457
478	468
478	476
478	483
478	486
478	489
478	490
478	492
478	493
478	495
479	40
479	76
479	112
479	140
479	317
479	337
479	349
479	395
479	410
479	414
479	421
479	422
479	423
479	429
479	433
479	443
479	454
479	462
479	469
479	475
479	481
479	482
479	494
479	498
480	23
480	111
480	115
480	200
480	225
480	242
480	243
480	251
480	273
480	283
480	301
480	318
480	334
480	347
480	393
480	405
480	415
480	441
480	444
480	460
480	471
480	488
480	496
480	499
480	500
481	58
481	251
481	294
481	317
481	337
481	349
481	354
481	358
481	395
481	401
481	410
481	414
481	422
481	423
481	426
481	429
481	433
481	462
481	469
481	475
481	479
481	482
481	494
481	497
481	498
482	22
482	40
482	58
482	137
482	317
482	337
482	349
482	395
482	401
482	410
482	414
482	422
482	423
482	429
482	433
482	458
482	459
482	461
482	462
482	469
482	475
482	479
482	481
482	494
482	498
483	94
483	265
483	307
483	330
483	352
483	367
483	370
483	383
483	390
483	394
483	399
483	426
483	428
483	436
483	446
483	456
483	457
483	468
483	478
483	486
483	489
483	490
483	492
483	493
483	495
484	57
484	68
484	98
484	113
484	125
484	164
484	182
484	195
484	211
484	238
484	288
484	298
484	300
484	305
484	344
484	386
484	398
484	406
484	412
484	446
484	455
484	470
484	476
484	487
484	491
484	497
485	25
485	29
485	54
485	67
485	107
485	166
485	170
485	188
485	195
485	234
485	257
485	258
485	282
485	308
485	335
485	341
485	377
485	388
485	427
485	431
485	450
485	454
485	459
485	460
485	474
485	491
486	48
486	153
486	205
486	255
486	265
486	307
486	367
486	370
486	381
486	383
486	390
486	394
486	399
486	426
486	428
486	436
486	440
486	457
486	468
486	478
486	483
486	489
486	490
486	492
486	493
486	495
487	41
487	57
487	82
487	103
487	113
487	124
487	182
487	201
487	204
487	211
487	270
487	288
487	298
487	300
487	344
487	346
487	386
487	398
487	406
487	412
487	446
487	455
487	470
487	484
487	491
487	497
488	111
488	115
488	137
488	200
488	221
488	242
488	247
488	251
488	273
488	283
488	300
488	318
488	334
488	347
488	361
488	393
488	405
488	415
488	444
488	450
488	460
488	471
488	480
488	496
488	499
488	500
489	48
489	94
489	299
489	330
489	356
489	367
489	370
489	383
489	390
489	394
489	399
489	426
489	428
489	429
489	436
489	457
489	468
489	476
489	478
489	483
489	486
489	490
489	491
489	492
489	493
489	495
490	223
490	265
490	286
490	299
490	307
490	330
490	350
490	367
490	370
490	383
490	390
490	394
490	399
490	426
490	428
490	436
490	457
490	458
490	468
490	478
490	483
490	486
490	489
490	492
490	493
490	495
491	25
491	54
491	67
491	107
491	166
491	170
491	195
491	257
491	258
491	282
491	308
491	335
491	341
491	377
491	388
491	393
491	427
491	431
491	450
491	454
491	459
491	474
491	484
491	485
491	487
491	489
492	2
492	48
492	63
492	100
492	153
492	299
492	307
492	330
492	367
492	370
492	383
492	390
492	394
492	399
492	426
492	428
492	436
492	457
492	468
492	478
492	483
492	486
492	489
492	490
492	493
492	495
493	153
493	166
493	265
493	299
493	307
493	330
493	367
493	370
493	383
493	390
493	394
493	399
493	410
493	426
493	428
493	436
493	457
493	460
493	468
493	477
493	478
493	483
493	486
493	489
493	490
493	492
493	495
494	22
494	114
494	158
494	294
494	317
494	337
494	343
494	349
494	354
494	358
494	395
494	401
494	410
494	414
494	422
494	423
494	429
494	433
494	443
494	450
494	462
494	469
494	475
494	479
494	481
494	482
494	498
495	48
495	94
495	167
495	299
495	307
495	330
495	340
495	367
495	370
495	383
495	390
495	394
495	399
495	426
495	428
495	436
495	454
495	457
495	468
495	471
495	478
495	483
495	486
495	489
495	490
495	492
495	493
496	16
496	95
496	111
496	115
496	137
496	146
496	200
496	225
496	242
496	247
496	251
496	273
496	283
496	318
496	334
496	347
496	393
496	405
496	415
496	441
496	444
496	460
496	471
496	480
496	488
496	497
496	499
496	500
497	41
497	57
497	113
497	124
497	125
497	164
497	197
497	201
497	211
497	219
497	238
497	298
497	300
497	315
497	344
497	386
497	398
497	406
497	412
497	446
497	455
497	470
497	476
497	481
497	484
497	487
497	496
497	499
498	22
498	58
498	112
498	272
498	293
498	294
498	317
498	337
498	349
498	354
498	358
498	380
498	401
498	410
498	414
498	415
498	422
498	423
498	429
498	433
498	443
498	462
498	469
498	475
498	479
498	481
498	482
498	494
499	95
499	111
499	115
499	137
499	200
499	225
499	242
499	247
499	251
499	268
499	273
499	283
499	318
499	334
499	347
499	368
499	390
499	393
499	405
499	415
499	444
499	460
499	471
499	480
499	488
499	496
499	497
499	500
500	95
500	111
500	115
500	127
500	137
500	200
500	225
500	240
500	242
500	247
500	251
500	273
500	277
500	283
500	318
500	334
500	347
500	393
500	405
500	415
500	444
500	460
500	471
500	472
500	480
500	488
500	496
500	499
