1	236
1	352
1	490
1	497
1	500
2	20
2	260
2	278
2	401
2	413
3	43
3	67
3	440
3	446
3	486
4	155
4	176
4	205
4	261
4	285
5	288
5	450
5	461
5	476
5	480
6	19
6	22
6	184
6	235
6	485
7	109
7	334
7	391
7	456
7	484
8	128
8	158
8	198
8	206
8	237
9	194
9	219
9	370
9	387
9	447
10	294
10	310
10	389
10	423
10	457
11	199
11	470
11	471
11	477
11	485
12	50
12	81
12	105
12	106
12	205
13	28
13	47
13	119
13	171
13	349
14	91
14	139
14	158
14	206
14	237
15	249
15	381
15	479
15	483
15	488
16	287
16	332
16	364
16	376
16	388
17	67
17	99
17	226
17	257
17	339
18	285
18	473
18	490
18	497
18	500
19	6
19	120
19	184
19	235
19	483
20	2
20	154
20	320
20	335
20	358
21	289
21	293
21	329
21	353
21	471
22	6
22	120
22	184
22	235
22	365
23	275
23	366
23	384
23	411
23	415
24	38
24	141
24	151
24	153
24	273
25	148
25	295
25	356
25	385
25	399
26	100
26	103
26	112
26	132
26	461
27	437
27	467
27	471
27	475
27	477
28	13
28	47
28	119
28	171
28	380
29	268
29	279
29	464
29	489
29	498
30	267
30	434
30	445
30	493
30	496
31	148
31	286
31	298
31	371
31	413
32	450
32	461
32	473
32	476
32	480
33	66
33	92
33	294
33	310
33	312
34	214
34	374
34	443
34	491
34	493
35	59
35	144
35	248
35	302
35	394
36	58
36	89
36	136
36	150
36	168
37	49
37	220
37	231
37	315
37	380
38	24
38	71
38	141
38	151
38	153
39	133
39	409
39	468
39	492
39	499
40	265
40	274
40	289
40	329
40	353
41	438
41	439
41	461
41	476
41	480
42	363
42	369
42	381
42	428
42	460
43	3
43	213
43	242
43	264
43	321
44	110
44	130
44	162
44	209
44	356
45	129
45	178
45	248
45	311
45	394
46	256
46	309
46	406
46	452
46	484
47	13
47	28
47	119
47	138
47	171
48	80
48	87
48	97
48	108
48	494
49	37
49	163
49	252
49	380
49	497
50	12
50	81
50	105
50	106
50	398
51	245
51	410
51	482
51	485
51	487
52	166
52	276
52	410
52	418
52	423
53	122
53	254
53	294
53	423
53	459
54	182
54	238
54	387
54	416
54	447
55	177
55	188
55	219
55	266
55	486
56	438
56	465
56	485
56	487
56	491
57	140
57	203
57	400
57	456
57	484
58	36
58	349
58	369
58	472
58	478
59	35
59	93
59	123
59	129
59	394
60	77
60	272
60	276
60	411
60	415
61	359
61	446
61	489
61	494
61	498
62	328
62	425
62	455
62	472
62	478
63	89
63	136
63	150
63	168
63	391
64	360
64	468
64	485
64	492
64	499
65	203
65	435
65	474
65	492
65	499
66	33
66	410
66	418
66	423
66	447
67	3
67	17
67	72
67	384
67	486
68	396
68	455
68	472
68	478
68	497
69	282
69	360
69	409
69	468
69	499
70	177
70	219
70	225
70	266
70	454
71	38
71	141
71	151
71	153
71	353
72	67
72	230
72	430
72	440
72	446
73	168
73	190
73	333
73	342
73	455
74	251
74	297
74	416
74	447
74	490
75	252
75	318
75	461
75	476
75	480
76	217
76	417
76	429
76	442
76	454
77	60
77	250
77	344
77	366
77	415
78	367
78	433
78	450
78	476
78	480
79	155
79	169
79	205
79	261
79	465
80	48
80	87
80	97
80	108
80	488
81	12
81	50
81	105
81	106
81	466
82	293
82	339
82	473
82	497
82	500
83	121
83	254
83	350
83	488
83	495
84	186
84	241
84	253
84	306
84	428
85	302
85	320
85	383
85	406
85	464
86	236
86	303
86	489
86	494
86	498
87	48
87	80
87	97
87	108
87	333
88	185
88	241
88	306
88	322
88	458
89	36
89	63
89	136
89	168
89	382
90	148
90	356
90	366
90	385
90	399
91	14
91	94
91	148
91	316
91	399
92	33
92	410
92	418
92	423
92	492
93	59
93	144
93	311
93	394
93	417
94	91
94	344
94	356
94	385
94	399
95	230
95	307
95	481
95	486
95	489
96	316
96	356
96	385
96	399
96	491
97	48
97	80
97	87
97	108
97	449
98	251
98	297
98	350
98	370
98	447
99	17
99	119
99	437
99	481
99	486
100	26
100	103
100	112
100	132
100	498
101	139
101	296
101	446
101	481
101	486
102	152
102	420
102	449
102	492
102	499
103	26
103	100
103	112
103	132
103	426
104	184
104	265
104	289
104	329
104	353
105	12
105	50
105	81
105	106
105	500
106	12
106	50
106	81
106	105
106	300
107	194
107	370
107	416
107	429
107	447
108	48
108	80
108	87
108	97
108	463
109	7
109	110
109	130
109	162
109	209
110	44
110	109
110	162
110	192
110	209
111	194
111	431
111	466
111	491
111	493
112	26
112	100
112	103
112	132
112	235
113	155
113	205
113	261
113	285
113	480
114	464
114	489
114	494
114	495
114	498
115	147
115	200
115	211
115	392
115	427
116	441
116	465
116	468
116	482
116	487
117	305
117	420
117	483
117	492
117	499
118	211
118	467
118	470
118	475
118	477
119	13
119	28
119	47
119	99
119	171
120	19
120	22
120	184
120	235
120	310
121	83
121	466
121	479
121	488
121	495
122	53
122	133
122	389
122	418
122	423
122	499
123	59
123	360
123	453
123	467
123	470
123	471
124	129
124	144
124	248
124	311
124	394
124	430
125	291
125	296
125	313
125	335
125	406
125	430
126	276
126	279
126	451
126	464
126	494
126	498
127	447
127	451
127	471
127	489
127	494
127	498
128	8
128	180
128	195
128	342
128	472
128	478
129	45
129	59
129	124
129	178
129	394
129	410
130	44
130	109
130	162
130	209
130	354
130	422
131	211
131	341
131	345
131	354
131	392
131	476
132	26
132	100
132	103
132	112
132	218
132	373
133	39
133	122
133	389
133	410
133	418
133	444
134	197
134	317
134	341
134	345
134	354
134	392
135	427
135	464
135	489
135	494
135	498
135	499
136	36
136	63
136	89
136	150
136	168
136	180
137	435
137	468
137	474
137	488
137	492
137	499
138	47
138	282
138	374
138	448
138	491
138	493
139	14
139	101
139	158
139	198
139	206
139	237
140	57
140	338
140	377
140	420
140	452
140	484
141	24
141	38
141	71
141	151
141	153
141	345
142	213
142	269
142	280
142	321
142	400
142	489
143	187
143	231
143	246
143	252
143	315
143	380
144	35
144	93
144	124
144	281
144	311
144	394
145	433
145	453
145	457
145	467
145	475
145	477
146	295
146	421
146	436
146	442
146	444
146	454
147	115
147	200
147	341
147	345
147	392
147	458
148	25
148	31
148	90
148	91
148	356
148	385
149	193
149	316
149	356
149	385
149	399
149	443
150	36
150	63
150	136
150	168
150	247
150	322
151	24
151	38
151	71
151	141
151	153
151	336
152	102
152	161
152	396
152	467
152	471
152	477
153	24
153	38
153	71
153	141
153	151
153	202
154	20
154	190
154	216
154	320
154	358
154	430
155	4
155	79
155	113
155	243
155	261
155	285
156	418
156	430
156	441
156	482
156	485
156	487
157	251
157	297
157	370
157	416
157	447
157	467
158	8
158	14
158	139
158	198
158	237
158	486
159	318
159	418
159	439
159	461
159	476
159	480
160	402
160	404
160	421
160	442
160	454
160	475
161	152
161	429
161	467
161	470
161	475
161	477
162	44
162	109
162	110
162	130
162	209
162	337
163	49
163	187
163	232
163	252
163	380
163	463
164	264
164	269
164	280
164	321
164	326
164	460
165	268
165	291
165	335
165	383
165	406
165	430
166	52
166	233
166	389
166	410
166	418
166	423
167	247
167	396
167	449
167	468
167	492
167	499
168	36
168	63
168	73
168	89
168	136
168	150
169	79
169	205
169	261
169	285
169	299
169	497
170	290
170	398
170	462
170	483
170	488
170	495
171	13
171	28
171	47
171	119
171	222
171	394
172	376
172	421
172	439
172	450
172	476
172	480
173	228
173	283
173	388
173	396
173	455
173	478
174	340
174	420
174	449
174	474
174	492
174	499
175	346
175	399
175	465
175	482
175	485
175	487
176	4
176	347
176	466
176	473
176	497
176	500
177	55
177	70
177	188
177	266
177	286
177	456
178	45
178	129
178	248
178	311
178	394
178	459
179	258
179	412
179	432
179	436
179	446
179	481
180	128
180	136
180	388
180	455
180	472
180	478
181	189
181	227
181	382
181	419
181	490
181	500
182	54
182	209
182	251
182	387
182	416
182	447
183	230
183	233
183	453
183	470
183	471
183	475
184	6
184	19
184	22
184	104
184	120
184	235
185	88
185	186
185	253
185	306
185	322
185	448
186	84
186	185
186	240
186	253
186	322
186	330
187	143
187	163
187	199
187	232
187	315
187	380
188	55
188	177
188	219
188	225
188	266
188	468
189	181
189	427
189	464
189	489
189	494
189	498
190	73
190	154
190	195
190	425
190	455
190	472
191	296
191	336
191	382
191	458
191	497
191	500
192	110
192	379
192	448
192	469
192	491
192	496
193	149
193	316
193	385
193	399
193	457
193	496
194	9
194	107
194	111
194	370
194	387
194	416
194	447
195	128
195	190
195	277
195	315
195	396
195	472
195	478
196	197
196	269
196	298
196	301
196	361
196	371
196	413
197	134
197	196
197	286
197	301
197	361
197	401
197	413
198	8
198	139
198	158
198	206
198	237
198	246
198	482
199	11
199	187
199	249
199	433
199	467
199	471
199	477
200	115
200	147
200	257
200	273
200	345
200	354
200	392
201	213
201	332
201	338
201	352
201	365
201	391
201	484
202	153
202	460
202	462
202	463
202	479
202	495
202	498
203	57
203	65
203	443
203	457
203	491
203	493
203	496
204	340
204	402
204	404
204	436
204	442
204	454
204	486
205	4
205	12
205	79
205	113
205	169
205	285
205	299
206	8
206	14
206	139
206	198
206	237
206	451
206	484
207	292
207	378
207	381
207	461
207	462
207	463
207	488
208	265
208	289
208	290
208	293
208	329
208	353
209	44
209	109
209	110
209	130
209	162
209	182
209	338
210	218
210	341
210	344
210	357
210	366
210	399
210	411
211	115
211	118
211	131
211	273
211	341
211	354
211	392
212	337
212	378
212	408
212	464
212	489
212	494
212	498
213	43
213	142
213	201
213	242
213	260
213	269
213	280
214	34
214	224
214	362
214	386
214	393
214	459
214	465
215	296
215	392
215	412
215	432
215	437
215	446
215	486
216	154
216	291
216	302
216	383
216	406
216	430
216	432
217	76
217	444
217	458
217	478
217	490
217	497
217	500
218	132
218	210
218	344
218	366
218	384
218	411
218	415
219	9
219	55
219	70
219	188
219	225
219	266
219	495
220	37
220	355
220	386
220	459
220	482
220	485
220	487
221	367
221	377
221	408
221	450
221	461
221	476
221	480
222	171
222	259
222	299
222	300
222	451
222	489
222	498
223	227
223	426
223	443
223	445
223	457
223	493
223	496
224	214
224	357
224	386
224	441
224	459
224	482
224	487
225	70
225	188
225	219
225	266
225	420
225	446
225	462
226	17
226	437
226	440
226	446
226	481
226	486
226	498
227	181
227	223
227	382
227	458
227	473
227	497
227	500
228	173
228	349
228	388
228	396
228	464
228	472
228	478
229	311
229	314
229	379
229	443
229	457
229	466
229	496
230	72
230	95
230	183
230	284
230	393
230	432
230	486
231	37
231	143
231	232
231	246
231	252
231	380
231	415
232	163
232	187
232	231
232	246
232	315
232	363
232	380
233	166
233	183
233	325
233	407
233	433
233	453
233	477
234	408
234	427
234	451
234	464
234	468
234	494
234	498
235	6
235	19
235	22
235	112
235	120
235	184
235	314
236	1
236	86
236	237
236	444
236	458
236	490
236	497
237	8
237	14
237	139
237	158
237	198
237	206
237	236
238	54
238	377
238	407
238	450
238	461
238	476
238	480
239	334
239	352
239	365
239	400
239	436
239	452
239	470
240	186
240	241
240	253
240	306
240	322
240	402
240	491
241	84
241	88
241	240
241	253
241	306
241	322
241	460
242	43
242	213
242	264
242	280
242	321
242	384
242	428
243	155
243	343
243	372
243	468
243	474
243	492
243	499
244	438
244	441
244	465
244	482
244	483
244	485
244	487
245	51
245	362
245	367
245	441
245	459
245	465
245	482
245	485
246	143
246	198
246	231
246	232
246	252
246	294
246	315
246	380
247	150
247	167
247	305
247	360
247	409
247	474
247	492
247	499
248	35
248	45
248	124
248	178
248	311
248	360
248	394
248	465
249	15
249	199
249	435
249	449
249	468
249	474
249	492
249	499
250	77
250	368
250	428
250	434
250	479
250	483
250	490
250	495
251	74
251	98
251	157
251	182
251	263
251	387
251	416
251	447
252	49
252	75
252	143
252	163
252	231
252	246
252	315
252	380
253	84
253	185
253	186
253	240
253	241
253	306
253	322
253	406
254	53
254	83
254	310
254	389
254	410
254	418
254	423
254	497
255	270
255	288
255	370
255	444
255	458
255	473
255	490
255	497
256	46
256	334
256	376
256	400
256	405
256	456
256	474
256	484
257	17
257	200
257	312
257	412
257	432
257	437
257	481
257	486
258	179
258	333
258	349
258	369
258	425
258	455
258	472
258	478
259	222
259	373
259	427
259	464
259	470
259	489
259	494
259	498
260	2
260	213
260	286
260	298
260	361
260	371
260	401
260	413
261	4
261	79
261	113
261	155
261	169
261	285
261	287
261	400
262	358
262	428
262	456
262	462
262	463
262	483
262	488
262	495
263	251
263	297
263	370
263	387
263	416
263	447
263	484
263	495
264	43
264	164
264	242
264	269
264	280
264	310
264	321
264	343
265	40
265	104
265	208
265	289
265	293
265	329
265	350
265	353
266	55
266	70
266	177
266	188
266	219
266	225
266	368
266	496
267	30
267	331
267	448
267	466
267	469
267	493
267	496
267	500
268	29
268	165
268	302
268	320
268	358
268	383
268	430
268	460
269	142
269	164
269	196
269	213
269	264
269	280
269	321
269	493
270	255
270	312
270	390
270	432
270	440
270	446
270	481
270	486
271	306
271	438
271	459
271	465
271	472
271	482
271	485
271	487
272	60
272	283
272	344
272	357
272	384
272	411
272	415
272	438
273	24
273	200
273	211
273	341
273	345
273	354
273	392
273	495
274	40
274	444
274	458
274	467
274	473
274	490
274	497
274	500
275	23
275	424
275	428
275	460
275	481
275	483
275	488
275	495
276	52
276	60
276	126
276	427
276	464
276	489
276	494
276	498
277	195
277	342
277	371
277	388
277	396
277	425
277	455
277	472
278	2
278	286
278	301
278	371
278	401
278	413
278	414
278	443
279	29
279	126
279	451
279	464
279	489
279	494
279	495
279	498
280	142
280	164
280	213
280	242
280	264
280	269
280	321
280	355
281	144
281	325
281	433
281	453
281	470
281	471
281	475
281	477
282	69
282	138
282	346
282	379
282	445
282	467
282	493
282	496
283	173
283	272
283	337
283	357
283	366
283	384
283	411
283	415
284	230
284	393
284	412
284	432
284	440
284	481
284	486
284	494
285	4
285	18
285	113
285	155
285	169
285	205
285	261
285	472
286	31
286	177
286	197
286	260
286	278
286	401
286	412
286	413
287	16
287	261
287	309
287	376
287	405
287	452
287	456
287	484
288	5
288	255
288	317
288	372
288	382
288	444
288	473
288	490
288	500
289	21
289	40
289	104
289	208
289	265
289	293
289	329
289	353
289	477
290	170
290	208
290	363
290	381
290	422
290	434
290	462
290	488
290	495
291	125
291	165
291	216
291	335
291	358
291	383
291	406
291	430
291	452
292	207
292	348
292	386
292	422
292	434
292	463
292	479
292	483
292	495
293	21
293	82
293	208
293	265
293	289
293	329
293	353
293	490
294	10
294	33
294	53
294	246
294	310
294	389
294	410
294	423
294	474
295	25
295	146
295	327
295	417
295	421
295	429
295	436
295	442
295	454
296	101
296	125
296	191
296	215
296	312
296	390
296	393
296	446
296	481
297	74
297	98
297	157
297	263
297	303
297	370
297	387
297	416
297	447
298	31
298	196
298	260
298	361
298	371
298	401
298	413
298	417
298	481
299	169
299	205
299	222
299	303
299	451
299	464
299	489
299	494
299	498
300	106
300	222
300	307
300	312
300	393
300	437
300	440
300	446
300	486
301	196
301	197
301	278
301	361
301	362
301	371
301	401
301	413
301	492
302	35
302	85
302	216
302	268
302	358
302	378
302	383
302	406
302	430
303	86
303	297
303	299
303	408
303	427
303	451
303	489
303	494
303	498
304	317
304	336
304	339
304	351
304	424
304	473
304	490
304	497
304	500
305	117
305	247
305	435
305	449
305	468
305	474
305	492
305	498
305	499
306	84
306	88
306	185
306	240
306	241
306	253
306	271
306	322
306	437
307	95
307	300
307	374
307	390
307	417
307	437
307	446
307	481
307	486
308	364
308	403
308	407
308	433
308	453
308	467
308	470
308	471
308	475
309	46
309	287
309	311
309	338
309	356
309	365
309	391
309	452
309	484
310	10
310	33
310	120
310	254
310	264
310	294
310	389
310	410
310	418
311	45
311	93
311	124
311	144
311	178
311	229
311	248
311	309
311	394
312	33
312	257
312	270
312	296
312	300
312	390
312	393
312	481
312	486
313	125
313	324
313	346
313	358
313	445
313	466
313	491
313	493
313	496
314	229
314	235
314	445
314	457
314	469
314	482
314	491
314	493
314	496
315	37
315	143
315	187
315	195
315	232
315	246
315	252
315	380
315	465
316	91
316	96
316	149
316	193
316	321
316	356
316	385
316	399
316	475
317	134
317	288
317	304
317	364
317	398
317	419
317	473
317	497
317	500
318	75
318	159
318	322
318	377
318	439
318	450
318	461
318	476
318	480
319	331
319	377
319	439
319	450
319	461
319	467
319	476
319	480
319	482
320	20
320	85
320	154
320	268
320	383
320	406
320	430
320	433
320	440
321	43
321	142
321	164
321	242
321	264
321	269
321	280
321	316
321	496
322	88
322	150
322	185
322	186
322	240
322	241
322	253
322	306
322	318
323	340
323	398
323	402
323	414
323	417
323	429
323	436
323	443
323	454
324	313
324	403
324	448
324	457
324	466
324	469
324	479
324	491
324	496
325	233
325	281
325	359
325	467
325	470
325	471
325	475
325	477
325	493
326	164
326	422
326	428
326	434
326	460
326	479
326	484
326	488
326	495
327	295
327	402
327	404
327	414
327	417
327	421
327	436
327	450
327	454
328	62
328	340
328	386
328	441
328	459
328	465
328	482
328	485
328	487
329	21
329	40
329	104
329	208
329	265
329	289
329	293
329	332
329	353
330	186
330	338
330	348
330	364
330	373
330	376
330	400
330	452
330	484
331	267
331	319
331	367
331	377
331	426
331	439
331	450
331	461
331	476
331	480
332	16
332	201
332	329
332	364
332	365
332	405
332	451
332	452
332	456
332	484
333	73
333	87
333	258
333	342
333	369
333	388
333	425
333	454
333	455
333	478
334	7
334	239
334	256
334	338
334	391
334	412
334	452
334	456
334	480
334	484
335	20
335	125
335	165
335	291
335	358
335	383
335	406
335	411
335	422
335	430
336	151
336	191
336	304
336	398
336	458
336	459
336	473
336	490
336	497
336	500
337	162
337	212
337	283
337	359
337	408
337	427
337	451
337	489
337	494
337	498
338	140
338	201
338	209
338	309
338	330
338	334
338	390
338	405
338	452
338	456
339	17
339	82
339	304
339	347
339	398
339	403
339	458
339	490
339	497
339	500
340	174
340	204
340	323
340	328
340	414
340	421
340	429
340	436
340	442
340	454
341	131
341	134
341	147
341	210
341	211
341	273
341	345
341	354
341	392
341	421
342	73
342	128
342	277
342	333
342	369
342	396
342	425
342	478
342	490
342	492
343	243
343	264
343	403
343	407
343	453
343	467
343	470
343	471
343	475
343	477
344	77
344	94
344	210
344	218
344	272
344	357
344	384
344	411
344	415
344	461
345	131
345	134
345	141
345	147
345	200
345	273
345	341
345	354
345	392
345	402
346	175
346	282
346	313
346	432
346	448
346	466
346	469
346	491
346	493
346	496
347	176
347	339
347	419
347	444
347	473
347	490
347	494
347	497
347	499
347	500
348	292
348	330
348	352
348	365
348	376
348	381
348	400
348	405
348	452
348	484
349	13
349	58
349	228
349	258
349	385
349	396
349	425
349	455
349	472
349	478
350	83
350	98
350	265
350	422
350	424
350	460
350	463
350	479
350	488
350	495
351	304
351	398
351	404
351	419
351	444
351	458
351	473
351	479
351	490
351	500
352	1
352	201
352	239
352	348
352	376
352	400
352	452
352	456
352	475
352	484
353	21
353	40
353	71
353	104
353	208
353	265
353	289
353	293
353	329
353	419
354	130
354	131
354	134
354	200
354	211
354	273
354	341
354	345
354	392
354	472
355	220
355	280
355	375
355	438
355	453
355	459
355	465
355	482
355	485
355	487
356	25
356	44
356	90
356	94
356	96
356	148
356	149
356	309
356	316
356	399
357	210
357	224
357	272
357	283
357	344
357	366
357	384
357	409
357	411
357	415
358	20
358	154
358	262
358	268
358	291
358	302
358	313
358	335
358	406
358	430
359	61
359	325
359	337
359	408
359	425
359	451
359	464
359	489
359	494
359	498
360	64
360	69
360	123
360	247
360	248
360	435
360	468
360	474
360	492
360	499
361	196
361	197
361	260
361	298
361	301
361	371
361	382
361	401
361	413
361	438
362	214
362	245
362	301
362	375
362	438
362	459
362	477
362	482
362	485
362	487
363	42
363	232
363	290
363	381
363	413
363	460
363	462
363	483
363	488
363	495
364	16
364	308
364	317
364	330
364	332
364	376
364	391
364	405
364	452
364	456
364	484
365	22
365	201
365	239
365	309
365	332
365	348
365	405
365	451
365	452
365	456
365	484
366	23
366	77
366	90
366	210
366	218
366	283
366	357
366	384
366	411
366	415
366	478
367	78
367	221
367	245
367	331
367	418
367	439
367	450
367	461
367	473
367	476
367	480
368	250
368	266
368	378
368	428
368	434
368	460
368	472
368	479
368	483
368	488
368	495
369	42
369	58
369	258
369	333
369	342
369	388
369	396
369	453
369	455
369	472
369	478
370	9
370	98
370	107
370	157
370	194
370	255
370	263
370	297
370	403
370	416
370	447
371	31
371	196
371	260
371	277
371	278
371	298
371	301
371	361
371	401
371	413
371	437
372	243
372	288
372	373
372	397
372	409
372	420
372	436
372	449
372	474
372	492
372	499
373	132
373	259
373	330
373	372
373	397
373	420
373	435
373	449
373	474
373	492
373	499
374	34
374	138
374	307
374	426
374	443
374	445
374	460
374	469
374	491
374	493
374	496
375	355
375	362
375	388
375	423
375	438
375	441
375	459
375	465
375	482
375	485
375	487
376	16
376	172
376	256
376	287
376	330
376	348
376	352
376	364
376	400
376	420
376	456
377	140
377	221
377	238
377	318
377	319
377	331
377	439
377	461
377	476
377	477
377	480
378	207
378	212
378	302
378	368
378	424
378	428
378	434
378	460
378	463
378	483
378	495
379	192
379	229
379	282
379	395
379	426
379	431
379	438
379	469
379	486
379	491
379	493
380	28
380	37
380	49
380	143
380	163
380	187
380	231
380	232
380	246
380	252
380	315
380	405
381	15
381	42
381	207
381	290
381	348
381	363
381	434
381	460
381	462
381	463
381	479
381	494
382	89
382	181
382	191
382	227
382	288
382	361
382	419
382	458
382	473
382	490
382	497
382	500
383	85
383	165
383	216
383	268
383	291
383	302
383	320
383	335
383	401
383	406
383	430
383	464
384	23
384	67
384	218
384	242
384	272
384	283
384	344
384	357
384	366
384	411
384	415
384	469
385	25
385	90
385	94
385	96
385	148
385	149
385	193
385	316
385	349
385	399
385	435
385	486
386	214
386	220
386	224
386	292
386	328
386	441
386	459
386	465
386	482
386	485
386	487
386	493
387	9
387	54
387	182
387	194
387	251
387	263
387	297
387	416
387	423
387	434
387	443
387	447
388	16
388	173
388	180
388	228
388	277
388	333
388	369
388	375
388	425
388	455
388	472
388	478
389	10
389	122
389	133
389	166
389	254
389	294
389	310
389	410
389	418
389	423
389	439
389	500
390	270
390	296
390	307
390	312
390	338
390	412
390	432
390	440
390	446
390	479
390	481
390	486
391	7
391	63
391	201
391	309
391	334
391	364
391	399
391	400
391	405
391	445
391	456
391	484
392	115
392	131
392	134
392	147
392	200
392	211
392	215
392	273
392	341
392	345
392	354
392	432
393	214
393	230
393	284
393	296
393	300
393	312
393	419
393	427
393	432
393	437
393	440
393	481
394	35
394	45
394	59
394	93
394	124
394	129
394	144
394	171
394	178
394	248
394	311
394	454
394	487
395	379
395	426
395	431
395	443
395	445
395	448
395	457
395	466
395	468
395	469
395	470
395	491
395	496
396	68
396	152
396	167
396	173
396	195
396	228
396	277
396	342
396	349
396	369
396	400
396	425
396	472
397	372
397	373
397	409
397	419
397	420
397	423
397	435
397	449
397	468
397	474
397	492
397	497
397	499
398	50
398	170
398	317
398	323
398	336
398	339
398	351
398	419
398	444
398	458
398	490
398	497
398	500
399	25
399	90
399	91
399	94
399	96
399	149
399	175
399	193
399	210
399	316
399	356
399	385
399	391
400	57
400	142
400	239
400	256
400	261
400	330
400	348
400	352
400	376
400	391
400	396
400	405
400	456
401	2
401	197
401	260
401	278
401	286
401	298
401	301
401	361
401	371
401	383
401	411
401	413
401	475
402	160
402	204
402	240
402	323
402	327
402	345
402	404
402	414
402	421
402	429
402	433
402	436
402	442
403	308
403	324
403	339
403	343
403	370
403	407
403	433
403	453
403	467
403	470
403	471
403	475
403	477
404	160
404	204
404	327
404	351
404	402
404	414
404	417
404	429
404	436
404	442
404	454
404	462
404	500
405	256
405	287
405	332
405	338
405	348
405	364
405	365
405	380
405	391
405	400
405	414
405	456
405	484
406	46
406	85
406	125
406	165
406	216
406	253
406	291
406	302
406	320
406	335
406	358
406	383
406	427
406	430
407	233
407	238
407	308
407	343
407	403
407	433
407	442
407	453
407	467
407	470
407	471
407	475
407	477
407	480
408	212
408	221
408	234
408	303
408	337
408	359
408	427
408	451
408	464
408	473
408	476
408	489
408	494
408	498
409	39
409	69
409	247
409	357
409	372
409	397
409	420
409	424
409	435
409	449
409	468
409	474
409	492
409	499
410	51
410	52
410	66
410	92
410	129
410	133
410	166
410	254
410	294
410	310
410	389
410	418
410	423
410	483
411	23
411	60
411	210
411	218
411	272
411	283
411	335
411	344
411	357
411	366
411	384
411	401
411	415
411	416
412	179
412	215
412	257
412	284
412	286
412	334
412	390
412	432
412	437
412	440
412	446
412	462
412	481
412	486
413	2
413	31
413	196
413	197
413	260
413	278
413	286
413	298
413	301
413	361
413	363
413	371
413	401
413	452
414	278
414	323
414	327
414	340
414	402
414	404
414	405
414	417
414	421
414	429
414	442
414	454
414	477
414	483
415	23
415	60
415	77
415	218
415	231
415	272
415	283
415	344
415	357
415	366
415	384
415	411
415	448
415	452
416	54
416	74
416	107
416	157
416	182
416	194
416	251
416	263
416	297
416	370
416	387
416	411
416	447
416	490
417	76
417	93
417	295
417	298
417	307
417	323
417	327
417	404
417	414
417	421
417	429
417	436
417	442
417	454
418	52
418	66
418	92
418	122
418	133
418	156
418	159
418	166
418	254
418	310
418	367
418	389
418	410
418	423
419	181
419	317
419	347
419	351
419	353
419	382
419	393
419	397
419	398
419	444
419	458
419	490
419	497
419	500
420	102
420	117
420	140
420	174
420	225
420	372
420	373
420	376
420	397
420	409
420	449
420	468
420	474
420	492
420	499
421	146
421	160
421	172
421	295
421	327
421	340
421	341
421	402
421	414
421	417
421	429
421	436
421	442
421	454
421	489
422	130
422	290
422	292
422	326
422	335
422	350
422	424
422	450
422	460
422	462
422	463
422	479
422	483
422	488
422	495
423	10
423	52
423	53
423	66
423	92
423	122
423	166
423	254
423	294
423	375
423	387
423	389
423	397
423	410
423	418
424	275
424	304
424	350
424	378
424	409
424	422
424	428
424	434
424	440
424	462
424	463
424	479
424	483
424	488
424	495
425	62
425	190
425	258
425	277
425	333
425	342
425	349
425	359
425	388
425	396
425	455
425	470
425	472
425	478
425	489
426	103
426	223
426	331
426	374
426	379
426	395
426	431
426	439
426	448
426	457
426	466
426	469
426	491
426	493
426	496
427	115
427	135
427	189
427	234
427	259
427	276
427	303
427	337
427	393
427	406
427	408
427	451
427	489
427	494
427	498
428	42
428	84
428	242
428	250
428	262
428	275
428	326
428	368
428	378
428	424
428	455
428	462
428	463
428	483
428	495
429	76
429	107
429	161
429	295
429	323
429	340
429	402
429	404
429	414
429	417
429	421
429	436
429	442
429	450
429	454
430	72
430	124
430	125
430	154
430	156
430	165
430	216
430	268
430	291
430	302
430	320
430	335
430	358
430	383
430	406
431	111
431	379
431	395
431	426
431	445
431	448
431	457
431	466
431	469
431	471
431	488
431	491
431	493
431	495
431	496
432	179
432	215
432	216
432	230
432	257
432	270
432	284
432	346
432	390
432	392
432	393
432	412
432	446
432	481
432	486
432	488
433	78
433	145
433	199
433	233
433	281
433	308
433	320
433	402
433	403
433	407
433	453
433	467
433	470
433	471
433	475
433	477
434	30
434	250
434	290
434	292
434	326
434	368
434	378
434	381
434	387
434	424
434	462
434	474
434	479
434	483
434	488
434	495
435	65
435	137
435	249
435	305
435	360
435	373
435	385
435	397
435	409
435	449
435	453
435	468
435	474
435	476
435	492
435	499
436	146
436	179
436	204
436	239
436	295
436	323
436	327
436	340
436	372
436	402
436	404
436	417
436	421
436	429
436	442
436	454
437	27
437	99
437	215
437	226
437	257
437	300
437	306
437	307
437	371
437	393
437	412
437	440
437	445
437	446
437	481
437	486
438	41
438	56
438	244
438	271
438	272
438	355
438	361
438	362
438	375
438	379
438	441
438	459
438	465
438	482
438	485
438	487
439	41
439	159
439	172
439	318
439	319
439	331
439	367
439	377
439	389
439	426
439	450
439	455
439	461
439	476
439	480
439	500
440	3
440	72
440	226
440	270
440	284
440	300
440	320
440	390
440	393
440	412
440	424
440	437
440	476
440	481
440	486
440	487
441	116
441	156
441	224
441	244
441	245
441	328
441	375
441	386
441	438
441	459
441	463
441	465
441	475
441	482
441	484
441	485
441	487
442	76
442	146
442	160
442	204
442	295
442	340
442	402
442	404
442	407
442	414
442	417
442	421
442	429
442	436
442	454
442	487
442	490
443	34
443	149
443	203
443	223
443	229
443	278
443	323
443	374
443	387
443	395
443	445
443	448
443	457
443	466
443	491
443	493
443	496
444	133
444	146
444	217
444	236
444	255
444	274
444	288
444	347
444	351
444	398
444	419
444	473
444	490
444	493
444	497
444	498
444	500
445	30
445	223
445	282
445	313
445	314
445	374
445	391
445	395
445	431
445	437
445	443
445	457
445	466
445	469
445	487
445	491
445	496
446	3
446	61
446	72
446	101
446	179
446	215
446	225
446	226
446	270
446	296
446	300
446	307
446	390
446	412
446	432
446	437
446	465
446	481
447	9
447	54
447	66
447	74
447	98
447	107
447	127
447	157
447	182
447	194
447	251
447	263
447	297
447	370
447	387
447	416
447	458
447	474
448	138
448	185
448	192
448	267
448	324
448	346
448	395
448	415
448	426
448	431
448	443
448	450
448	457
448	466
448	469
448	491
448	493
448	496
449	97
449	102
449	167
449	174
449	249
449	305
449	372
449	373
449	397
449	409
449	420
449	435
449	458
449	468
449	474
449	492
449	498
449	499
450	5
450	32
450	78
450	172
450	221
450	238
450	318
450	319
450	327
450	331
450	367
450	422
450	429
450	439
450	448
450	461
450	476
450	480
451	126
451	127
451	206
451	222
451	234
451	279
451	299
451	303
451	332
451	337
451	359
451	365
451	408
451	427
451	464
451	489
451	494
451	498
452	46
452	140
452	239
452	287
452	291
452	309
452	330
452	332
452	334
452	338
452	348
452	352
452	364
452	365
452	413
452	415
452	456
452	484
453	123
453	145
453	183
453	233
453	281
453	308
453	343
453	355
453	369
453	403
453	407
453	433
453	435
453	467
453	469
453	470
453	471
453	475
453	477
454	70
454	76
454	146
454	160
454	204
454	295
454	323
454	327
454	333
454	340
454	394
454	404
454	414
454	417
454	421
454	429
454	436
454	442
454	455
455	62
455	68
455	73
455	173
455	180
455	190
455	258
455	277
455	333
455	349
455	369
455	388
455	425
455	428
455	439
455	454
455	472
455	478
455	479
456	7
456	57
456	177
456	256
456	262
456	287
456	332
456	334
456	338
456	352
456	364
456	365
456	376
456	391
456	400
456	405
456	452
456	469
456	484
457	10
457	145
457	193
457	203
457	223
457	229
457	314
457	324
457	395
457	426
457	431
457	443
457	445
457	448
457	466
457	469
457	491
457	493
457	496
458	88
458	147
458	191
458	217
458	227
458	236
458	255
458	274
458	336
458	339
458	351
458	382
458	398
458	419
458	447
458	449
458	490
458	497
458	500
459	53
459	178
459	214
459	220
459	224
459	245
459	271
459	328
459	336
459	355
459	362
459	375
459	386
459	438
459	441
459	465
459	482
459	485
459	487
459	496
460	42
460	164
460	202
460	241
460	268
460	275
460	326
460	350
460	363
460	368
460	374
460	378
460	381
460	422
460	462
460	463
460	479
460	483
460	488
460	495
461	5
461	26
461	32
461	41
461	75
461	159
461	207
461	221
461	238
461	318
461	319
461	331
461	344
461	367
461	377
461	439
461	450
461	476
461	478
461	480
462	170
462	202
462	207
462	225
462	262
462	290
462	363
462	381
462	404
462	412
462	422
462	424
462	428
462	434
462	460
462	463
462	479
462	483
462	488
462	492
463	108
463	163
463	202
463	207
463	262
463	292
463	350
463	378
463	381
463	422
463	424
463	428
463	441
463	460
463	462
463	471
463	478
463	479
463	483
463	488
463	495
464	29
464	85
464	114
464	126
464	135
464	189
464	212
464	228
464	234
464	259
464	276
464	279
464	299
464	359
464	383
464	408
464	451
464	489
464	493
464	494
464	498
465	56
465	79
465	116
465	175
465	214
465	244
465	245
465	248
465	271
465	315
465	328
465	355
465	375
465	386
465	438
465	441
465	446
465	459
465	482
465	485
465	487
466	81
466	111
466	121
466	176
466	229
466	267
466	313
466	324
466	346
466	395
466	426
466	431
466	443
466	445
466	448
466	457
466	469
466	491
466	492
466	493
466	496
467	27
467	118
467	123
467	145
467	152
467	157
467	161
467	199
467	274
467	282
467	308
467	319
467	325
467	343
467	403
467	407
467	433
467	453
467	470
467	471
467	475
468	39
468	64
468	69
468	116
468	137
468	167
468	188
468	234
468	243
468	249
468	305
468	360
468	395
468	397
468	409
468	420
468	435
468	449
468	474
468	492
468	499
469	192
469	267
469	314
469	324
469	346
469	374
469	379
469	384
469	395
469	426
469	431
469	445
469	448
469	453
469	456
469	457
469	466
469	473
469	491
469	493
469	496
470	11
470	118
470	123
470	161
470	183
470	239
470	259
470	281
470	308
470	325
470	343
470	395
470	403
470	407
470	425
470	433
470	453
470	467
470	471
470	475
470	477
471	11
471	21
471	27
471	123
471	127
471	152
471	183
471	199
471	281
471	308
471	325
471	343
471	403
471	407
471	431
471	433
471	453
471	463
471	467
471	470
471	475
471	477
472	58
472	62
472	68
472	128
472	180
472	190
472	195
472	228
472	258
472	271
472	277
472	285
472	349
472	354
472	368
472	369
472	388
472	396
472	425
472	455
472	478
472	481
473	18
473	32
473	82
473	176
473	227
473	255
473	274
473	288
473	304
473	317
473	336
473	347
473	351
473	367
473	382
473	408
473	444
473	469
473	490
473	494
473	497
473	500
474	65
474	137
474	174
474	243
474	247
474	249
474	256
474	294
474	305
474	360
474	372
474	373
474	397
474	409
474	420
474	434
474	435
474	447
474	449
474	468
474	492
474	499
475	27
475	118
475	145
475	160
475	161
475	183
475	281
475	308
475	316
475	325
475	343
475	352
475	401
475	403
475	407
475	433
475	441
475	453
475	467
475	470
475	471
475	477
476	5
476	32
476	41
476	75
476	78
476	131
476	159
476	172
476	221
476	238
476	318
476	319
476	331
476	367
476	377
476	408
476	435
476	439
476	440
476	450
476	461
476	480
477	11
477	27
477	118
477	145
477	152
477	161
477	199
477	233
477	281
477	289
477	325
477	343
477	362
477	377
477	403
477	407
477	414
477	433
477	453
477	470
477	471
477	475
478	58
478	62
478	68
478	128
478	173
478	180
478	195
478	217
478	228
478	258
478	333
478	342
478	349
478	366
478	369
478	388
478	425
478	455
478	461
478	463
478	472
478	488
479	15
479	121
479	202
479	250
479	292
479	324
479	326
479	350
479	351
479	368
479	381
479	390
479	422
479	424
479	434
479	455
479	460
479	462
479	463
479	483
479	488
479	495
480	5
480	32
480	41
480	75
480	78
480	113
480	159
480	172
480	221
480	238
480	318
480	319
480	331
480	334
480	367
480	377
480	407
480	439
480	450
480	461
480	476
480	489
481	95
481	99
481	101
481	179
481	226
481	257
481	270
481	275
481	284
481	296
481	298
481	307
481	312
481	390
481	393
481	412
481	432
481	437
481	440
481	446
481	472
481	485
481	486
482	51
482	116
482	156
482	175
482	198
482	220
482	224
482	244
482	245
482	271
482	314
482	319
482	328
482	355
482	362
482	375
482	386
482	438
482	441
482	459
482	465
482	485
482	487
482	491
483	15
483	19
483	117
483	170
483	244
483	250
483	262
483	275
483	292
483	363
483	368
483	378
483	410
483	414
483	422
483	424
483	428
483	434
483	460
483	462
483	463
483	479
483	488
483	495
484	7
484	46
484	57
484	140
484	201
484	206
484	256
484	263
484	287
484	309
484	326
484	330
484	332
484	334
484	348
484	352
484	364
484	365
484	391
484	405
484	441
484	452
484	456
484	499
485	6
485	11
485	51
485	56
485	64
485	156
485	175
485	220
485	244
485	245
485	271
485	328
485	355
485	362
485	375
485	386
485	438
485	441
485	459
485	465
485	481
485	482
485	487
485	493
486	3
486	55
486	67
486	95
486	99
486	101
486	158
486	204
486	215
486	226
486	230
486	257
486	270
486	284
486	300
486	307
486	312
486	379
486	385
486	390
486	412
486	432
486	437
486	440
486	481
487	51
487	56
487	116
487	156
487	175
487	220
487	224
487	244
487	271
487	328
487	355
487	362
487	375
487	386
487	394
487	438
487	440
487	441
487	442
487	445
487	459
487	465
487	482
487	485
487	491
488	15
488	80
488	83
488	121
488	137
488	170
488	207
488	262
488	275
488	290
488	326
488	350
488	363
488	368
488	422
488	424
488	431
488	432
488	434
488	460
488	462
488	463
488	478
488	479
488	483
488	495
489	29
489	61
489	86
489	95
489	114
489	127
489	135
489	142
489	189
489	212
489	222
489	259
489	276
489	279
489	299
489	303
489	337
489	359
489	408
489	421
489	425
489	427
489	451
489	464
489	480
489	494
489	498
490	1
490	18
490	74
490	181
490	217
490	236
490	250
490	255
490	274
490	288
490	293
490	304
490	336
490	339
490	342
490	347
490	351
490	382
490	398
490	416
490	419
490	442
490	444
490	458
490	473
490	497
490	500
491	34
491	56
491	96
491	111
491	138
491	192
491	203
491	240
491	313
491	314
491	324
491	346
491	374
491	379
491	395
491	426
491	431
491	443
491	445
491	448
491	457
491	466
491	469
491	482
491	487
491	493
491	496
491	499
492	39
492	64
492	65
492	92
492	102
492	117
492	137
492	167
492	174
492	243
492	247
492	249
492	301
492	305
492	342
492	360
492	372
492	373
492	397
492	409
492	420
492	435
492	449
492	462
492	466
492	468
492	474
492	499
493	30
493	34
493	111
493	138
493	203
493	223
493	267
493	269
493	282
493	313
493	314
493	325
493	346
493	374
493	379
493	386
493	426
493	431
493	443
493	444
493	448
493	457
493	464
493	466
493	469
493	485
493	491
493	496
494	48
494	61
494	86
494	114
494	126
494	127
494	135
494	189
494	212
494	234
494	259
494	276
494	279
494	284
494	299
494	303
494	337
494	347
494	359
494	381
494	408
494	427
494	451
494	464
494	473
494	489
494	498
494	500
495	83
495	114
495	121
495	170
495	202
495	219
495	250
495	262
495	263
495	273
495	275
495	279
495	290
495	292
495	326
495	350
495	363
495	368
495	378
495	422
495	424
495	428
495	431
495	434
495	460
495	463
495	479
495	483
495	488
496	30
496	192
496	193
496	203
496	223
496	229
496	266
496	267
496	282
496	313
496	314
496	321
496	324
496	346
496	374
496	395
496	426
496	431
496	443
496	445
496	448
496	457
496	459
496	466
496	469
496	491
496	493
496	497
496	499
497	1
497	18
497	49
497	68
497	82
497	169
497	176
497	191
497	217
497	227
497	236
497	254
497	255
497	274
497	304
497	317
497	336
497	339
497	347
497	382
497	397
497	398
497	419
497	444
497	458
497	473
497	490
497	496
497	500
498	29
498	61
498	86
498	100
498	114
498	126
498	127
498	135
498	189
498	202
498	212
498	222
498	226
498	234
498	259
498	276
498	279
498	299
498	303
498	305
498	337
498	359
498	408
498	427
498	444
498	449
498	451
498	464
498	489
498	494
499	39
499	64
499	65
499	69
499	102
499	117
499	122
499	135
499	137
499	167
499	174
499	243
499	247
499	249
499	305
499	347
499	360
499	372
499	373
499	397
499	409
499	420
499	435
499	449
499	468
499	474
499	484
499	491
499	492
499	496
500	1
500	18
500	82
500	105
500	176
500	181
500	191
500	217
500	227
500	267
500	274
500	288
500	304
500	317
500	336
500	339
500	347
500	351
500	382
500	389
500	398
500	404
500	419
500	439
500	444
500	458
500	473
500	490
500	494
500	497
