1	2
1	53
1	91
1	216
1	424
2	1
2	53
2	73
2	91
2	393
3	48
3	59
3	60
3	188
3	338
4	198
4	305
4	331
4	426
4	467
5	75
5	119
5	166
5	198
5	472
6	20
6	39
6	192
6	248
6	342
7	82
7	107
7	120
7	164
7	194
8	93
8	118
8	129
8	203
8	281
9	89
9	395
9	463
9	497
9	499
10	117
10	198
10	251
10	292
10	297
11	16
11	172
11	222
11	235
11	372
12	137
12	200
12	266
12	277
12	465
13	434
13	481
13	482
13	485
13	495
14	232
14	338
14	474
14	478
14	480
15	160
15	403
15	417
15	439
15	471
16	11
16	123
16	162
16	308
16	361
17	168
17	251
17	256
17	292
17	297
18	22
18	119
18	166
18	198
18	450
19	315
19	460
19	483
19	486
19	500
20	6
20	175
20	192
20	248
20	428
21	24
21	135
21	212
21	299
21	467
22	18
22	92
22	119
22	166
22	198
23	37
23	67
23	74
23	128
23	230
24	21
24	410
24	465
24	489
24	498
25	278
25	387
25	398
25	427
25	481
26	383
26	389
26	415
26	464
26	496
27	34
27	76
27	81
27	132
27	474
28	35
28	42
28	378
28	456
28	469
29	144
29	242
29	262
29	273
29	315
30	158
30	171
30	177
30	185
30	325
31	110
31	238
31	401
31	417
31	471
32	53
32	92
32	295
32	373
32	498
33	89
33	385
33	415
33	464
33	495
34	27
34	76
34	81
34	132
34	408
35	28
35	43
35	369
35	446
35	456
36	116
36	247
36	379
36	420
36	481
37	23
37	74
37	128
37	417
37	479
38	106
38	180
38	258
38	275
38	452
39	6
39	145
39	175
39	194
39	248
40	304
40	440
40	473
40	475
40	489
41	256
41	391
41	431
41	479
41	480
42	28
42	80
42	255
42	308
42	361
43	35
43	333
43	420
43	482
43	485
44	202
44	371
44	402
44	453
44	484
45	122
45	208
45	370
45	377
45	452
46	461
46	468
46	485
46	492
46	493
47	300
47	301
47	483
47	486
47	500
48	3
48	54
48	59
48	60
48	380
49	181
49	406
49	432
49	452
49	484
50	146
50	278
50	330
50	357
50	427
51	156
51	231
51	303
51	309
51	320
52	321
52	413
52	422
52	466
52	487
53	1
53	2
53	32
53	73
53	91
54	48
54	59
54	60
54	388
55	70
55	137
55	266
55	277
55	352
56	193
56	258
56	432
56	452
56	490
57	390
57	428
57	456
57	469
57	472
58	126
58	183
58	377
58	399
58	402
59	3
59	48
59	54
59	60
59	249
60	3
60	48
60	54
60	59
60	466
61	216
61	416
61	448
61	474
61	484
62	326
62	460
62	474
62	486
62	500
63	356
63	388
63	437
63	488
63	494
64	176
64	187
64	219
64	236
64	435
65	88
65	107
65	120
65	194
65	348
66	333
66	389
66	401
66	417
66	471
67	23
67	74
67	128
67	175
67	479
68	326
68	436
68	437
68	441
68	495
69	235
69	244
69	316
69	372
69	437
70	55
70	95
70	266
70	277
70	404
71	214
71	261
71	270
71	432
71	452
72	105
72	219
72	350
72	439
72	471
73	2
73	53
73	91
73	237
73	471
74	23
74	37
74	67
74	128
74	139
75	5
75	298
75	333
75	474
75	478
76	27
76	34
76	81
76	132
76	383
77	167
77	311
77	405
77	459
77	496
78	314
78	409
78	437
78	494
78	495
79	158
79	353
79	371
79	448
79	484
80	42
80	188
80	242
80	361
80	450
81	27
81	34
81	76
81	126
81	132
82	7
82	171
82	177
82	185
82	431
83	149
83	252
83	337
83	422
83	487
84	207
84	259
84	317
84	322
84	428
85	311
85	316
85	339
85	372
85	478
86	327
86	350
86	359
86	417
86	439
86	471
87	297
87	321
87	366
87	407
87	422
87	487
88	65
88	107
88	120
88	194
88	414
88	497
89	9
89	33
89	344
89	459
89	492
89	496
90	231
90	240
90	303
90	309
90	320
90	485
91	1
91	2
91	53
91	73
91	380
91	497
92	22
92	32
92	456
92	465
92	489
92	498
93	8
93	118
93	125
93	129
93	203
93	472
94	330
94	443
94	445
94	447
94	461
94	493
95	70
95	137
95	254
95	266
95	277
95	291
96	227
96	360
96	411
96	416
96	448
96	484
97	223
97	388
97	409
97	478
97	490
97	499
98	335
98	367
98	370
98	399
98	402
98	444
99	324
99	396
99	443
99	447
99	492
99	498
100	173
100	252
100	407
100	466
100	475
100	487
101	215
101	321
101	407
101	424
101	466
101	484
102	240
102	296
102	303
102	309
102	320
102	343
103	222
103	344
103	374
103	383
103	385
103	476
104	178
104	290
104	357
104	377
104	399
104	402
105	72
105	213
105	347
105	389
105	439
105	471
106	38
106	180
106	432
106	452
106	464
106	478
107	7
107	65
107	88
107	120
107	194
107	196
108	127
108	282
108	346
108	390
108	446
108	472
109	189
109	328
109	352
109	398
109	427
109	493
110	31
110	121
110	180
110	306
110	432
110	452
111	303
111	354
111	460
111	483
111	486
111	491
112	260
112	342
112	379
112	434
112	481
112	485
113	148
113	159
113	366
113	422
113	440
113	487
114	164
114	335
114	449
114	463
114	497
114	499
115	391
115	444
115	450
115	457
115	459
115	480
116	36
116	222
116	459
116	464
116	476
116	496
117	10
117	141
117	251
117	292
117	383
117	410
118	8
118	93
118	125
118	129
118	203
118	498
119	5
119	18
119	22
119	166
119	198
119	472
120	7
120	65
120	88
120	107
120	194
120	336
121	110
121	165
121	334
121	432
121	441
121	452
122	45
122	253
122	367
122	370
122	399
122	431
123	16
123	130
123	228
123	308
123	361
123	393
124	232
124	399
124	418
124	465
124	471
124	473
125	93
125	118
125	129
125	203
125	439
126	58
126	81
126	163
126	208
126	335
126	370
127	108
127	394
127	446
127	456
127	469
127	472
128	23
128	37
128	67
128	74
128	408
128	438
129	8
129	93
129	118
129	125
129	134
129	203
130	123
130	242
130	255
130	308
130	361
130	483
131	171
131	366
131	403
131	407
131	424
131	487
132	27
132	34
132	76
132	81
132	232
132	376
133	245
133	347
133	389
133	417
133	439
133	461
134	129
134	153
134	183
134	211
134	217
134	398
135	21
135	284
135	331
135	367
135	426
135	467
136	223
136	239
136	243
136	246
136	315
136	397
137	12
137	55
137	95
137	236
137	266
137	277
138	318
138	390
138	456
138	469
138	472
138	476
139	74
139	259
139	418
139	473
139	489
139	498
140	221
140	304
140	418
140	425
140	482
140	485
141	117
141	168
141	251
141	272
141	292
141	297
142	185
142	368
142	455
142	486
142	494
142	500
143	290
143	314
143	381
143	436
143	445
143	495
144	29
144	239
144	246
144	262
144	315
144	489
145	39
145	175
145	192
145	248
145	414
145	490
146	50
146	247
146	322
146	352
146	387
146	427
147	153
147	183
147	211
147	217
147	281
147	421
148	113
148	160
148	268
148	366
148	407
148	487
149	83
149	272
149	374
149	400
149	454
149	464
150	218
150	392
150	458
150	464
150	490
150	497
151	360
151	422
151	424
151	456
151	466
151	487
152	181
152	306
152	416
152	432
152	452
152	483
153	134
153	147
153	183
153	211
153	217
153	386
154	212
154	259
154	284
154	362
154	434
154	467
155	165
155	280
155	289
155	444
155	479
155	491
156	51
156	293
156	364
156	392
156	455
156	486
157	376
157	396
157	437
157	485
157	488
157	494
158	30
158	79
158	171
158	177
158	185
158	412
159	113
159	319
159	407
159	424
159	466
159	487
160	15
160	148
160	337
160	422
160	466
160	472
161	326
161	368
161	435
161	460
161	464
161	500
162	16
162	249
162	329
162	420
162	482
162	485
163	126
163	214
163	290
163	377
163	402
163	497
164	7
164	114
164	357
164	387
164	398
164	427
165	121
165	155
165	214
165	258
165	432
165	452
166	5
166	18
166	22
166	119
166	198
166	430
167	77
167	208
167	248
167	335
167	370
167	377
168	17
168	141
168	251
168	292
168	297
168	457
169	345
169	386
169	441
169	488
169	494
169	495
170	257
170	320
170	384
170	447
170	468
170	493
171	30
171	82
171	131
171	158
171	177
171	185
172	11
172	235
172	311
172	316
172	329
172	339
173	100
173	314
173	430
173	436
173	445
173	488
173	495
174	290
174	337
174	366
174	422
174	424
174	466
174	487
175	20
175	39
175	67
175	145
175	192
175	248
175	360
176	64
176	187
176	190
176	193
176	199
176	219
176	236
177	30
177	82
177	158
177	171
177	185
177	377
177	419
178	104
178	250
178	253
178	335
178	367
178	374
178	402
179	221
179	239
179	243
179	246
179	262
179	315
179	454
180	38
180	106
180	110
180	274
180	306
180	452
180	489
181	49
181	152
181	202
181	214
181	426
181	432
181	452
182	260
182	352
182	357
182	368
182	398
182	427
182	498
183	58
183	134
183	147
183	153
183	211
183	217
183	499
184	296
184	340
184	354
184	392
184	460
184	486
184	500
185	30
185	82
185	142
185	158
185	171
185	177
185	469
186	265
186	379
186	425
186	443
186	481
186	482
186	485
187	64
187	176
187	190
187	193
187	219
187	236
187	489
188	3
188	80
188	228
188	242
188	255
188	361
188	448
189	109
189	305
189	317
189	351
189	428
189	445
189	467
190	176
190	187
190	193
190	219
190	236
190	295
190	488
191	380
191	403
191	413
191	447
191	461
191	468
191	500
192	6
192	20
192	145
192	175
192	248
192	267
192	391
193	56
193	176
193	187
193	190
193	219
193	236
193	442
194	7
194	39
194	65
194	88
194	107
194	120
194	430
195	286
195	351
195	382
195	461
195	466
195	492
195	493
196	107
196	247
196	255
196	416
196	429
196	453
196	484
197	288
197	324
197	351
197	411
197	413
197	447
197	493
198	4
198	5
198	10
198	18
198	22
198	119
198	166
199	176
199	275
199	352
199	408
199	446
199	469
199	472
200	12
200	374
200	393
200	415
200	476
200	477
200	496
201	355
201	414
201	419
201	451
201	474
201	475
201	478
202	44
202	181
202	360
202	429
202	453
202	484
202	494
203	8
203	93
203	118
203	125
203	129
203	425
203	476
204	273
204	300
204	408
204	433
204	456
204	469
204	472
205	246
205	369
205	416
205	429
205	448
205	453
205	484
206	364
206	379
206	447
206	455
206	483
206	486
206	500
207	84
207	216
207	271
207	426
207	428
207	465
207	467
208	45
208	126
208	167
208	344
208	365
208	377
208	399
209	252
209	280
209	293
209	366
209	431
209	477
209	487
210	236
210	394
210	413
210	447
210	448
210	468
210	493
211	134
211	147
211	153
211	183
211	217
211	270
211	468
212	21
212	154
212	381
212	426
212	428
212	467
212	472
213	105
213	233
213	347
213	389
213	438
213	439
213	471
214	71
214	163
214	165
214	181
214	306
214	432
214	452
215	101
215	263
215	266
215	407
215	424
215	466
215	487
216	1
216	61
216	207
216	360
216	429
216	448
216	484
217	134
217	147
217	153
217	183
217	211
217	305
217	405
218	150
218	258
218	406
218	458
218	463
218	497
218	499
219	64
219	72
219	176
219	187
219	190
219	193
219	236
219	471
220	354
220	406
220	411
220	449
220	461
220	490
220	497
220	499
221	140
221	179
221	329
221	425
221	427
221	434
221	481
221	482
222	11
222	103
222	116
222	244
222	249
222	316
222	339
222	372
223	97
223	136
223	366
223	406
223	411
223	490
223	497
223	499
224	342
224	420
224	425
224	473
224	481
224	482
224	485
224	491
225	285
225	338
225	374
225	405
225	437
225	476
225	477
225	496
226	263
226	287
226	371
226	452
226	465
226	473
226	475
226	498
227	96
227	280
227	353
227	386
227	397
227	448
227	453
227	484
228	123
228	188
228	242
228	255
228	308
228	361
228	378
228	419
229	295
229	363
229	364
229	396
229	441
229	488
229	494
229	495
230	23
230	300
230	307
230	413
230	415
230	454
230	476
230	496
231	51
231	90
231	240
231	244
231	303
231	309
231	320
231	392
232	14
232	124
232	132
232	327
232	410
232	462
232	475
232	498
233	213
233	350
233	359
233	417
233	420
233	439
233	471
233	494
234	273
234	395
234	423
234	442
234	459
234	490
234	497
234	499
235	11
235	69
235	172
235	244
235	339
235	372
235	429
235	440
236	64
236	137
236	176
236	187
236	190
236	193
236	210
236	219
237	73
237	314
237	401
237	436
237	441
237	445
237	494
237	495
238	31
238	350
238	354
238	359
238	401
238	417
238	446
238	471
239	136
239	144
239	179
239	243
239	262
239	315
239	415
239	474
240	90
240	102
240	231
240	303
240	309
240	320
240	444
240	448
241	414
241	419
241	440
241	444
241	451
241	474
241	478
241	500
242	29
242	80
242	130
242	188
242	228
242	243
242	308
242	361
243	136
243	179
243	239
243	242
243	246
243	262
243	315
243	431
244	69
244	222
244	231
244	235
244	249
244	311
244	339
244	455
245	133
245	363
245	389
245	401
245	417
245	439
245	471
245	476
246	136
246	144
246	179
246	205
246	243
246	262
246	315
246	381
247	36
247	146
247	196
247	261
247	416
247	429
247	448
247	484
248	6
248	20
248	39
248	145
248	167
248	175
248	192
248	432
249	59
249	162
249	222
249	244
249	311
249	316
249	339
249	372
250	178
250	375
250	419
250	440
250	451
250	471
250	474
250	478
251	10
251	17
251	117
251	141
251	168
251	292
251	297
251	407
252	83
252	100
252	209
252	283
252	298
252	424
252	466
252	487
253	122
253	178
253	367
253	370
253	377
253	399
253	402
253	463
254	95
254	302
254	420
254	462
254	465
254	473
254	489
254	498
255	42
255	130
255	188
255	196
255	228
255	308
255	361
255	423
256	17
256	41
256	397
256	416
256	429
256	448
256	453
256	484
257	170
257	301
257	336
257	349
257	460
257	483
257	486
257	500
258	38
258	56
258	165
258	218
258	306
258	366
258	432
258	452
259	84
259	139
259	154
259	299
259	317
259	428
259	467
259	490
260	112
260	182
260	328
260	344
260	357
260	387
260	398
260	427
261	71
261	247
261	331
261	353
261	360
261	371
261	397
261	453
262	29
262	144
262	179
262	239
262	243
262	246
262	286
262	317
263	215
263	226
263	410
263	421
263	462
263	475
263	489
263	498
264	329
264	332
264	420
264	434
264	451
264	481
264	482
264	485
265	186
265	269
265	333
265	454
265	475
265	481
265	482
265	485
266	12
266	55
266	70
266	95
266	137
266	215
266	277
266	496
267	192
267	273
267	318
267	408
267	446
267	469
267	472
267	485
268	148
268	375
268	423
268	442
268	449
268	458
268	463
268	490
268	497
269	265
269	329
269	420
269	425
269	471
269	481
269	482
269	485
269	490
270	71
270	211
270	382
270	414
270	419
270	440
270	451
270	474
270	478
271	207
271	284
271	317
271	351
271	422
271	426
271	428
271	441
271	467
272	141
272	149
272	355
272	444
272	450
272	457
272	470
272	479
272	491
273	29
273	204
273	234
273	267
273	369
273	378
273	446
273	456
273	469
274	180
274	298
274	393
274	419
274	436
274	440
274	451
274	474
274	478
275	38
275	199
275	346
275	378
275	390
275	441
275	446
275	460
275	472
276	279
276	389
276	393
276	412
276	414
276	419
276	440
276	474
276	478
277	12
277	55
277	70
277	95
277	137
277	266
277	310
277	411
277	460
278	25
278	50
278	328
278	352
278	378
278	387
278	398
278	425
278	427
279	276
279	355
279	383
279	412
279	450
279	470
279	479
279	480
279	491
280	155
280	209
280	227
280	433
280	450
280	457
280	470
280	479
280	491
281	8
281	147
281	409
281	411
281	442
281	458
281	463
281	497
281	499
282	108
282	301
282	336
282	364
282	416
282	435
282	483
282	486
282	500
283	252
283	341
283	375
283	414
283	419
283	440
283	451
283	478
283	495
284	135
284	154
284	271
284	351
284	426
284	428
284	435
284	449
284	467
285	225
285	404
285	414
285	417
285	438
285	459
285	464
285	477
285	488
286	195
286	262
286	306
286	330
286	380
286	403
286	468
286	492
286	493
287	226
287	325
287	370
287	410
287	415
287	473
287	475
287	489
287	498
288	197
288	382
288	413
288	421
288	427
288	443
288	467
288	492
288	493
289	155
289	383
289	412
289	431
289	433
289	444
289	466
289	480
289	491
290	104
290	143
290	163
290	174
290	335
290	367
290	370
290	399
290	402
291	95
291	342
291	343
291	354
291	379
291	425
291	434
291	481
291	482
292	10
292	17
292	117
292	141
292	168
292	251
292	297
292	384
292	406
293	156
293	209
293	321
293	337
293	407
293	422
293	438
293	466
293	487
294	320
294	407
294	453
294	457
294	462
294	465
294	473
294	475
294	489
295	32
295	190
295	229
295	410
295	418
295	462
295	475
295	489
295	498
296	102
296	184
296	332
296	376
296	386
296	436
296	488
296	494
296	495
297	10
297	17
297	87
297	141
297	168
297	251
297	292
297	338
297	443
298	75
298	252
298	274
298	379
298	434
298	440
298	451
298	474
298	478
299	21
299	259
299	331
299	351
299	426
299	428
299	444
299	467
299	487
300	47
300	204
300	230
300	344
300	358
300	400
300	438
300	476
300	477
301	47
301	257
301	282
301	310
301	392
301	430
301	435
301	455
301	486
301	500
302	254
302	307
302	373
302	396
302	418
302	441
302	462
302	465
302	489
302	498
303	51
303	90
303	102
303	111
303	231
303	240
303	309
303	320
303	375
303	437
304	40
304	140
304	328
304	418
304	462
304	465
304	473
304	475
304	489
304	498
305	4
305	189
305	217
305	317
305	331
305	351
305	426
305	427
305	428
305	467
306	110
306	152
306	180
306	214
306	258
306	286
306	358
306	373
306	432
306	452
307	230
307	302
307	309
307	383
307	404
307	459
307	464
307	476
307	477
307	496
308	16
308	42
308	123
308	130
308	228
308	242
308	255
308	361
308	455
308	488
309	51
309	90
309	102
309	231
309	240
309	303
309	307
309	320
309	330
309	421
310	277
310	301
310	325
310	373
310	410
310	465
310	473
310	475
310	489
310	498
311	77
311	85
311	172
311	244
311	249
311	316
311	339
311	372
311	404
311	466
312	339
312	348
312	380
312	382
312	384
312	413
312	447
312	456
312	484
312	493
313	355
313	391
313	433
313	435
313	457
313	467
313	470
313	475
313	479
313	491
314	78
314	143
314	173
314	237
314	359
314	363
314	396
314	488
314	494
314	495
315	19
315	29
315	136
315	144
315	179
315	239
315	243
315	246
315	351
315	361
316	69
316	85
316	172
316	222
316	249
316	311
316	339
316	356
316	372
316	390
317	84
317	189
317	259
317	262
317	271
317	305
317	365
317	426
317	428
317	467
318	138
318	267
318	369
318	378
318	395
318	408
318	410
318	456
318	469
318	472
319	159
319	336
319	340
319	350
319	362
319	368
319	455
319	460
319	483
319	488
320	51
320	90
320	102
320	170
320	231
320	240
320	294
320	303
320	309
320	327
321	52
321	87
321	101
321	293
321	366
321	396
321	398
321	466
321	487
321	490
322	84
322	146
322	349
322	388
322	395
322	409
322	458
322	463
322	490
322	499
323	346
323	412
323	422
323	427
323	431
323	433
323	457
323	470
323	480
323	491
324	99
324	197
324	341
324	394
324	453
324	457
324	468
324	492
324	493
324	496
325	30
325	287
325	310
325	373
325	418
325	446
325	462
325	473
325	475
325	495
325	498
326	62
326	68
326	161
326	362
326	392
326	399
326	435
326	455
326	460
326	483
326	500
327	86
327	232
327	320
327	336
327	410
327	418
327	462
327	465
327	473
327	489
327	498
328	109
328	260
328	278
328	304
328	352
328	357
328	387
328	398
328	427
328	451
328	468
329	162
329	172
329	221
329	264
329	269
329	347
329	379
329	481
329	482
329	485
329	486
330	50
330	94
330	286
330	309
330	382
330	384
330	403
330	422
330	461
330	468
330	493
331	4
331	135
331	261
331	299
331	305
331	337
331	351
331	426
331	428
331	467
331	473
332	264
332	296
332	367
332	376
332	381
332	437
332	445
332	488
332	492
332	494
332	495
333	43
333	66
333	75
333	265
333	420
333	425
333	434
333	464
333	481
333	482
333	485
334	121
334	345
334	353
334	430
334	433
334	444
334	457
334	470
334	478
334	480
334	491
335	98
335	114
335	126
335	167
335	178
335	290
335	341
335	367
335	399
335	402
335	449
336	120
336	257
336	282
336	319
336	327
336	362
336	392
336	394
336	435
336	455
336	500
337	83
337	160
337	174
337	293
337	331
337	378
337	422
337	424
337	466
337	487
337	500
338	3
338	14
338	225
338	297
338	375
338	393
338	414
338	440
338	451
338	474
338	478
339	85
339	172
339	222
339	235
339	244
339	249
339	311
339	312
339	316
339	372
339	377
340	184
340	319
340	362
340	435
340	458
340	460
340	467
340	468
340	483
340	486
340	500
341	283
341	324
341	335
341	365
341	394
341	411
341	413
341	421
341	447
341	461
341	468
341	492
342	6
342	112
342	224
342	291
342	369
342	379
342	420
342	425
342	434
342	481
342	485
342	488
343	102
343	291
343	344
343	385
343	400
343	404
343	405
343	455
343	459
343	464
343	476
343	477
344	89
344	103
344	208
344	260
344	300
344	343
344	347
344	385
344	405
344	454
344	459
344	476
345	169
345	334
345	391
345	430
345	433
345	457
345	460
345	470
345	479
345	480
345	481
345	491
346	108
346	275
346	323
346	369
346	378
346	408
346	425
346	446
346	456
346	469
346	472
346	486
347	105
347	133
347	213
347	329
347	344
347	359
347	389
347	401
347	417
347	432
347	439
347	471
348	65
348	312
348	384
348	392
348	394
348	421
348	443
348	461
348	468
348	492
348	493
348	494
349	257
349	322
349	409
349	424
349	442
349	449
349	458
349	463
349	490
349	494
349	497
349	499
350	72
350	86
350	233
350	238
350	319
350	359
350	389
350	401
350	417
350	469
350	471
350	496
351	189
351	195
351	197
351	271
351	284
351	299
351	305
351	315
351	331
351	426
351	428
351	467
352	55
352	109
352	146
352	182
352	199
352	278
352	328
352	357
352	387
352	398
352	427
352	475
353	79
353	227
353	261
353	334
353	371
353	397
353	419
353	429
353	448
353	453
353	456
353	484
354	111
354	184
354	220
354	238
354	291
354	368
354	435
354	455
354	460
354	483
354	486
354	500
355	201
355	272
355	279
355	313
355	430
355	450
355	470
355	479
355	480
355	491
355	492
355	497
356	63
356	316
356	363
356	396
356	409
356	437
356	441
356	445
356	452
356	488
356	494
356	495
357	50
357	104
357	164
357	182
357	260
357	328
357	352
357	387
357	398
357	427
357	439
357	449
358	300
358	306
358	400
358	402
358	404
358	438
358	454
358	459
358	461
358	464
358	477
358	496
359	86
359	233
359	238
359	314
359	347
359	350
359	389
359	401
359	423
359	439
359	462
359	471
360	96
360	151
360	175
360	202
360	216
360	261
360	397
360	416
360	429
360	453
360	477
360	484
361	16
361	42
361	80
361	123
361	130
361	188
361	228
361	242
361	255
361	308
361	315
361	386
361	402
362	154
362	319
362	326
362	336
362	340
362	364
362	368
362	435
362	454
362	483
362	486
362	499
362	500
363	229
363	245
363	314
363	356
363	376
363	394
363	421
363	437
363	441
363	445
363	488
363	494
363	495
364	156
364	206
364	229
364	282
364	362
364	368
364	392
364	405
364	435
364	455
364	483
364	499
364	500
365	208
365	317
365	341
365	380
365	382
365	384
365	385
365	403
365	413
365	443
365	461
365	492
365	493
366	87
366	113
366	131
366	148
366	174
366	209
366	223
366	258
366	321
366	418
366	422
366	424
366	466
367	98
367	122
367	135
367	178
367	253
367	290
367	332
367	335
367	370
367	374
367	377
367	399
367	402
368	142
368	161
368	182
368	319
368	354
368	362
368	364
368	460
368	479
368	483
368	486
368	494
368	500
369	35
369	205
369	273
369	318
369	342
369	346
369	372
369	390
369	408
369	446
369	456
369	469
369	472
370	45
370	98
370	122
370	126
370	167
370	253
370	287
370	290
370	367
370	382
370	399
370	402
370	492
371	44
371	79
371	226
371	261
371	353
371	397
371	402
371	416
371	429
371	448
371	453
371	480
371	484
372	11
372	69
372	85
372	222
372	235
372	249
372	311
372	316
372	339
372	369
372	441
372	499
372	500
373	32
373	302
373	306
373	310
373	325
373	418
373	428
373	433
373	462
373	473
373	475
373	489
373	498
374	103
374	149
374	178
374	200
374	225
374	367
374	400
374	405
374	438
374	454
374	477
374	483
374	496
375	250
375	268
375	283
375	303
375	338
375	393
375	419
375	440
375	449
375	451
375	465
375	474
375	478
376	132
376	157
376	296
376	332
376	363
376	381
376	408
376	440
376	441
376	445
376	488
376	494
376	495
377	45
377	58
377	104
377	163
377	167
377	177
377	208
377	253
377	339
377	367
377	379
377	380
377	399
377	402
378	28
378	228
378	273
378	275
378	278
378	318
378	337
378	346
378	390
378	408
378	456
378	469
378	472
378	491
379	36
379	112
379	186
379	206
379	291
379	298
379	329
379	342
379	377
379	385
379	434
379	481
379	482
379	485
380	48
380	91
380	191
380	286
380	312
380	365
380	377
380	384
380	394
380	403
380	468
380	492
380	493
380	495
381	143
381	212
381	246
381	332
381	376
381	436
381	437
381	441
381	445
381	458
381	462
381	488
381	494
381	495
382	195
382	270
382	288
382	312
382	330
382	365
382	370
382	421
382	447
382	452
382	461
382	468
382	486
382	492
383	26
383	76
383	103
383	117
383	279
383	289
383	307
383	385
383	404
383	415
383	454
383	459
383	476
383	496
384	170
384	292
384	312
384	330
384	348
384	365
384	380
384	395
384	403
384	421
384	447
384	463
384	468
384	492
385	33
385	103
385	343
385	344
385	365
385	379
385	383
385	400
385	415
385	426
385	464
385	476
385	485
385	496
386	153
386	169
386	227
386	296
386	361
386	396
386	436
386	437
386	441
386	445
386	468
386	488
386	494
386	495
387	25
387	146
387	164
387	260
387	278
387	328
387	352
387	357
387	398
387	404
387	415
387	427
387	449
387	463
388	54
388	63
388	97
388	322
388	395
388	406
388	407
388	411
388	442
388	449
388	458
388	490
388	497
388	499
389	26
389	66
389	105
389	133
389	213
389	245
389	276
389	347
389	350
389	359
389	401
389	439
389	471
389	499
390	57
390	108
390	138
390	275
390	316
390	369
390	378
390	408
390	429
390	446
390	455
390	456
390	469
390	472
391	41
391	115
391	192
391	313
391	345
391	397
391	444
391	450
391	457
391	479
391	480
391	481
391	482
391	491
392	150
392	156
392	184
392	231
392	301
392	326
392	336
392	348
392	364
392	435
392	455
392	483
392	486
392	500
393	2
393	123
393	200
393	274
393	276
393	338
393	375
393	414
393	419
393	428
393	440
393	451
393	474
393	478
394	127
394	210
394	324
394	336
394	341
394	348
394	363
394	380
394	403
394	421
394	436
394	443
394	447
394	492
395	9
395	234
395	318
395	322
395	384
395	388
395	406
395	442
395	449
395	463
395	474
395	490
395	497
395	499
396	99
396	157
396	229
396	302
396	314
396	321
396	356
396	386
396	436
396	437
396	445
396	460
396	488
396	494
397	136
397	227
397	256
397	261
397	353
397	360
397	371
397	391
397	416
397	429
397	445
397	448
397	453
397	484
397	486
398	25
398	109
398	134
398	164
398	182
398	260
398	278
398	321
398	328
398	352
398	357
398	387
398	409
398	427
398	468
399	58
399	98
399	104
399	122
399	124
399	208
399	253
399	290
399	326
399	335
399	367
399	370
399	377
399	402
399	465
400	149
400	300
400	343
400	358
400	374
400	385
400	405
400	415
400	433
400	438
400	446
400	454
400	477
400	493
400	496
401	31
401	66
401	237
401	238
401	245
401	347
401	350
401	359
401	389
401	415
401	417
401	424
401	439
401	442
401	471
402	44
402	58
402	98
402	104
402	163
402	178
402	253
402	290
402	335
402	358
402	361
402	367
402	370
402	371
402	377
402	399
403	15
403	131
403	191
403	286
403	330
403	365
403	380
403	384
403	394
403	421
403	443
403	452
403	461
403	492
403	493
403	495
404	70
404	285
404	307
404	311
404	343
404	358
404	383
404	387
404	405
404	438
404	454
404	464
404	476
404	477
404	480
404	496
405	77
405	217
405	225
405	343
405	344
405	364
405	374
405	400
405	404
405	415
405	459
405	476
405	477
405	491
405	493
405	496
406	49
406	218
406	220
406	223
406	292
406	388
406	395
406	411
406	423
406	434
406	449
406	478
406	487
406	490
406	497
406	499
407	87
407	100
407	101
407	131
407	148
407	159
407	215
407	251
407	293
407	294
407	388
407	422
407	424
407	466
407	471
407	487
408	34
408	128
408	199
408	204
408	267
408	318
408	346
408	369
408	376
408	378
408	390
408	446
408	456
408	469
408	472
408	488
409	78
409	97
409	281
409	322
409	349
409	356
409	398
409	411
409	423
409	449
409	457
409	458
409	463
409	490
409	497
409	499
410	24
410	117
410	232
410	263
410	287
410	295
410	310
410	318
410	327
410	414
410	462
410	465
410	467
410	473
410	475
410	498
411	96
411	197
411	220
411	223
411	277
411	281
411	341
411	388
411	406
411	409
411	423
411	442
411	458
411	490
411	497
411	499
412	158
412	276
412	279
412	289
412	323
412	430
412	431
412	432
412	444
412	450
412	457
412	470
412	479
412	480
412	491
412	493
413	52
413	191
413	197
413	210
413	230
413	288
413	312
413	341
413	365
413	421
413	443
413	461
413	474
413	483
413	492
413	493
414	88
414	145
414	201
414	241
414	270
414	276
414	283
414	285
414	338
414	393
414	410
414	419
414	440
414	451
414	474
414	478
414	485
415	26
415	33
415	200
415	230
415	239
415	287
415	383
415	385
415	387
415	400
415	401
415	405
415	438
415	454
415	464
415	477
415	496
416	61
416	96
416	152
416	196
416	205
416	247
416	256
416	282
416	360
416	371
416	397
416	429
416	435
416	448
416	453
416	484
416	491
417	15
417	31
417	37
417	66
417	86
417	133
417	233
417	238
417	245
417	285
417	347
417	350
417	401
417	439
417	448
417	471
417	494
418	124
418	139
418	140
418	295
418	302
418	304
418	325
418	327
418	366
418	373
418	459
418	462
418	465
418	473
418	475
418	476
418	489
419	177
419	201
419	228
419	241
419	250
419	270
419	274
419	276
419	283
419	353
419	375
419	393
419	414
419	439
419	451
419	474
419	478
420	36
420	43
420	162
420	224
420	233
420	254
420	264
420	269
420	333
420	342
420	425
420	434
420	465
420	466
420	481
420	482
420	493
421	147
421	263
421	288
421	309
421	341
421	348
421	363
421	382
421	384
421	394
421	403
421	413
421	443
421	461
421	477
421	492
421	493
422	52
422	83
422	87
422	113
422	151
422	160
422	174
422	271
422	293
422	323
422	330
422	337
422	366
422	407
422	466
422	470
422	487
423	234
423	255
423	268
423	359
423	406
423	409
423	411
423	442
423	449
423	451
423	458
423	463
423	483
423	484
423	490
423	497
423	499
424	1
424	101
424	131
424	151
424	159
424	174
424	215
424	252
424	337
424	349
424	366
424	401
424	407
424	431
424	466
424	487
424	499
425	140
425	186
425	203
425	221
425	224
425	269
425	278
425	291
425	333
425	342
425	346
425	420
425	434
425	478
425	481
425	482
425	485
426	4
426	135
426	181
426	207
426	212
426	271
426	284
426	299
426	305
426	317
426	331
426	351
426	385
426	428
426	467
426	468
426	486
427	25
427	50
427	109
427	146
427	164
427	182
427	221
427	260
427	278
427	288
427	305
427	323
427	328
427	352
427	357
427	387
427	398
428	20
428	57
428	84
428	189
428	207
428	212
428	259
428	271
428	284
428	299
428	305
428	317
428	331
428	351
428	373
428	393
428	426
428	467
429	196
429	202
429	205
429	216
429	235
429	247
429	256
429	353
429	360
429	371
429	390
429	397
429	416
429	448
429	453
429	460
429	473
429	484
430	166
430	173
430	194
430	301
430	334
430	345
430	355
430	412
430	431
430	433
430	444
430	450
430	454
430	457
430	470
430	479
430	480
430	491
431	41
431	82
431	122
431	209
431	243
431	289
431	323
431	412
431	424
431	430
431	433
431	444
431	450
431	457
431	470
431	479
431	480
431	491
432	49
432	56
432	71
432	106
432	110
432	121
432	152
432	165
432	181
432	214
432	248
432	258
432	306
432	347
432	412
432	452
432	453
432	476
433	204
433	280
433	289
433	313
433	323
433	334
433	345
433	373
433	400
433	430
433	431
433	444
433	450
433	457
433	470
433	480
433	491
433	497
434	13
434	112
434	154
434	221
434	264
434	291
434	298
434	333
434	342
434	379
434	406
434	420
434	425
434	461
434	462
434	481
434	482
434	485
435	64
435	161
435	282
435	284
435	301
435	313
435	326
435	336
435	340
435	354
435	362
435	364
435	392
435	416
435	455
435	460
435	483
435	500
436	68
436	143
436	173
436	237
436	274
436	296
436	381
436	386
436	394
436	396
436	437
436	441
436	445
436	469
436	488
436	492
436	494
436	495
437	63
437	68
437	69
437	78
437	157
437	225
437	303
437	332
437	356
437	363
437	381
437	386
437	396
437	436
437	443
437	488
437	494
437	495
438	128
438	213
438	285
438	293
438	300
438	358
438	374
438	400
438	404
438	415
438	454
438	459
438	464
438	469
438	473
438	476
438	477
438	496
439	15
439	72
439	86
439	105
439	125
439	133
439	213
439	233
439	245
439	347
439	357
439	359
439	389
439	401
439	417
439	419
439	471
439	473
439	491
440	40
440	113
440	235
440	241
440	250
440	270
440	274
440	276
440	283
440	298
440	338
440	375
440	376
440	393
440	414
440	442
440	451
440	474
440	478
441	68
441	121
441	169
441	229
441	237
441	271
441	275
441	302
441	356
441	363
441	372
441	376
441	381
441	386
441	436
441	445
441	488
441	494
441	495
442	193
442	234
442	268
442	281
442	349
442	388
442	395
442	401
442	411
442	423
442	440
442	446
442	449
442	458
442	463
442	466
442	490
442	497
442	499
443	94
443	99
443	186
443	288
443	297
443	348
443	365
443	394
443	403
443	413
443	421
443	437
443	447
443	461
443	463
443	468
443	477
443	492
443	493
444	98
444	115
444	155
444	240
444	241
444	272
444	289
444	299
444	334
444	391
444	412
444	430
444	431
444	433
444	450
444	470
444	479
444	491
444	496
445	94
445	143
445	173
445	189
445	237
445	332
445	356
445	363
445	376
445	381
445	386
445	396
445	397
445	436
445	441
445	487
445	488
445	494
445	495
446	35
446	108
446	127
446	199
446	238
446	267
446	273
446	275
446	325
446	346
446	369
446	390
446	400
446	408
446	442
446	456
446	469
446	472
446	497
447	94
447	99
447	170
447	191
447	197
447	206
447	210
447	312
447	341
447	382
447	384
447	394
447	443
447	461
447	467
447	468
447	493
447	495
447	497
448	61
448	79
448	96
448	188
448	205
448	210
448	216
448	227
448	240
448	247
448	256
448	353
448	371
448	397
448	416
448	417
448	429
448	453
448	484
448	492
449	114
449	220
449	268
449	284
449	335
449	349
449	357
449	375
449	387
449	388
449	395
449	406
449	409
449	423
449	442
449	458
449	463
449	490
449	497
449	499
450	18
450	80
450	115
450	272
450	279
450	280
450	355
450	391
450	412
450	430
450	431
450	433
450	444
450	470
450	479
450	480
450	482
450	484
450	485
450	491
451	201
451	241
451	250
451	264
451	270
451	274
451	283
451	298
451	328
451	338
451	375
451	393
451	414
451	419
451	423
451	440
451	457
451	474
451	478
451	487
452	38
452	45
452	49
452	56
452	71
452	106
452	110
452	121
452	152
452	165
452	180
452	181
452	214
452	226
452	258
452	306
452	356
452	382
452	403
452	432
453	44
453	196
453	202
453	205
453	227
453	256
453	261
453	294
453	324
453	353
453	360
453	371
453	397
453	416
453	429
453	432
453	448
453	470
453	484
453	489
454	149
454	179
454	230
454	265
454	344
454	358
454	362
454	374
454	383
454	400
454	404
454	415
454	430
454	438
454	459
454	464
454	476
454	477
454	485
454	496
455	142
455	156
455	206
455	244
455	301
455	308
455	319
455	326
455	336
455	343
455	354
455	364
455	390
455	392
455	435
455	460
455	483
455	486
455	487
455	500
456	28
456	35
456	57
456	92
456	127
456	138
456	151
456	204
456	273
456	312
456	318
456	346
456	353
456	369
456	378
456	390
456	408
456	446
456	469
456	472
456	483
457	115
457	168
457	272
457	280
457	294
457	313
457	323
457	324
457	334
457	345
457	391
457	409
457	412
457	430
457	431
457	433
457	451
457	470
457	479
457	480
457	491
458	150
458	218
458	268
458	281
458	322
458	340
458	349
458	381
458	388
458	409
458	411
458	423
458	442
458	449
458	463
458	476
458	483
458	489
458	490
458	497
458	499
459	77
459	89
459	115
459	116
459	234
459	285
459	307
459	343
459	344
459	358
459	383
459	405
459	418
459	438
459	454
459	464
459	476
459	477
459	493
459	496
459	498
460	19
460	62
460	111
460	161
460	184
460	257
460	275
460	277
460	319
460	326
460	340
460	345
460	354
460	368
460	396
460	429
460	435
460	455
460	467
460	483
460	486
460	500
461	46
461	94
461	133
461	191
461	195
461	220
461	330
461	341
461	348
461	358
461	365
461	382
461	403
461	413
461	421
461	434
461	443
461	447
461	468
461	472
461	492
461	500
462	232
462	254
462	263
462	294
462	295
462	302
462	304
462	325
462	327
462	359
462	373
462	381
462	410
462	418
462	434
462	465
462	470
462	475
462	479
462	489
462	493
462	498
463	9
463	114
463	218
463	253
463	268
463	281
463	322
463	349
463	384
463	387
463	395
463	409
463	423
463	442
463	443
463	449
463	458
463	469
463	481
463	490
463	497
463	499
464	26
464	33
464	106
464	116
464	149
464	150
464	161
464	285
464	307
464	333
464	343
464	358
464	385
464	404
464	415
464	438
464	454
464	459
464	475
464	476
464	477
464	496
465	12
465	24
465	92
465	124
465	207
465	226
465	254
465	294
465	302
465	304
465	310
465	327
465	375
465	399
465	410
465	418
465	420
465	462
465	473
465	475
465	489
465	498
466	52
466	60
466	100
466	101
466	151
466	159
466	160
466	174
466	195
466	215
466	252
466	289
466	293
466	311
466	321
466	337
466	366
466	407
466	420
466	422
466	424
466	442
466	487
467	4
467	21
467	135
467	154
467	189
467	207
467	212
467	259
467	271
467	284
467	288
467	299
467	305
467	313
467	317
467	331
467	340
467	351
467	410
467	426
467	428
467	447
467	460
468	46
468	170
468	191
468	210
468	211
468	286
468	324
468	328
468	330
468	340
468	341
468	348
468	380
468	382
468	384
468	386
468	398
468	426
468	443
468	447
468	461
468	492
468	493
469	28
469	57
469	127
469	138
469	185
469	199
469	204
469	267
469	273
469	318
469	346
469	350
469	369
469	378
469	390
469	408
469	436
469	438
469	446
469	456
469	463
469	472
469	481
470	272
470	279
470	280
470	313
470	323
470	334
470	345
470	355
470	412
470	422
470	430
470	431
470	433
470	444
470	450
470	453
470	457
470	462
470	479
470	480
470	491
470	496
470	500
471	15
471	31
471	66
471	72
471	73
471	86
471	105
471	124
471	213
471	219
471	233
471	238
471	245
471	250
471	269
471	347
471	350
471	359
471	389
471	401
471	407
471	417
471	439
472	5
472	57
472	93
472	108
472	119
472	127
472	138
472	160
472	199
472	204
472	212
472	267
472	275
472	318
472	346
472	369
472	378
472	390
472	408
472	446
472	456
472	461
472	469
473	40
473	124
473	139
473	224
473	226
473	254
473	287
473	294
473	304
473	310
473	325
473	327
473	331
473	373
473	410
473	418
473	429
473	438
473	439
473	465
473	475
473	489
473	498
474	14
474	27
474	61
474	62
474	75
474	201
474	239
474	241
474	250
474	270
474	274
474	276
474	298
474	338
474	375
474	393
474	395
474	413
474	414
474	419
474	440
474	451
474	478
475	40
475	100
475	201
475	226
475	232
475	263
475	265
475	287
475	294
475	295
475	304
475	310
475	313
475	325
475	352
475	373
475	410
475	418
475	462
475	464
475	465
475	473
475	489
475	498
476	103
476	116
476	138
476	200
476	203
476	225
476	230
476	245
476	300
476	307
476	343
476	344
476	383
476	385
476	404
476	405
476	418
476	432
476	438
476	454
476	458
476	459
476	464
476	477
477	200
477	209
477	225
477	285
477	300
477	307
477	343
477	358
477	360
477	374
477	400
477	404
477	405
477	415
477	421
477	438
477	443
477	454
477	459
477	464
477	476
477	479
477	482
477	496
478	14
478	75
478	85
478	97
478	106
478	201
478	241
478	250
478	270
478	274
478	276
478	283
478	298
478	334
478	338
478	375
478	393
478	406
478	414
478	419
478	425
478	440
478	451
478	474
479	37
479	41
479	67
479	155
479	272
479	279
479	280
479	313
479	345
479	355
479	368
479	391
479	412
479	430
479	431
479	444
479	450
479	457
479	462
479	470
479	477
479	480
479	482
479	491
480	14
480	41
480	115
480	279
480	289
480	323
480	334
480	345
480	355
480	371
480	391
480	404
480	412
480	430
480	431
480	433
480	450
480	457
480	470
480	479
480	481
480	484
480	489
480	491
481	13
481	25
481	36
481	112
481	186
481	221
481	224
481	264
481	265
481	269
481	291
481	329
481	333
481	342
481	345
481	379
481	391
481	420
481	425
481	434
481	463
481	469
481	480
481	482
481	485
482	13
482	43
482	140
482	162
482	186
482	221
482	224
482	264
482	265
482	269
482	291
482	329
482	333
482	379
482	391
482	420
482	425
482	434
482	450
482	477
482	479
482	481
482	484
482	485
482	498
483	19
483	47
483	111
483	130
483	152
483	206
483	257
483	282
483	319
483	326
483	340
483	354
483	362
483	364
483	368
483	374
483	392
483	413
483	423
483	435
483	455
483	456
483	458
483	460
483	486
483	500
484	44
484	49
484	61
484	79
484	96
484	101
484	196
484	202
484	205
484	216
484	227
484	247
484	256
484	312
484	353
484	360
484	371
484	397
484	416
484	423
484	429
484	448
484	450
484	453
484	480
484	482
485	13
485	43
485	46
485	90
485	112
485	140
485	157
485	162
485	186
485	224
485	264
485	265
485	267
485	269
485	329
485	333
485	342
485	379
485	385
485	414
485	425
485	434
485	450
485	454
485	481
485	482
486	19
486	47
486	62
486	111
486	142
486	156
486	184
486	206
486	257
486	282
486	301
486	329
486	340
486	346
486	354
486	362
486	368
486	382
486	392
486	397
486	426
486	455
486	460
486	483
486	496
486	500
487	52
487	83
487	87
487	100
487	113
487	131
487	148
487	151
487	159
487	174
487	209
487	215
487	252
487	293
487	299
487	321
487	337
487	406
487	407
487	422
487	424
487	445
487	451
487	455
487	466
487	498
487	500
488	63
488	157
488	169
488	173
488	190
488	229
488	285
488	296
488	308
488	314
488	319
488	332
488	342
488	356
488	363
488	376
488	381
488	386
488	396
488	408
488	436
488	437
488	441
488	445
488	492
488	494
488	495
489	24
489	40
489	92
489	139
489	144
489	180
489	187
489	254
489	263
489	287
489	294
489	295
489	302
489	304
489	310
489	327
489	373
489	418
489	453
489	458
489	462
489	465
489	473
489	475
489	480
489	490
489	498
490	56
490	97
490	145
490	150
490	220
490	223
490	234
490	259
490	268
490	269
490	321
490	322
490	349
490	388
490	395
490	406
490	409
490	411
490	423
490	442
490	449
490	458
490	463
490	489
490	497
490	498
490	499
491	111
491	155
491	224
491	272
491	279
491	280
491	289
491	313
491	323
491	334
491	345
491	355
491	378
491	391
491	405
491	412
491	416
491	430
491	431
491	433
491	439
491	444
491	450
491	457
491	470
491	479
491	480
492	46
492	89
492	99
492	195
492	286
492	288
492	324
492	332
492	341
492	348
492	355
492	365
492	370
492	380
492	382
492	384
492	394
492	403
492	413
492	421
492	436
492	443
492	448
492	461
492	468
492	488
492	493
493	46
493	94
493	109
493	170
493	195
493	197
493	210
493	286
493	288
493	312
493	324
493	330
493	348
493	365
493	380
493	400
493	403
493	405
493	412
493	413
493	420
493	421
493	443
493	447
493	459
493	462
493	468
493	492
494	63
494	78
494	142
494	157
494	169
494	202
494	229
494	233
494	237
494	296
494	314
494	332
494	348
494	349
494	356
494	363
494	368
494	376
494	381
494	386
494	396
494	417
494	436
494	437
494	441
494	445
494	488
494	495
495	13
495	33
495	68
495	78
495	143
495	169
495	173
495	229
495	237
495	283
495	296
495	314
495	325
495	332
495	356
495	363
495	376
495	380
495	381
495	386
495	403
495	436
495	437
495	441
495	445
495	447
495	488
495	494
496	26
496	77
496	89
496	116
496	200
496	225
496	230
496	266
496	307
496	324
496	350
496	358
496	374
496	383
496	385
496	400
496	404
496	405
496	415
496	438
496	444
496	454
496	459
496	464
496	470
496	477
496	486
496	499
497	9
497	88
497	91
497	114
497	150
497	163
497	218
497	220
497	223
497	234
497	268
497	281
497	349
497	355
497	388
497	395
497	406
497	409
497	411
497	423
497	433
497	442
497	446
497	447
497	449
497	458
497	463
497	490
497	499
498	24
498	32
498	92
498	99
498	118
498	139
498	182
498	226
498	232
498	254
498	263
498	287
498	295
498	302
498	304
498	310
498	325
498	327
498	373
498	410
498	459
498	462
498	465
498	473
498	475
498	482
498	487
498	489
498	490
499	9
499	97
499	114
499	183
499	218
499	220
499	223
499	234
499	281
499	322
499	349
499	362
499	364
499	372
499	388
499	389
499	395
499	406
499	409
499	411
499	423
499	424
499	442
499	449
499	458
499	463
499	490
499	496
499	497
500	19
500	47
500	62
500	142
500	161
500	184
500	191
500	206
500	241
500	257
500	282
500	301
500	326
500	336
500	337
500	340
500	354
500	362
500	364
500	368
500	372
500	392
500	435
500	455
500	460
500	461
500	470
500	483
500	486
500	487
