1	270
1	271
1	294
1	425
1	447
2	295
2	396
2	441
2	464
2	472
3	47
3	190
3	201
3	202
3	220
4	116
4	120
4	155
4	166
4	434
5	36
5	307
5	354
5	397
5	470
6	332
6	362
6	402
6	436
6	443
7	75
7	426
7	450
7	489
7	490
8	347
8	479
8	481
8	495
8	497
9	80
9	330
9	417
9	442
9	478
10	195
10	270
10	272
10	313
10	469
11	13
11	136
11	219
11	416
11	419
12	45
12	353
12	372
12	436
12	443
13	11
13	352
13	488
13	492
13	498
14	54
14	284
14	293
14	414
14	437
15	131
15	242
15	252
15	361
15	469
16	297
16	398
16	408
16	456
16	472
17	131
17	377
17	435
17	456
17	482
18	223
18	249
18	298
18	318
18	438
19	458
19	465
19	484
19	493
19	496
20	236
20	324
20	366
20	455
20	478
21	130
21	293
21	354
21	397
21	430
22	353
22	385
22	418
22	458
22	499
23	197
23	209
23	312
23	372
23	493
24	127
24	338
24	360
24	374
24	375
25	26
25	111
25	282
25	416
25	419
26	25
26	230
26	259
26	350
26	413
27	317
27	461
27	485
27	491
27	499
28	208
28	222
28	316
28	319
28	379
29	116
29	125
29	175
29	410
29	441
30	126
30	153
30	444
30	458
30	494
31	276
31	328
31	371
31	435
31	496
32	142
32	425
32	457
32	469
32	475
33	314
33	401
33	425
33	427
33	465
34	210
34	233
34	305
34	374
34	375
35	85
35	462
35	482
35	496
35	500
36	5
36	117
36	234
36	354
36	397
37	271
37	289
37	338
37	356
37	374
38	296
38	310
38	382
38	463
38	488
39	110
39	238
39	269
39	290
39	456
40	231
40	258
40	391
40	395
40	486
41	154
41	457
41	460
41	469
41	475
42	412
42	462
42	474
42	477
42	500
43	254
43	335
43	377
43	386
43	498
44	327
44	346
44	349
44	442
44	478
45	12
45	327
45	352
45	469
45	478
46	322
46	376
46	405
46	485
46	499
47	3
47	190
47	202
47	220
47	441
48	68
48	210
48	251
48	397
48	422
49	203
49	338
49	343
49	381
49	460
50	192
50	330
50	431
50	489
50	490
51	54
51	112
51	157
51	293
51	500
52	130
52	340
52	378
52	480
52	491
53	120
53	208
53	316
53	319
53	482
54	14
54	51
54	274
54	284
54	293
55	64
55	238
55	239
55	374
55	500
56	127
56	180
56	257
56	285
56	313
57	62
57	332
57	358
57	400
57	486
58	141
58	419
58	424
58	442
58	471
59	214
59	470
59	483
59	493
59	496
60	333
60	394
60	415
60	452
60	491
61	240
61	324
61	442
61	478
61	485
62	57
62	447
62	449
62	465
62	499
63	281
63	343
63	362
63	364
63	381
64	55
64	238
64	239
64	269
64	380
65	213
65	247
65	253
65	400
65	486
66	107
66	392
66	402
66	436
66	443
67	167
67	270
67	430
67	459
67	500
68	48
68	193
68	251
68	354
68	397
69	77
69	311
69	378
69	410
69	472
70	448
70	457
70	468
70	474
70	482
71	315
71	359
71	418
71	428
71	458
72	251
72	354
72	397
72	403
72	407
73	188
73	216
73	450
73	482
73	487
74	363
74	370
74	410
74	422
74	489
75	7
75	420
75	427
75	465
75	470
76	106
76	155
76	165
76	266
76	357
77	69
77	429
77	455
77	483
77	484
78	229
78	282
78	402
78	407
78	417
79	162
79	393
79	448
79	489
79	490
80	9
80	115
80	144
80	442
80	478
81	423
81	445
81	476
81	481
81	488
82	107
82	180
82	265
82	285
82	313
83	131
83	176
83	286
83	439
83	452
84	147
84	327
84	386
84	467
84	478
85	35
85	396
85	452
85	485
85	499
86	264
86	326
86	430
86	462
86	468
87	165
87	205
87	245
87	318
87	453
88	222
88	316
88	319
88	486
88	499
89	204
89	376
89	404
89	408
89	435
90	182
90	281
90	310
90	343
90	381
91	247
91	317
91	484
91	493
91	496
92	191
92	363
92	481
92	495
92	497
93	179
93	185
93	407
93	416
93	419
93	428
94	267
94	303
94	429
94	430
94	468
94	500
95	109
95	268
95	379
95	451
95	480
95	492
96	112
96	157
96	284
96	383
96	406
96	442
97	310
97	334
97	403
97	413
97	449
97	463
98	391
98	457
98	460
98	469
98	475
98	490
99	224
99	321
99	328
99	371
99	441
99	496
100	123
100	219
100	314
100	345
100	378
100	488
101	224
101	228
101	466
101	488
101	492
101	498
102	137
102	287
102	321
102	353
102	436
102	443
103	167
103	228
103	351
103	435
103	456
103	466
104	289
104	421
104	455
104	483
104	484
104	493
105	333
105	453
105	473
105	475
105	480
105	487
106	76
106	387
106	457
106	460
106	469
106	475
107	66
107	82
107	168
107	180
107	285
107	433
108	221
108	240
108	321
108	371
108	406
108	461
109	95
109	114
109	395
109	400
109	479
109	486
110	39
110	121
110	238
110	239
110	269
110	399
111	25
111	154
111	334
111	406
111	421
111	486
112	51
112	96
112	157
112	284
112	363
112	497
113	273
113	428
113	462
113	468
113	474
113	485
114	109
114	199
114	222
114	387
114	391
114	400
115	80
115	214
115	241
115	250
115	362
115	495
116	4
116	29
116	120
116	155
116	191
116	282
117	36
117	130
117	354
117	382
117	397
117	450
118	135
118	162
118	201
118	441
118	448
118	472
119	393
119	451
119	466
119	476
119	481
119	492
120	4
120	53
120	116
120	166
120	191
120	494
121	110
121	282
121	303
121	407
121	416
121	419
122	203
122	211
122	267
122	461
122	485
122	487
123	100
123	174
123	314
123	378
123	474
123	491
124	330
124	424
124	453
124	471
124	484
124	498
125	29
125	364
125	398
125	422
125	472
125	490
126	30
126	418
126	457
126	460
126	469
126	475
127	24
127	56
127	181
127	396
127	477
127	494
128	224
128	345
128	420
128	447
128	449
128	465
129	163
129	325
129	405
129	424
129	453
129	471
130	21
130	52
130	117
130	397
130	436
130	475
131	15
131	17
131	83
131	270
131	280
131	493
132	447
132	465
132	466
132	476
132	488
132	498
133	245
133	456
133	467
133	479
133	495
133	497
134	328
134	404
134	408
134	429
134	435
134	456
135	118
135	334
135	387
135	421
135	473
135	486
136	11
136	338
136	407
136	412
136	416
136	419
137	102
137	187
137	212
137	286
137	345
137	378
138	172
138	209
138	232
138	234
138	260
138	357
139	173
139	252
139	287
139	346
139	436
139	443
140	302
140	461
140	480
140	485
140	489
140	491
141	58
141	279
141	287
141	424
141	453
141	471
142	32
142	390
142	446
142	451
142	466
142	498
143	303
143	337
143	367
143	428
143	474
143	482
144	80
144	237
144	437
144	485
144	491
144	499
145	338
145	479
145	481
145	486
145	495
145	497
146	415
146	432
146	435
146	460
146	469
146	475
147	84
147	220
147	324
147	415
147	442
147	478
148	252
148	270
148	278
148	279
148	280
148	451
149	232
149	234
149	266
149	331
149	357
149	424
150	218
150	280
150	341
150	381
150	413
150	463
151	454
151	457
151	460
151	469
151	475
151	477
152	187
152	226
152	314
152	345
152	378
152	497
153	30
153	365
153	377
153	398
153	435
153	456
154	41
154	111
154	483
154	484
154	493
154	496
155	4
155	76
155	116
155	166
155	191
155	347
156	210
156	355
156	412
156	413
156	482
156	500
157	51
157	96
157	112
157	284
157	293
157	298
158	229
158	385
158	390
158	407
158	416
158	419
159	196
159	198
159	204
159	209
159	325
159	429
160	168
160	283
160	313
160	432
160	457
160	459
161	208
161	222
161	316
161	319
161	434
161	460
162	79
162	118
162	198
162	214
162	241
162	253
163	129
163	211
163	332
163	395
163	400
163	486
164	182
164	203
164	281
164	358
164	381
164	391
165	76
165	87
165	232
165	234
165	357
165	397
166	4
166	120
166	155
166	191
166	495
166	496
167	67
167	103
167	168
167	412
167	450
167	482
168	107
168	160
168	167
168	257
168	313
168	418
169	287
169	355
169	460
169	469
169	475
169	490
170	331
170	414
170	422
170	440
170	448
170	489
171	300
171	383
171	394
171	401
171	411
171	436
172	138
172	234
172	261
172	357
172	365
172	449
173	139
173	209
173	240
173	439
173	442
173	478
174	123
174	187
174	212
174	436
174	471
174	494
175	29
175	178
175	262
175	311
175	326
175	432
176	83
176	272
176	279
176	280
176	431
176	461
177	207
177	309
177	310
177	343
177	399
177	403
177	492
178	175
178	180
178	257
178	283
178	291
178	313
178	325
179	93
179	309
179	341
179	406
179	413
179	447
179	463
180	56
180	82
180	107
180	178
180	188
180	353
180	475
181	127
181	317
181	319
181	444
181	458
181	464
181	493
182	90
182	164
182	236
182	281
182	343
182	381
182	489
183	205
183	367
183	389
183	444
183	454
183	477
183	494
184	195
184	340
184	359
184	433
184	454
184	477
184	494
185	93
185	215
185	407
185	416
185	419
185	471
185	494
186	388
186	479
186	488
186	490
186	491
186	492
186	498
187	137
187	152
187	174
187	314
187	344
187	345
187	378
188	73
188	180
188	257
188	283
188	285
188	460
188	476
189	288
189	312
189	344
189	347
189	394
189	401
189	411
190	3
190	47
190	202
190	220
190	231
190	266
190	324
191	92
191	116
191	120
191	155
191	166
191	357
191	474
192	50
192	209
192	214
192	250
192	253
192	372
192	411
193	68
193	337
193	346
193	362
193	402
193	436
193	443
194	233
194	284
194	289
194	338
194	374
194	375
194	447
195	10
195	184
195	242
195	252
195	280
195	387
195	462
196	159
196	351
196	373
196	374
196	408
196	435
196	456
197	23
197	415
197	431
197	440
197	458
197	490
197	496
198	159
198	162
198	214
198	274
198	325
198	372
198	467
199	114
199	290
199	333
199	437
199	473
199	485
199	487
200	354
200	407
200	408
200	425
200	427
200	449
200	465
201	3
201	118
201	295
201	311
201	422
201	429
201	472
202	3
202	47
202	190
202	220
202	238
202	349
202	464
203	49
203	122
203	164
203	343
203	381
203	481
203	497
204	89
204	159
204	209
204	312
204	325
204	382
204	413
205	87
205	183
205	223
205	245
205	249
205	318
205	498
206	277
206	284
206	296
206	336
206	438
206	482
206	500
207	177
207	309
207	341
207	403
207	463
207	480
207	491
208	28
208	53
208	161
208	254
208	316
208	319
208	444
209	23
209	138
209	159
209	173
209	192
209	204
209	372
210	34
210	48
210	156
210	277
210	417
210	438
210	500
211	122
211	163
211	466
211	476
211	488
211	492
211	498
212	137
212	174
212	314
212	333
212	345
212	375
212	378
213	65
213	330
213	387
213	391
213	421
213	449
213	486
214	59
214	115
214	162
214	192
214	198
214	372
214	408
215	185
215	235
215	429
215	483
215	484
215	493
215	496
216	73
216	379
216	401
216	450
216	462
216	477
216	482
217	327
217	349
217	356
217	403
217	442
217	454
217	478
218	150
218	259
218	336
218	341
218	403
218	413
218	497
219	11
219	100
219	275
219	476
219	488
219	492
219	498
220	3
220	47
220	147
220	190
220	202
220	438
220	493
221	108
221	276
221	321
221	328
221	335
221	371
221	435
222	28
222	88
222	114
222	161
222	316
222	319
222	419
223	18
223	205
223	245
223	249
223	318
223	392
223	500
224	99
224	101
224	128
224	276
224	321
224	328
224	371
225	227
225	433
225	457
225	460
225	469
225	475
225	496
226	152
226	378
226	467
226	479
226	481
226	484
226	495
226	497
227	225
227	276
227	467
227	479
227	481
227	490
227	495
227	497
228	101
228	103
228	398
228	404
228	408
228	424
228	447
228	456
229	78
229	158
229	289
229	292
229	407
229	416
229	419
229	467
230	26
230	247
230	310
230	368
230	413
230	451
230	463
230	486
231	40
231	190
231	362
231	387
231	391
231	395
231	486
231	492
232	138
232	149
232	165
232	266
232	357
232	433
232	455
232	486
233	34
233	194
233	278
233	305
233	338
233	357
233	375
233	395
234	36
234	138
234	149
234	165
234	172
234	266
234	357
234	434
235	215
235	390
235	392
235	427
235	433
235	454
235	464
235	494
236	20
236	182
236	240
236	349
236	356
236	404
236	442
236	478
237	144
237	254
237	459
237	467
237	479
237	481
237	495
237	497
238	39
238	55
238	64
238	110
238	202
238	239
238	269
238	478
239	55
239	64
239	110
239	238
239	269
239	457
239	468
239	480
240	61
240	108
240	173
240	236
240	339
240	352
240	442
240	478
241	115
241	162
241	246
241	250
241	312
241	325
241	372
241	405
242	15
242	195
242	256
242	265
242	270
242	272
242	279
242	391
243	275
243	315
243	322
243	400
243	452
243	470
243	480
243	487
244	267
244	301
244	327
244	393
244	405
244	424
244	441
244	471
245	87
245	133
245	205
245	223
245	249
245	318
245	448
245	478
246	241
246	252
246	345
246	385
246	445
246	454
246	458
246	464
247	65
247	91
247	230
247	306
247	341
247	413
247	463
247	488
248	263
248	264
248	366
248	381
248	431
248	448
248	489
248	490
249	18
249	205
249	223
249	245
249	318
249	360
249	444
249	485
250	115
250	192
250	241
250	253
250	361
250	372
250	409
250	437
251	48
251	68
251	72
251	354
251	383
251	397
251	447
251	450
252	15
252	139
252	148
252	195
252	246
252	279
252	286
252	473
253	65
253	162
253	192
253	250
253	295
253	312
253	325
253	454
254	43
254	208
254	237
254	329
254	383
254	386
254	394
254	411
255	297
255	446
255	455
255	468
255	483
255	484
255	493
255	496
256	242
256	299
256	415
256	426
256	448
256	459
256	489
256	490
257	56
257	168
257	178
257	188
257	283
257	372
257	445
257	466
258	40
258	356
258	385
258	388
258	396
258	444
258	454
258	477
259	26
259	218
259	310
259	403
259	414
259	423
259	428
259	463
260	138
260	432
260	457
260	460
260	469
260	475
260	491
260	498
261	172
261	420
261	427
261	447
261	449
261	453
261	465
261	496
262	175
262	308
262	370
262	401
262	407
262	441
262	452
262	472
263	248
263	361
263	380
263	384
263	425
263	447
263	449
263	465
264	86
264	248
264	363
264	373
264	431
264	440
264	448
264	489
265	82
265	242
265	330
265	337
265	393
265	453
265	471
265	483
266	76
266	149
266	190
266	232
266	234
266	311
266	357
266	470
267	94
267	122
267	244
267	351
267	452
267	470
267	487
267	491
268	95
268	333
268	420
268	425
268	427
268	447
268	449
268	465
269	39
269	64
269	110
269	238
269	239
269	392
269	484
269	494
270	1
270	10
270	67
270	131
270	148
270	242
270	286
270	337
271	1
271	37
271	436
271	446
271	466
271	476
271	492
271	498
272	10
272	176
272	242
272	279
272	286
272	293
272	301
272	427
273	113
273	401
273	409
273	414
273	455
273	460
273	484
273	493
274	54
274	198
274	308
274	459
274	467
274	481
274	495
274	497
275	219
275	243
275	332
275	334
275	387
275	421
275	486
275	494
276	31
276	221
276	224
276	227
276	321
276	328
276	365
276	371
276	384
277	206
277	210
277	417
277	430
277	462
277	467
277	475
277	494
277	500
278	148
278	233
278	344
278	414
278	439
278	455
278	483
278	493
278	496
279	141
279	148
279	176
279	242
279	252
279	272
279	286
279	423
279	488
280	131
280	148
280	150
280	176
280	195
280	286
280	342
280	424
280	499
281	63
281	90
281	164
281	182
281	329
281	343
281	381
281	429
281	440
282	25
282	78
282	116
282	121
282	407
282	416
282	419
282	457
282	499
283	160
283	178
283	188
283	257
283	285
283	313
283	413
283	447
283	459
284	14
284	54
284	96
284	112
284	157
284	194
284	206
284	293
284	499
285	56
285	82
285	107
285	188
285	283
285	304
285	313
285	377
285	458
286	83
286	137
286	252
286	270
286	272
286	279
286	280
286	348
286	465
287	102
287	139
287	141
287	169
287	339
287	402
287	436
287	443
287	475
288	189
288	335
288	386
288	394
288	396
288	399
288	401
288	402
288	411
289	37
289	104
289	194
289	229
289	305
289	338
289	374
289	375
289	462
290	39
290	199
290	398
290	404
290	408
290	434
290	435
290	456
290	462
291	178
291	418
291	427
291	430
291	433
291	445
291	458
291	471
291	477
292	229
292	445
292	446
292	451
292	476
292	487
292	488
292	492
292	498
293	14
293	21
293	51
293	54
293	157
293	272
293	284
293	438
293	478
294	1
294	350
294	373
294	384
294	420
294	440
294	449
294	452
294	465
295	2
295	201
295	253
295	320
295	370
295	428
295	441
295	472
295	486
296	38
296	206
296	306
296	309
296	341
296	413
296	448
296	463
296	483
297	16
297	255
297	301
297	328
297	459
297	467
297	479
297	495
297	497
298	18
298	157
298	390
298	392
298	444
298	464
298	477
298	480
298	494
299	256
299	320
299	414
299	429
299	439
299	444
299	455
299	493
299	496
300	171
300	421
300	459
300	466
300	467
300	479
300	481
300	495
300	497
301	244
301	272
301	297
301	323
301	373
301	424
301	453
301	471
301	483
302	140
302	320
302	364
302	389
302	422
302	437
302	441
302	472
302	475
303	94
303	121
303	143
303	370
303	417
303	450
303	474
303	479
303	500
304	285
304	430
304	438
304	447
304	450
304	462
304	474
304	482
304	491
305	34
305	233
305	289
305	338
305	374
305	375
305	383
305	395
305	421
306	247
306	296
306	369
306	403
306	413
306	443
306	458
306	463
306	470
307	5
307	319
307	367
307	392
307	396
307	418
307	443
307	445
307	454
307	494
308	262
308	274
308	361
308	461
308	470
308	480
308	487
308	491
308	499
308	500
309	177
309	179
309	207
309	296
309	379
309	397
309	403
309	415
309	453
309	463
310	38
310	90
310	97
310	177
310	230
310	259
310	388
310	403
310	457
310	463
311	69
311	175
311	201
311	266
311	370
311	383
311	385
311	389
311	441
311	472
312	23
312	189
312	204
312	241
312	253
312	325
312	372
312	392
312	443
312	467
313	10
313	56
313	82
313	160
313	168
313	178
313	283
313	285
313	385
313	484
314	33
314	100
314	123
314	152
314	187
314	212
314	345
314	378
314	395
314	484
315	71
315	243
315	446
315	451
315	466
315	474
315	476
315	488
315	492
315	498
316	28
316	53
316	88
316	161
316	208
316	222
316	319
316	401
316	405
316	479
317	27
317	91
317	181
317	414
317	444
317	454
317	458
317	464
317	477
317	486
318	18
318	87
318	205
318	223
318	245
318	249
318	329
318	339
318	427
318	491
319	28
319	53
319	88
319	161
319	181
319	208
319	222
319	307
319	316
319	493
320	295
320	299
320	302
320	350
320	389
320	410
320	422
320	441
320	443
320	472
321	99
321	102
321	108
321	221
321	224
321	276
321	328
321	371
321	437
321	492
322	46
322	243
322	329
322	431
322	437
322	463
322	473
322	475
322	487
322	491
323	301
323	342
323	373
323	393
323	405
323	453
323	454
323	470
323	471
323	473
324	20
324	61
324	147
324	190
324	325
324	349
324	352
324	356
324	442
324	483
324	488
325	129
325	159
325	178
325	198
325	204
325	241
325	253
325	312
325	324
325	372
325	488
326	86
326	175
326	369
326	430
326	435
326	438
326	450
326	462
326	474
326	477
326	500
327	44
327	45
327	84
327	217
327	244
327	349
327	352
327	388
327	442
327	478
327	489
328	31
328	99
328	134
328	221
328	224
328	276
328	297
328	321
328	344
328	371
328	488
329	254
329	281
329	318
329	322
329	347
329	383
329	386
329	399
329	401
329	411
329	450
330	9
330	50
330	124
330	213
330	265
330	337
330	393
330	405
330	415
330	453
330	471
331	149
331	170
331	366
331	431
331	440
331	441
331	448
331	477
331	489
331	490
331	496
332	6
332	57
332	163
332	275
332	334
332	400
332	417
332	421
332	459
332	486
332	487
333	60
333	105
333	199
333	212
333	268
333	370
333	461
333	470
333	481
333	487
333	499
334	97
334	111
334	135
334	275
334	332
334	395
334	402
334	421
334	425
334	465
334	486
335	43
335	221
335	288
335	383
335	386
335	394
335	401
335	411
335	464
335	472
335	476
336	206
336	218
336	428
336	438
336	442
336	458
336	462
336	468
336	474
336	482
336	500
337	143
337	193
337	265
337	270
337	330
337	373
337	393
337	424
337	453
337	471
337	493
338	24
338	37
338	49
338	136
338	145
338	194
338	233
338	289
338	305
338	374
338	375
339	240
339	287
339	318
339	346
339	353
339	362
339	395
339	402
339	436
339	443
339	485
340	52
340	184
340	377
340	437
340	460
340	466
340	473
340	480
340	485
340	491
340	499
341	150
341	179
341	207
341	218
341	247
341	296
341	385
341	420
341	463
341	474
341	497
342	280
342	323
342	373
342	393
342	405
342	413
342	414
342	424
342	453
342	471
342	497
343	49
343	63
343	90
343	177
343	182
343	203
343	281
343	381
343	387
343	466
343	482
344	187
344	189
344	278
344	328
344	409
344	414
344	483
344	484
344	493
344	496
344	498
345	100
345	128
345	137
345	152
345	187
345	212
345	246
345	314
345	378
345	479
345	499
346	44
346	139
346	193
346	339
346	353
346	356
346	402
346	407
346	416
346	436
346	443
347	8
347	155
347	189
347	329
347	350
347	383
347	386
347	394
347	401
347	411
347	495
348	286
348	399
348	429
348	448
348	455
348	472
348	483
348	484
348	492
348	493
348	496
349	44
349	202
349	217
349	236
349	324
349	327
349	356
349	371
349	404
349	442
349	454
349	478
350	26
350	294
350	320
350	347
350	384
350	420
350	425
350	427
350	447
350	449
350	465
350	467
351	103
351	196
351	267
351	377
351	398
351	404
351	435
351	439
351	456
351	461
351	464
351	488
352	13
352	45
352	240
352	324
352	327
352	356
352	400
352	422
352	429
352	433
352	478
352	485
353	12
353	22
353	102
353	180
353	339
353	346
353	362
353	402
353	412
353	436
353	443
353	492
354	5
354	21
354	36
354	68
354	72
354	117
354	200
354	251
354	397
354	426
354	449
354	484
355	156
355	169
355	358
355	366
355	415
355	426
355	431
355	438
355	440
355	442
355	489
355	490
356	37
356	217
356	236
356	258
356	324
356	346
356	349
356	352
356	408
356	442
356	470
356	478
357	76
357	138
357	149
357	165
357	172
357	191
357	232
357	233
357	234
357	266
357	411
357	445
358	57
358	164
358	355
358	366
358	369
358	415
358	440
358	448
358	453
358	473
358	489
358	490
359	71
359	184
359	389
359	390
359	396
359	433
359	451
359	453
359	463
359	464
359	477
359	494
360	24
360	249
360	388
360	431
360	446
360	451
360	466
360	476
360	478
360	488
360	492
360	498
361	15
361	250
361	263
361	308
361	380
361	437
361	461
361	470
361	473
361	480
361	489
361	499
362	6
362	63
362	115
362	193
362	231
362	339
362	353
362	402
362	424
362	436
362	443
362	493
363	74
363	92
363	112
363	264
363	364
363	369
363	370
363	410
363	422
363	441
363	468
363	472
364	63
364	125
364	302
364	363
364	389
364	410
364	422
364	441
364	444
364	469
364	472
364	498
365	153
365	172
365	276
365	434
365	437
365	439
365	459
365	467
365	479
365	481
365	495
365	497
366	20
366	248
366	331
366	355
366	358
366	368
366	406
366	458
366	462
366	484
366	489
366	490
367	143
367	183
367	307
367	392
367	433
367	445
367	458
367	471
367	477
367	478
367	494
367	495
368	230
368	366
368	369
368	415
368	417
368	426
368	427
368	440
368	448
368	456
368	489
368	490
369	306
369	326
369	358
369	363
369	368
369	415
369	426
369	430
369	431
369	440
369	448
369	489
369	490
370	74
370	262
370	295
370	303
370	311
370	333
370	363
370	389
370	410
370	422
370	471
370	490
370	491
371	31
371	99
371	108
371	221
371	224
371	276
371	321
371	328
371	349
371	394
371	406
371	468
371	476
372	12
372	23
372	192
372	198
372	209
372	214
372	241
372	250
372	257
372	312
372	325
372	432
372	483
373	196
373	264
373	294
373	301
373	323
373	337
373	342
373	405
373	408
373	424
373	426
373	453
373	471
374	24
374	34
374	37
374	55
374	194
374	196
374	289
374	305
374	338
374	375
374	396
374	461
374	472
375	24
375	34
375	194
375	212
375	233
375	289
375	305
375	338
375	374
375	440
375	448
375	454
375	491
376	46
376	89
376	406
376	427
376	432
376	457
376	460
376	468
376	469
376	475
377	17
377	43
377	153
377	285
377	340
377	351
377	398
377	404
377	408
377	430
377	435
377	456
377	498
378	52
378	69
378	100
378	123
378	137
378	152
378	187
378	212
378	226
378	314
378	345
378	459
378	498
379	28
379	95
379	216
379	309
379	441
379	446
379	451
379	466
379	476
379	482
379	488
379	492
379	498
380	64
380	263
380	361
380	382
380	391
380	423
380	452
380	470
380	473
380	487
380	491
380	497
380	499
381	49
381	63
381	90
381	150
381	164
381	182
381	203
381	248
381	281
381	343
381	430
381	455
381	487
382	38
382	117
382	204
382	380
382	437
382	439
382	452
382	461
382	470
382	473
382	480
382	485
382	496
382	499
383	96
383	171
383	251
383	254
383	305
383	311
383	329
383	335
383	347
383	386
383	390
383	394
383	401
383	411
384	263
384	276
384	294
384	350
384	407
384	420
384	425
384	427
384	447
384	449
384	450
384	461
384	465
384	493
385	22
385	158
385	246
385	258
385	311
385	313
385	341
385	418
385	444
385	445
385	454
385	458
385	475
385	494
386	43
386	84
386	254
386	288
386	329
386	335
386	347
386	383
386	394
386	411
386	416
386	430
386	485
386	499
387	106
387	114
387	135
387	195
387	213
387	231
387	275
387	343
387	391
387	395
387	421
387	438
387	477
387	486
388	186
388	258
388	310
388	327
388	360
388	416
388	446
388	451
388	466
388	472
388	476
388	488
388	492
388	498
389	183
389	302
389	311
389	320
389	359
389	364
389	370
389	410
389	422
389	428
389	441
389	446
389	472
389	490
390	142
390	158
390	235
390	298
390	359
390	383
390	396
390	409
390	418
390	458
390	464
390	477
390	491
390	494
391	40
391	98
391	114
391	164
391	213
391	231
391	242
391	380
391	387
391	395
391	400
391	421
391	464
391	486
392	66
392	223
392	235
392	269
392	298
392	307
392	312
392	367
392	418
392	433
392	445
392	477
392	483
392	494
393	79
393	119
393	244
393	265
393	323
393	330
393	337
393	342
393	403
393	405
393	419
393	453
393	471
393	488
394	60
394	171
394	189
394	254
394	288
394	335
394	347
394	371
394	383
394	386
394	401
394	410
394	411
394	437
395	40
395	109
395	163
395	231
395	233
395	305
395	314
395	334
395	339
395	387
395	391
395	405
395	421
395	486
396	2
396	85
396	127
396	258
396	288
396	307
396	359
396	374
396	390
396	410
396	433
396	445
396	454
396	494
397	5
397	21
397	36
397	48
397	68
397	72
397	117
397	130
397	165
397	251
397	309
397	354
397	405
397	420
397	495
398	16
398	125
398	153
398	228
398	290
398	351
398	377
398	404
398	408
398	410
398	421
398	435
398	436
398	456
398	492
399	110
399	177
399	288
399	329
399	348
399	409
399	414
399	429
399	443
399	455
399	483
399	484
399	486
399	493
399	496
400	57
400	65
400	109
400	114
400	163
400	243
400	332
400	352
400	391
400	420
400	421
400	426
400	484
400	486
400	498
401	33
401	171
401	189
401	216
401	262
401	273
401	288
401	316
401	329
401	335
401	347
401	383
401	394
401	411
401	447
402	6
402	66
402	78
402	193
402	287
402	288
402	334
402	339
402	346
402	353
402	362
402	436
402	441
402	443
402	495
403	72
403	97
403	177
403	207
403	217
403	218
403	259
403	306
403	309
403	310
403	393
403	449
403	452
403	463
403	480
404	89
404	134
404	228
404	236
404	290
404	349
404	351
404	377
404	398
404	408
404	412
404	435
404	456
404	495
404	500
405	46
405	129
405	241
405	244
405	316
405	323
405	330
405	342
405	373
405	393
405	395
405	397
405	424
405	453
405	471
406	96
406	108
406	111
406	179
406	366
406	371
406	376
406	432
406	457
406	460
406	469
406	475
407	72
407	78
407	93
407	121
407	136
407	158
407	185
407	200
407	229
407	262
407	282
407	346
407	384
407	416
407	419
407	472
408	16
408	89
408	134
408	196
408	200
408	214
408	228
408	290
408	356
408	373
408	377
408	398
408	404
408	435
408	456
408	465
409	250
409	273
409	344
409	390
409	399
409	414
409	429
409	442
409	446
409	455
409	469
409	483
409	484
409	486
409	493
409	496
410	29
410	69
410	74
410	320
410	363
410	364
410	370
410	389
410	394
410	396
410	398
410	422
410	432
410	441
410	472
410	473
411	171
411	189
411	192
411	254
411	288
411	329
411	335
411	347
411	357
411	383
411	386
411	394
411	401
411	419
411	423
411	451
412	42
412	136
412	156
412	167
412	353
412	404
412	418
412	428
412	450
412	457
412	462
412	468
412	474
412	482
412	499
412	500
413	26
413	97
413	150
413	156
413	179
413	204
413	218
413	230
413	247
413	283
413	296
413	306
413	342
413	457
413	463
413	481
414	14
414	170
414	259
414	273
414	278
414	299
414	317
414	342
414	344
414	399
414	409
414	429
414	444
414	455
414	483
414	484
414	496
415	60
415	146
415	147
415	197
415	256
415	309
415	330
415	355
415	358
415	368
415	369
415	422
415	426
415	431
415	448
415	489
415	490
416	11
416	25
416	93
416	121
416	136
416	158
416	185
416	229
416	282
416	346
416	386
416	388
416	407
416	419
416	431
416	480
416	489
417	9
417	78
417	210
417	277
417	303
417	332
417	368
417	428
417	430
417	438
417	449
417	450
417	455
417	468
417	474
417	482
417	500
418	22
418	71
418	126
418	168
418	291
418	307
418	385
418	390
418	392
418	412
418	433
418	436
418	438
418	454
418	458
418	464
418	494
419	11
419	25
419	58
419	93
419	121
419	136
419	158
419	185
419	222
419	229
419	282
419	393
419	407
419	411
419	416
419	452
419	465
420	75
420	128
420	261
420	268
420	294
420	341
420	350
420	384
420	397
420	400
420	425
420	427
420	431
420	447
420	449
420	465
420	493
421	104
421	111
421	135
421	213
421	275
421	300
421	305
421	332
421	334
421	387
421	391
421	395
421	398
421	400
421	463
421	486
421	487
422	48
422	74
422	125
422	170
422	201
422	302
422	320
422	352
422	363
422	364
422	370
422	389
422	410
422	415
422	441
422	472
422	497
423	81
423	259
423	279
423	380
423	411
423	434
423	439
423	459
423	460
423	467
423	479
423	481
423	495
423	497
424	58
424	124
424	129
424	141
424	149
424	228
424	244
424	280
424	301
424	337
424	342
424	362
424	373
424	405
424	453
424	459
424	471
424	474
425	1
425	32
425	33
425	200
425	263
425	268
425	334
425	350
425	384
425	420
425	427
425	435
425	447
425	451
425	456
425	465
425	466
425	476
426	7
426	256
426	354
426	355
426	368
426	369
426	373
426	400
426	415
426	431
426	440
426	448
426	463
426	466
426	487
426	488
426	489
426	490
427	33
427	75
427	200
427	235
427	261
427	268
427	272
427	291
427	318
427	350
427	368
427	376
427	384
427	420
427	425
427	447
427	449
427	465
428	71
428	93
428	113
428	143
428	259
428	295
428	336
428	389
428	412
428	417
428	430
428	438
428	468
428	474
428	479
428	482
428	483
428	500
429	77
429	94
429	134
429	159
429	201
429	215
429	281
429	299
429	348
429	352
429	399
429	409
429	414
429	455
429	483
429	484
429	493
429	496
430	21
430	67
430	86
430	94
430	277
430	291
430	304
430	326
430	369
430	377
430	381
430	386
430	417
430	428
430	438
430	450
430	468
430	482
430	494
431	50
431	176
431	197
431	248
431	264
431	322
431	331
431	355
431	360
431	369
431	415
431	416
431	420
431	426
431	440
431	448
431	463
431	489
431	490
432	146
432	160
432	175
432	260
432	372
432	376
432	406
432	410
432	457
432	460
432	469
432	471
432	475
432	500
433	107
433	184
433	225
433	232
433	235
433	291
433	352
433	359
433	367
433	392
433	396
433	418
433	445
433	446
433	449
433	454
433	464
433	477
433	486
433	494
434	4
434	161
434	234
434	290
434	365
434	423
434	439
434	459
434	463
434	467
434	469
434	479
434	481
434	487
434	495
434	497
435	17
435	31
435	89
435	103
435	134
435	146
435	153
435	196
435	221
435	290
435	326
435	351
435	377
435	398
435	404
435	408
435	425
435	456
435	467
435	494
436	6
436	12
436	66
436	102
436	130
436	139
436	171
436	174
436	193
436	271
436	287
436	339
436	346
436	353
436	362
436	398
436	402
436	418
436	443
436	446
437	14
437	144
437	199
437	250
437	302
437	321
437	322
437	340
437	361
437	365
437	382
437	394
437	452
437	461
437	469
437	473
437	480
437	485
437	487
437	499
438	18
438	206
438	210
438	220
438	293
438	304
438	326
438	336
438	355
438	387
438	417
438	418
438	428
438	430
438	450
438	462
438	468
438	474
438	485
438	500
439	83
439	173
439	278
439	299
439	351
439	365
439	382
439	423
439	434
439	459
439	467
439	479
439	481
439	491
439	495
439	497
440	170
440	197
440	264
440	281
440	294
440	331
440	355
440	358
440	368
440	369
440	375
440	426
440	431
440	445
440	448
440	457
440	461
440	463
440	489
440	490
441	2
441	29
441	47
441	99
441	118
441	244
441	262
441	295
441	302
441	311
441	320
441	331
441	363
441	364
441	379
441	389
441	402
441	410
441	422
441	472
441	499
442	9
442	44
442	58
442	61
442	80
442	96
442	147
442	173
442	217
442	236
442	240
442	324
442	327
442	336
442	349
442	355
442	356
442	409
442	476
442	478
442	482
443	6
443	12
443	66
443	102
443	139
443	193
443	287
443	306
443	307
443	312
443	320
443	339
443	346
443	353
443	362
443	399
443	402
443	436
443	444
443	462
443	482
444	30
444	181
444	183
444	208
444	249
444	258
444	298
444	299
444	317
444	364
444	385
444	414
444	443
444	445
444	454
444	458
444	464
444	476
444	477
444	494
444	498
445	81
445	246
445	257
445	291
445	292
445	307
445	357
445	367
445	385
445	392
445	396
445	433
445	440
445	444
445	454
445	458
445	464
445	472
445	477
445	478
445	494
446	142
446	255
446	271
446	292
446	315
446	360
446	379
446	388
446	389
446	409
446	433
446	436
446	451
446	466
446	471
446	476
446	479
446	488
446	492
446	497
446	498
447	1
447	62
447	128
447	132
447	179
447	194
447	228
447	251
447	261
447	263
447	268
447	283
447	304
447	350
447	384
447	401
447	420
447	425
447	427
447	449
447	465
448	70
448	79
448	118
448	170
448	245
448	248
448	256
448	264
448	296
448	331
448	348
448	358
448	368
448	369
448	375
448	415
448	426
448	431
448	440
448	456
448	490
449	62
449	97
449	128
449	172
449	200
449	213
449	261
449	263
449	268
449	294
449	350
449	354
449	384
449	403
449	417
449	420
449	427
449	433
449	447
449	455
449	465
450	7
450	73
450	117
450	167
450	216
450	251
450	303
450	304
450	326
450	329
450	384
450	412
450	417
450	430
450	438
450	462
450	468
450	474
450	477
450	480
450	500
451	95
451	119
451	142
451	148
451	230
451	292
451	315
451	359
451	360
451	379
451	388
451	411
451	425
451	446
451	452
451	466
451	474
451	476
451	488
451	492
451	498
452	60
452	83
452	85
452	243
452	262
452	267
452	294
452	380
452	382
452	403
452	419
452	437
452	451
452	454
452	470
452	473
452	480
452	485
452	487
452	491
452	499
453	87
453	105
453	124
453	129
453	141
453	261
453	265
453	301
453	309
453	323
453	330
453	337
453	342
453	358
453	359
453	373
453	393
453	405
453	424
453	462
453	471
454	151
454	183
454	184
454	217
454	235
454	246
454	253
454	258
454	307
454	317
454	323
454	349
454	375
454	385
454	396
454	418
454	433
454	444
454	445
454	452
454	464
454	477
455	20
455	77
455	104
455	232
455	255
455	273
455	278
455	299
455	348
455	381
455	399
455	409
455	414
455	417
455	429
455	449
455	462
455	466
455	483
455	484
455	493
455	496
456	16
456	17
456	39
456	103
456	133
456	134
456	153
456	196
456	228
456	290
456	351
456	368
456	377
456	398
456	404
456	408
456	425
456	435
456	448
456	481
456	485
456	499
457	32
457	41
457	70
457	98
457	106
457	126
457	151
457	160
457	225
457	239
457	260
457	282
457	310
457	376
457	406
457	412
457	413
457	432
457	440
457	460
457	469
457	475
458	19
458	22
458	30
458	71
458	181
458	197
458	246
458	285
458	291
458	306
458	317
458	336
458	366
458	367
458	385
458	390
458	418
458	444
458	445
458	464
458	471
458	484
459	67
459	160
459	237
459	256
459	274
459	283
459	297
459	300
459	332
459	365
459	378
459	423
459	424
459	434
459	439
459	467
459	474
459	479
459	481
459	495
459	497
460	41
460	49
460	98
460	106
460	126
460	146
460	151
460	161
460	169
460	188
460	225
460	260
460	273
460	340
460	376
460	406
460	423
460	432
460	457
460	469
460	475
460	482
460	483
461	27
461	108
461	122
461	140
461	176
461	308
461	333
461	351
461	361
461	374
461	382
461	384
461	437
461	440
461	470
461	473
461	480
461	485
461	487
461	491
461	495
461	496
461	499
462	35
462	42
462	86
462	113
462	195
462	216
462	277
462	289
462	290
462	304
462	326
462	336
462	366
462	412
462	438
462	443
462	450
462	453
462	455
462	468
462	473
462	474
462	500
463	38
463	97
463	150
463	179
463	207
463	230
463	247
463	259
463	296
463	306
463	309
463	310
463	322
463	341
463	359
463	403
463	413
463	421
463	426
463	431
463	434
463	440
463	473
464	2
464	181
464	202
464	235
464	246
464	298
464	317
464	335
464	351
464	359
464	390
464	391
464	418
464	433
464	444
464	445
464	454
464	458
464	477
464	482
464	494
464	495
464	500
465	19
465	33
465	62
465	75
465	128
465	132
465	200
465	261
465	263
465	268
465	286
465	294
465	334
465	350
465	384
465	408
465	419
465	420
465	425
465	427
465	447
465	449
465	470
465	489
466	101
466	103
466	119
466	132
466	142
466	211
466	257
466	271
466	300
466	315
466	340
466	343
466	360
466	379
466	388
466	425
466	426
466	446
466	451
466	455
466	476
466	488
466	492
466	498
467	84
467	133
467	198
467	226
467	227
467	229
467	237
467	274
467	277
467	297
467	300
467	312
467	350
467	365
467	423
467	434
467	435
467	439
467	459
467	479
467	480
467	481
467	495
467	497
468	70
468	86
468	94
468	113
468	239
468	255
468	336
468	363
468	371
468	376
468	412
468	417
468	428
468	430
468	438
468	450
468	462
468	474
468	482
468	487
468	490
468	494
468	496
468	500
469	10
469	15
469	32
469	41
469	45
469	98
469	106
469	126
469	146
469	151
469	169
469	225
469	260
469	364
469	376
469	406
469	409
469	432
469	434
469	437
469	457
469	460
469	475
469	476
470	5
470	59
470	75
470	243
470	266
470	267
470	306
470	308
470	323
470	333
470	356
470	361
470	380
470	382
470	452
470	461
470	465
470	473
470	476
470	480
470	485
470	487
470	491
470	499
471	58
471	124
471	129
471	141
471	174
471	185
471	244
471	265
471	291
471	301
471	323
471	330
471	337
471	342
471	367
471	370
471	373
471	393
471	405
471	424
471	432
471	446
471	453
471	458
472	2
472	16
472	69
472	118
472	125
472	201
472	262
472	295
472	302
472	311
472	320
472	335
472	348
472	363
472	364
472	374
472	388
472	389
472	407
472	410
472	422
472	441
472	445
472	496
473	105
473	135
473	199
473	252
473	322
473	323
473	340
473	358
473	361
473	380
473	382
473	410
473	437
473	452
473	461
473	462
473	463
473	470
473	480
473	485
473	487
473	489
473	491
473	499
473	500
474	42
474	70
474	113
474	123
474	143
474	191
474	303
474	304
474	315
474	326
474	336
474	341
474	412
474	417
474	424
474	428
474	438
474	450
474	451
474	459
474	462
474	468
474	479
474	482
474	500
475	32
475	41
475	98
475	105
475	106
475	126
475	130
475	146
475	151
475	169
475	180
475	225
475	260
475	277
475	287
475	302
475	322
475	376
475	385
475	406
475	432
475	457
475	460
475	469
475	482
476	81
476	119
476	132
476	188
476	211
476	219
476	271
476	292
476	315
476	335
476	360
476	371
476	379
476	388
476	425
476	442
476	444
476	446
476	451
476	466
476	469
476	470
476	488
476	489
476	492
476	498
477	42
477	127
477	151
477	183
477	184
477	216
477	258
477	291
477	298
477	317
477	326
477	331
477	359
477	367
477	387
477	390
477	392
477	433
477	444
477	445
477	450
477	454
477	464
477	478
477	483
477	494
478	9
478	20
478	44
478	45
478	61
478	80
478	84
478	147
478	173
478	217
478	236
478	238
478	240
478	245
478	293
478	327
478	349
478	352
478	356
478	360
478	367
478	442
478	445
478	477
478	480
478	481
479	8
479	109
479	133
479	145
479	186
479	226
479	227
479	237
479	297
479	300
479	303
479	316
479	345
479	365
479	423
479	428
479	434
479	439
479	446
479	459
479	467
479	474
479	481
479	489
479	495
479	497
480	52
480	95
480	105
480	140
480	207
480	239
480	243
480	298
480	308
480	340
480	361
480	382
480	403
480	416
480	437
480	450
480	452
480	461
480	467
480	470
480	473
480	478
480	485
480	487
480	491
480	499
481	8
481	81
481	92
481	119
481	145
481	203
481	226
481	227
481	237
481	274
481	300
481	333
481	365
481	413
481	423
481	434
481	439
481	456
481	459
481	467
481	478
481	479
481	490
481	495
481	497
481	500
482	17
482	35
482	53
482	70
482	73
482	143
482	156
482	167
482	206
482	216
482	304
482	336
482	343
482	379
482	412
482	417
482	428
482	430
482	442
482	443
482	460
482	464
482	468
482	474
482	475
482	500
483	59
483	77
483	104
483	154
483	215
483	255
483	265
483	278
483	296
483	301
483	324
483	344
483	348
483	372
483	392
483	399
483	409
483	414
483	428
483	429
483	455
483	460
483	477
483	484
483	493
483	496
483	497
484	19
484	77
484	91
484	104
484	124
484	154
484	215
484	226
484	255
484	269
484	273
484	313
484	314
484	344
484	348
484	354
484	366
484	399
484	400
484	409
484	414
484	429
484	455
484	458
484	483
484	493
484	496
485	27
485	46
485	61
485	85
485	113
485	122
485	140
485	144
485	199
485	249
485	339
485	340
485	352
485	382
485	386
485	437
485	438
485	452
485	456
485	461
485	470
485	473
485	480
485	487
485	491
485	499
485	500
486	40
486	57
486	65
486	88
486	109
486	111
486	135
486	145
486	163
486	213
486	230
486	231
486	232
486	275
486	295
486	317
486	332
486	334
486	387
486	391
486	395
486	399
486	400
486	409
486	421
486	433
486	492
487	73
487	105
487	122
487	199
487	243
487	267
487	292
487	308
487	322
487	332
487	333
487	380
487	381
487	421
487	426
487	434
487	437
487	452
487	461
487	468
487	470
487	473
487	480
487	485
487	491
487	497
487	499
488	13
488	38
488	81
488	100
488	101
488	132
488	186
488	211
488	219
488	247
488	279
488	292
488	315
488	324
488	325
488	328
488	351
488	360
488	379
488	388
488	393
488	426
488	446
488	451
488	466
488	476
488	492
488	498
489	7
489	50
489	74
489	79
489	140
489	170
489	182
489	248
489	256
489	264
489	327
489	331
489	355
489	358
489	361
489	366
489	368
489	369
489	415
489	416
489	426
489	431
489	440
489	465
489	473
489	476
489	479
489	490
490	7
490	50
490	79
490	98
490	125
490	169
490	186
490	197
490	227
490	248
490	256
490	331
490	355
490	358
490	366
490	368
490	369
490	370
490	389
490	415
490	426
490	431
490	440
490	448
490	468
490	481
490	489
490	492
491	27
491	52
491	60
491	123
491	140
491	144
491	186
491	207
491	260
491	267
491	304
491	308
491	318
491	322
491	340
491	370
491	375
491	380
491	390
491	439
491	452
491	461
491	470
491	473
491	480
491	485
491	487
491	499
492	13
492	95
492	101
492	119
492	177
492	186
492	211
492	219
492	231
492	271
492	292
492	315
492	321
492	348
492	353
492	360
492	379
492	388
492	398
492	446
492	451
492	466
492	476
492	486
492	488
492	490
492	494
492	498
493	19
493	23
493	59
493	91
493	104
493	131
493	154
493	181
493	215
493	220
493	255
493	273
493	278
493	299
493	319
493	337
493	344
493	348
493	362
493	384
493	399
493	409
493	420
493	429
493	455
493	483
493	484
493	496
494	30
494	120
494	127
494	174
494	183
494	184
494	185
494	235
494	269
494	275
494	277
494	298
494	307
494	359
494	367
494	385
494	390
494	392
494	396
494	418
494	430
494	433
494	435
494	444
494	445
494	464
494	468
494	477
494	492
495	8
495	92
495	115
495	133
495	145
495	166
495	226
495	227
495	237
495	274
495	297
495	300
495	347
495	365
495	367
495	397
495	402
495	404
495	423
495	434
495	439
495	459
495	461
495	464
495	467
495	479
495	481
495	497
495	498
496	19
496	31
496	35
496	59
496	91
496	99
496	154
496	166
496	197
496	215
496	225
496	255
496	261
496	278
496	299
496	331
496	344
496	348
496	382
496	399
496	409
496	414
496	429
496	455
496	461
496	468
496	472
496	483
496	484
496	493
497	8
497	92
497	112
497	133
497	145
497	152
497	203
497	218
497	226
497	227
497	237
497	274
497	297
497	300
497	341
497	342
497	365
497	380
497	422
497	423
497	434
497	439
497	446
497	459
497	467
497	479
497	481
497	483
497	487
497	495
498	13
498	43
498	101
498	124
498	132
498	142
498	186
498	205
498	211
498	219
498	260
498	271
498	292
498	315
498	344
498	360
498	364
498	377
498	378
498	379
498	388
498	400
498	444
498	446
498	451
498	466
498	476
498	488
498	492
498	495
499	22
499	27
499	46
499	62
499	85
499	88
499	144
499	280
499	282
499	284
499	308
499	333
499	340
499	345
499	361
499	380
499	382
499	386
499	412
499	437
499	441
499	452
499	456
499	461
499	470
499	473
499	480
499	485
499	487
499	491
500	35
500	42
500	51
500	55
500	67
500	94
500	156
500	206
500	210
500	223
500	277
500	303
500	308
500	326
500	336
500	404
500	412
500	417
500	428
500	432
500	438
500	450
500	462
500	464
500	468
500	473
500	474
500	481
500	482
500	485
