1	283
1	312
1	359
1	432
1	496
2	328
2	369
2	429
2	472
2	498
3	5
3	277
3	395
3	484
3	496
4	142
4	357
4	448
4	452
4	497
5	3
5	350
5	383
5	479
5	500
6	83
6	376
6	465
6	469
6	473
7	242
7	253
7	291
7	416
7	472
8	258
8	391
8	411
8	440
8	467
9	125
9	168
9	258
9	277
9	496
10	112
10	163
10	206
10	407
10	411
11	213
11	395
11	432
11	450
11	459
12	237
12	403
12	434
12	460
12	493
13	142
13	247
13	271
13	470
13	491
14	344
14	394
14	438
14	489
14	493
15	173
15	262
15	372
15	395
15	496
16	239
16	440
16	453
16	457
16	497
17	170
17	217
17	284
17	336
17	365
18	188
18	309
18	339
18	398
18	465
19	372
19	425
19	435
19	465
19	496
20	52
20	323
20	377
20	378
20	390
21	201
21	290
21	297
21	377
21	489
22	267
22	376
22	424
22	476
22	483
23	344
23	379
23	403
23	480
23	489
24	41
24	182
24	261
24	394
24	492
25	123
25	157
25	268
25	419
25	455
26	37
26	79
26	107
26	338
26	405
27	288
27	378
27	388
27	401
27	441
28	252
28	277
28	347
28	470
28	480
29	248
29	310
29	423
29	475
29	483
30	39
30	163
30	340
30	382
30	422
31	176
31	226
31	320
31	445
31	485
32	169
32	355
32	371
32	412
32	434
33	93
33	216
33	226
33	289
33	423
34	251
34	360
34	396
34	405
34	453
35	318
35	381
35	421
35	479
35	500
36	96
36	201
36	318
36	489
36	493
37	26
37	360
37	389
37	431
37	446
38	100
38	164
38	392
38	458
38	499
39	30
39	194
39	233
39	241
39	380
40	103
40	174
40	193
40	259
40	389
41	24
41	208
41	477
41	486
41	494
42	185
42	251
42	252
42	360
42	491
43	48
43	106
43	278
43	377
43	390
44	109
44	130
44	233
44	307
44	416
45	328
45	345
45	407
45	487
45	492
46	313
46	346
46	356
46	457
46	459
47	203
47	362
47	376
47	441
47	487
48	43
48	278
48	315
48	390
48	394
49	280
49	429
49	444
49	463
49	498
50	199
50	362
50	379
50	403
50	487
51	228
51	255
51	305
51	475
51	499
52	20
52	145
52	278
52	294
52	390
53	295
53	391
53	475
53	487
53	492
54	339
54	410
54	438
54	456
54	497
55	66
55	233
55	234
55	459
55	466
56	85
56	91
56	285
56	350
56	402
57	413
57	425
57	439
57	469
57	500
58	449
58	458
58	477
58	486
58	494
59	319
59	357
59	440
59	458
59	480
60	67
60	289
60	387
60	403
60	429
61	288
61	421
61	455
61	479
61	500
62	285
62	373
62	396
62	397
62	426
63	84
63	384
63	389
63	452
63	465
64	184
64	194
64	213
64	301
64	380
65	93
65	216
65	226
65	301
65	423
66	55
66	230
66	355
66	371
66	461
67	60
67	236
67	329
67	454
67	462
68	125
68	174
68	239
68	259
68	348
69	269
69	290
69	304
69	384
69	446
70	205
70	302
70	409
70	461
70	464
71	180
71	289
71	338
71	343
71	410
72	316
72	384
72	390
72	455
72	490
73	142
73	247
73	254
73	282
73	477
74	381
74	396
74	397
74	453
74	471
75	215
75	339
75	442
75	465
75	471
76	244
76	298
76	311
76	385
76	417
77	108
77	196
77	232
77	298
77	311
78	234
78	330
78	388
78	433
78	451
79	26
79	251
79	293
79	296
79	417
80	155
80	241
80	278
80	380
80	497
81	85
81	96
81	163
81	426
81	456
82	322
82	380
82	401
82	467
82	491
83	6
83	292
83	358
83	393
83	435
84	63
84	357
84	419
84	435
84	484
85	56
85	81
85	175
85	402
85	483
86	124
86	195
86	197
86	307
86	349
87	177
87	382
87	451
87	456
87	497
88	93
88	145
88	340
88	360
88	405
89	98
89	183
89	225
89	355
89	371
90	155
90	241
90	292
90	380
90	480
91	56
91	113
91	159
91	195
91	349
91	485
92	187
92	228
92	329
92	396
92	436
92	462
93	33
93	65
93	88
93	216
93	226
93	438
94	222
94	248
94	291
94	366
94	423
94	491
95	253
95	305
95	391
95	438
95	450
95	472
96	36
96	81
96	411
96	422
96	425
96	446
97	150
97	178
97	218
97	260
97	264
97	314
98	89
98	328
98	364
98	389
98	407
98	446
99	281
99	283
99	414
99	422
99	481
99	486
100	38
100	320
100	443
100	458
100	485
100	490
101	152
101	160
101	180
101	273
101	338
101	446
102	383
102	463
102	474
102	488
102	494
102	498
103	40
103	120
103	174
103	239
103	259
103	488
104	107
104	256
104	296
104	405
104	469
104	481
105	203
105	398
105	405
105	421
105	479
105	500
106	43
106	179
106	405
106	417
106	465
106	472
107	26
107	104
107	296
107	405
107	443
107	456
108	77
108	244
108	298
108	311
108	438
108	476
109	44
109	157
109	199
109	308
109	345
109	480
110	147
110	210
110	276
110	344
110	418
110	492
111	116
111	249
111	363
111	376
111	389
111	411
112	10
112	252
112	310
112	354
112	366
112	423
113	91
113	181
113	207
113	285
113	402
113	423
114	218
114	227
114	232
114	310
114	366
114	423
115	191
115	418
115	467
115	483
115	491
115	495
116	111
116	126
116	231
116	304
116	422
116	486
117	134
117	139
117	190
117	200
117	471
117	486
118	287
118	339
118	412
118	431
118	446
118	490
119	225
119	249
119	355
119	371
119	384
119	430
120	103
120	300
120	356
120	358
120	459
120	496
121	275
121	291
121	311
121	396
121	426
121	500
122	128
122	325
122	373
122	381
122	396
122	397
123	25
123	141
123	240
123	395
123	432
123	499
124	86
124	402
124	414
124	477
124	481
124	492
125	9
125	68
125	154
125	365
125	418
125	447
126	116
126	287
126	389
126	406
126	407
126	471
127	437
127	449
127	478
127	480
127	488
127	495
128	122
128	334
128	372
128	407
128	411
128	431
129	162
129	248
129	256
129	285
129	314
129	416
130	44
130	225
130	344
130	416
130	417
130	472
131	289
131	318
131	386
131	401
131	470
131	488
132	357
132	373
132	427
132	456
132	497
132	499
133	180
133	282
133	391
133	451
133	486
133	492
134	117
134	139
134	190
134	200
134	343
134	495
135	323
135	369
135	374
135	422
135	442
135	499
136	317
136	351
136	358
136	420
136	459
136	466
137	399
137	425
137	430
137	464
137	469
137	471
138	307
138	363
138	408
138	443
138	478
138	488
139	117
139	134
139	190
139	200
139	370
139	450
140	335
140	341
140	386
140	434
140	482
140	499
141	123
141	331
141	393
141	429
141	465
141	471
142	4
142	13
142	73
142	187
142	197
142	270
143	223
143	356
143	406
143	458
143	476
143	491
144	202
144	326
144	416
144	417
144	456
144	472
145	52
145	88
145	296
145	360
145	405
145	467
146	223
146	295
146	318
146	421
146	479
146	500
147	110
147	257
147	340
147	364
147	391
147	487
148	244
148	249
148	298
148	311
148	463
148	490
149	209
149	221
149	333
149	384
149	490
149	491
150	97
150	162
150	209
150	218
150	260
150	404
151	234
151	266
151	451
151	459
151	466
151	469
152	101
152	229
152	338
152	343
152	359
152	486
153	281
153	288
153	331
153	362
153	384
153	490
154	125
154	393
154	394
154	425
154	438
154	496
155	80
155	90
155	276
155	301
155	330
155	380
156	373
156	381
156	396
156	397
156	401
156	454
157	25
157	109
157	310
157	419
157	439
157	471
158	224
158	317
158	348
158	371
158	401
158	424
159	91
159	172
159	211
159	276
159	300
159	331
160	101
160	165
160	239
160	314
160	338
160	343
161	451
161	473
161	488
161	493
161	495
161	500
162	129
162	150
162	218
162	245
162	256
162	356
163	10
163	30
163	81
163	205
163	359
163	491
164	38
164	319
164	347
164	468
164	490
164	498
165	160
165	338
165	343
165	359
165	403
165	485
166	333
166	435
166	441
166	444
166	464
166	482
167	344
167	405
167	415
167	448
167	456
167	497
168	9
168	214
168	252
168	345
168	400
168	438
169	32
169	230
169	355
169	371
169	466
169	500
170	17
170	238
170	336
170	352
170	365
170	471
171	368
171	399
171	418
171	445
171	475
171	476
171	499
172	159
172	265
172	276
172	342
172	373
172	428
172	433
173	15
173	299
173	326
173	352
173	365
173	454
173	489
174	40
174	68
174	103
174	185
174	239
174	259
174	488
175	85
175	195
175	226
175	229
175	349
175	402
175	403
176	31
176	339
176	404
176	410
176	435
176	439
176	471
177	87
177	410
177	453
177	456
177	457
177	484
177	491
178	97
178	410
178	424
178	447
178	448
178	453
178	457
179	106
179	198
179	270
179	364
179	391
179	408
179	492
180	71
180	101
180	133
180	338
180	343
180	374
180	428
181	113
181	285
181	307
181	336
181	381
181	402
181	494
182	24
182	218
182	353
182	362
182	454
182	487
182	492
183	89
183	355
183	391
183	409
183	444
183	461
183	464
184	64
184	258
184	273
184	372
184	468
184	481
184	496
185	42
185	174
185	196
185	473
185	489
185	493
185	495
186	197
186	254
186	271
186	321
186	388
186	401
186	413
187	92
187	142
187	188
187	197
187	247
187	254
187	294
188	18
188	187
188	262
188	393
188	435
188	461
188	471
189	243
189	336
189	373
189	381
189	396
189	397
189	433
190	117
190	134
190	139
190	200
190	268
190	413
190	446
191	115
191	206
191	224
191	282
191	317
191	348
191	375
192	306
192	350
192	356
192	451
192	459
192	466
192	478
193	40
193	302
193	340
193	390
193	425
193	484
193	498
194	39
194	64
194	223
194	301
194	318
194	380
194	481
195	86
195	91
195	175
195	307
195	387
195	402
195	448
196	77
196	185
196	252
196	383
196	398
196	479
196	500
197	86
197	142
197	186
197	187
197	294
197	343
197	469
198	179
198	222
198	232
198	273
198	342
198	354
198	366
199	50
199	109
199	364
199	387
199	440
199	487
199	492
200	117
200	134
200	139
200	190
200	222
200	361
200	472
201	21
201	36
201	219
201	290
201	329
201	377
201	390
202	144
202	233
202	333
202	338
202	417
202	454
202	472
203	47
203	105
203	333
203	362
203	422
203	492
203	494
204	229
204	244
204	342
204	386
204	437
204	470
204	473
205	70
205	163
205	319
205	333
205	416
205	417
205	472
206	10
206	191
206	229
206	317
206	348
206	377
206	500
207	113
207	227
207	312
207	350
207	360
207	363
207	401
208	41
208	218
208	443
208	458
208	480
208	488
208	498
209	149
209	150
209	308
209	345
209	377
209	476
209	490
210	110
210	282
210	459
210	487
210	488
210	489
210	492
211	159
211	378
211	420
211	424
211	440
211	462
211	476
212	302
212	383
212	404
212	419
212	446
212	452
212	469
213	11
213	64
213	353
213	465
213	481
213	486
213	494
214	168
214	235
214	316
214	443
214	455
214	480
214	490
215	75
215	261
215	379
215	429
215	448
215	456
215	457
216	33
216	65
216	93
216	226
216	442
216	453
216	484
217	17
217	411
217	413
217	433
217	444
217	477
217	494
218	97
218	114
218	150
218	162
218	182
218	208
218	314
219	201
219	242
219	291
219	315
219	421
219	479
219	500
220	344
220	403
220	409
220	434
220	489
220	495
220	497
221	149
221	260
221	267
221	432
221	455
221	480
221	490
222	94
222	198
222	200
222	232
222	354
222	377
222	423
223	143
223	146
223	194
223	246
223	430
223	476
223	491
224	158
224	191
224	229
224	317
224	348
224	422
224	428
225	89
225	119
225	130
225	230
225	371
225	414
225	472
226	31
226	33
226	65
226	93
226	175
226	216
226	296
227	114
227	207
227	246
227	409
227	460
227	464
227	475
228	51
228	92
228	327
228	380
228	436
228	462
228	475
229	152
229	175
229	204
229	206
229	224
229	317
229	348
229	492
230	66
230	169
230	225
230	308
230	355
230	371
230	411
230	479
231	116
231	248
231	253
231	392
231	447
231	450
231	468
231	478
232	77
232	114
232	198
232	222
232	329
232	354
232	423
232	436
233	39
233	44
233	55
233	202
233	351
233	416
233	455
233	472
234	55
234	78
234	151
234	391
234	429
234	451
234	466
234	499
235	214
235	318
235	395
235	414
235	454
235	473
235	477
235	488
236	67
236	240
236	347
236	374
236	445
236	482
236	485
236	499
237	12
237	249
237	335
237	385
237	419
237	445
237	451
237	485
238	170
238	332
238	333
238	413
238	458
238	481
238	486
238	494
239	16
239	68
239	103
239	160
239	174
239	259
239	351
239	373
240	123
240	236
240	329
240	393
240	404
240	419
240	425
240	479
241	39
241	80
241	90
241	301
241	375
241	380
241	395
241	473
242	7
242	219
242	351
242	416
242	421
242	444
242	466
242	472
243	189
243	297
243	448
243	453
243	457
243	482
243	490
243	497
244	76
244	108
244	148
244	204
244	298
244	311
244	451
244	485
245	162
245	265
245	394
245	414
245	477
245	481
245	486
245	494
246	223
246	227
246	368
246	440
246	447
246	467
246	491
246	496
247	13
247	73
247	187
247	271
247	294
247	301
247	339
247	403
248	29
248	94
248	129
248	231
248	269
248	354
248	366
248	423
249	111
249	119
249	148
249	237
249	292
249	330
249	482
249	499
250	284
250	297
250	299
250	336
250	352
250	354
250	392
250	483
251	34
251	42
251	79
251	285
251	360
251	405
251	482
251	497
252	28
252	42
252	112
252	168
252	196
252	443
252	458
252	490
253	7
253	95
253	231
253	266
253	361
253	366
253	438
253	496
254	73
254	186
254	187
254	271
254	294
254	388
254	445
254	451
255	51
255	306
255	385
255	387
255	405
255	428
255	446
255	462
256	104
256	129
256	162
256	260
256	314
256	324
256	392
256	433
257	147
257	279
257	403
257	437
257	471
257	489
257	493
257	495
258	8
258	9
258	184
258	324
258	378
258	483
258	491
258	497
259	40
259	68
259	103
259	174
259	239
259	420
259	483
259	494
260	97
260	150
260	221
260	256
260	314
260	370
260	414
260	479
261	24
261	215
261	391
261	399
261	475
261	478
261	487
261	492
262	15
262	188
262	335
262	448
262	456
262	457
262	497
262	498
263	347
263	359
263	412
263	414
263	440
263	453
263	476
263	483
264	97
264	305
264	316
264	327
264	346
264	399
264	462
264	466
265	172
265	245
265	276
265	283
265	315
265	376
265	455
265	474
266	151
266	253
266	347
266	441
266	449
266	460
266	461
266	464
267	22
267	221
267	335
267	374
267	435
267	442
267	482
267	485
268	25
268	190
268	353
268	433
268	473
268	477
268	486
268	494
269	69
269	248
269	322
269	382
269	422
269	431
269	446
269	492
269	500
270	142
270	179
270	313
270	328
270	362
270	364
270	442
270	487
270	492
271	13
271	186
271	247
271	254
271	294
271	417
271	418
271	464
271	471
272	328
272	409
272	426
272	441
272	444
272	449
272	460
272	461
272	474
273	101
273	184
273	198
273	409
273	421
273	438
273	447
273	468
273	496
274	275
274	315
274	362
274	383
274	384
274	427
274	431
274	479
274	500
275	121
275	274
275	367
275	383
275	417
275	421
275	459
275	479
275	500
276	110
276	155
276	159
276	172
276	265
276	331
276	342
276	376
276	469
277	3
277	9
277	28
277	372
277	432
277	438
277	465
277	468
277	484
278	43
278	48
278	52
278	80
278	290
278	318
278	366
278	377
278	390
279	257
279	333
279	351
279	416
279	417
279	443
279	472
279	487
279	494
280	49
280	286
280	368
280	439
280	440
280	467
280	476
280	481
280	483
281	99
281	153
281	296
281	384
281	416
281	455
281	458
281	480
281	490
282	73
282	133
282	191
282	210
282	362
282	391
282	428
282	487
282	489
283	1
283	99
283	265
283	286
283	303
283	331
283	342
283	376
283	474
284	17
284	250
284	299
284	326
284	352
284	365
284	467
284	477
284	485
285	56
285	62
285	113
285	129
285	181
285	251
285	349
285	402
285	470
286	280
286	283
286	303
286	331
286	342
286	362
286	376
286	447
286	479
287	118
287	126
287	304
287	407
287	408
287	411
287	449
287	479
287	491
288	27
288	61
288	153
288	350
288	363
288	401
288	444
288	449
288	464
289	33
289	60
289	71
289	131
289	293
289	346
289	414
289	428
289	462
290	21
290	69
290	201
290	278
290	334
290	377
290	383
290	390
290	480
291	7
291	94
291	121
291	219
291	295
291	366
291	458
291	479
291	500
292	83
292	90
292	249
292	379
292	402
292	415
292	448
292	456
292	497
293	79
293	289
293	306
293	323
293	329
293	381
293	387
293	428
293	436
294	52
294	187
294	197
294	247
294	254
294	271
294	327
294	336
294	393
295	53
295	146
295	291
295	309
295	315
295	398
295	436
295	445
295	500
296	79
296	104
296	107
296	145
296	226
296	281
296	360
296	405
296	426
297	21
297	243
297	250
297	357
297	358
297	410
297	415
297	453
297	497
298	76
298	77
298	108
298	148
298	244
298	311
298	457
298	480
298	494
299	173
299	250
299	284
299	325
299	326
299	336
299	363
299	365
299	477
300	120
300	159
300	313
300	356
300	367
300	451
300	452
300	459
300	466
301	64
301	65
301	155
301	194
301	241
301	247
301	379
301	380
301	387
302	70
302	193
302	212
302	354
302	404
302	429
302	474
302	484
302	498
303	283
303	286
303	331
303	342
303	376
303	387
303	407
303	417
303	441
304	69
304	116
304	287
304	314
304	382
304	422
304	445
304	446
304	453
305	51
305	95
305	264
305	329
305	420
305	428
305	436
305	446
305	462
306	192
306	255
306	293
306	327
306	349
306	428
306	436
306	462
306	475
307	44
307	86
307	138
307	181
307	195
307	349
307	402
307	479
307	494
308	109
308	209
308	230
308	319
308	351
308	386
308	443
308	476
308	490
309	18
309	295
309	317
309	375
309	400
309	463
309	468
309	474
309	484
309	498
310	29
310	112
310	114
310	157
310	354
310	355
310	366
310	404
310	423
310	497
311	76
311	77
311	108
311	121
311	148
311	244
311	298
311	325
311	360
311	490
312	1
312	207
312	354
312	392
312	428
312	432
312	447
312	468
312	489
312	496
313	46
313	270
313	300
313	320
313	365
313	388
313	433
313	451
313	459
313	466
314	97
314	129
314	160
314	218
314	256
314	260
314	304
314	327
314	453
314	495
315	48
315	219
315	265
315	274
315	295
315	348
315	398
315	441
315	479
315	500
316	72
316	214
316	264
316	346
316	387
316	428
316	436
316	462
316	463
316	494
317	136
317	158
317	191
317	206
317	224
317	229
317	309
317	348
317	412
317	497
318	35
318	36
318	131
318	146
318	194
318	235
318	278
318	434
318	488
318	493
319	59
319	164
319	205
319	308
319	413
319	455
319	477
319	480
319	481
319	490
320	31
320	100
320	313
320	325
320	391
320	398
320	426
320	445
320	482
320	499
321	186
321	357
321	412
321	424
321	464
321	467
321	476
321	483
321	491
321	495
322	82
322	269
322	359
322	406
322	440
322	465
322	467
322	476
322	493
322	498
323	20
323	135
323	293
323	399
323	426
323	430
323	456
323	485
323	492
323	499
324	256
324	258
324	379
324	412
324	424
324	429
324	440
324	476
324	483
324	490
325	122
325	299
325	311
325	320
325	341
325	385
325	426
325	430
325	443
325	475
326	144
326	173
326	284
326	299
326	336
326	352
326	365
326	443
326	468
326	475
327	228
327	264
327	294
327	306
327	314
327	387
327	436
327	447
327	462
327	486
328	2
328	45
328	98
328	270
328	272
328	364
328	391
328	487
328	492
328	499
329	67
329	92
329	201
329	232
329	240
329	293
329	305
329	346
329	435
329	436
330	78
330	155
330	249
330	426
330	430
330	466
330	475
330	485
330	490
330	499
331	141
331	153
331	159
331	276
331	283
331	286
331	303
331	361
331	376
331	465
332	238
332	345
332	360
332	406
332	413
332	414
332	433
332	467
332	481
332	494
333	149
333	166
333	202
333	203
333	205
333	238
333	279
333	351
333	417
333	472
334	128
334	290
334	343
334	381
334	389
334	408
334	411
334	422
334	431
334	446
335	140
335	237
335	262
335	267
335	361
335	418
335	475
335	483
335	496
335	499
336	17
336	170
336	181
336	189
336	250
336	294
336	299
336	326
336	352
336	435
337	344
337	374
337	413
337	433
337	477
337	480
337	481
337	486
337	494
337	495
338	26
338	71
338	101
338	152
338	160
338	165
338	180
338	202
338	343
338	432
338	480
339	18
339	54
339	75
339	118
339	176
339	247
339	393
339	404
339	438
339	439
339	476
340	30
340	88
340	147
340	193
340	394
340	404
340	420
340	463
340	474
340	484
340	498
341	140
341	325
341	439
341	441
341	442
341	459
341	475
341	482
341	485
341	492
341	499
342	172
342	198
342	204
342	276
342	283
342	286
342	303
342	376
342	397
342	443
342	458
343	71
343	134
343	152
343	160
343	165
343	180
343	197
343	334
343	338
343	438
343	454
344	14
344	23
344	110
344	130
344	167
344	220
344	337
344	363
344	454
344	470
344	493
345	45
345	109
345	168
345	209
345	332
345	443
345	455
345	458
345	468
345	490
345	493
346	46
346	264
346	289
346	316
346	329
346	354
346	385
346	428
346	436
346	457
346	462
347	28
347	164
347	236
347	263
347	266
347	442
347	443
347	448
347	455
347	458
347	480
348	68
348	158
348	191
348	206
348	224
348	229
348	315
348	317
348	365
348	369
348	457
349	86
349	91
349	175
349	285
349	306
349	307
349	378
349	402
349	451
349	462
349	470
350	5
350	56
350	192
350	207
350	288
350	352
350	363
350	401
350	444
350	460
350	461
351	136
351	233
351	239
351	242
351	279
351	308
351	333
351	416
351	417
351	472
351	489
352	170
352	173
352	250
352	284
352	326
352	336
352	350
352	365
352	425
352	479
352	489
353	182
353	213
353	268
353	375
353	393
353	413
353	451
353	477
353	481
353	486
353	494
354	112
354	198
354	222
354	232
354	248
354	250
354	302
354	310
354	312
354	346
354	423
355	32
355	66
355	89
355	119
355	169
355	183
355	230
355	310
355	369
355	371
355	420
356	46
356	120
356	143
356	162
356	192
356	300
356	388
356	437
356	451
356	466
356	483
357	4
357	59
357	84
357	132
357	297
357	321
357	363
357	379
357	415
357	453
357	497
358	83
358	120
358	136
358	297
358	383
358	388
358	398
358	450
358	451
358	459
358	466
359	1
359	152
359	163
359	165
359	263
359	322
359	368
359	378
359	406
359	412
359	445
359	483
360	34
360	37
360	42
360	88
360	145
360	207
360	251
360	296
360	311
360	332
360	405
360	481
361	200
361	253
361	331
361	335
361	392
361	401
361	432
361	447
361	450
361	464
361	468
361	496
362	47
362	50
362	153
362	182
362	203
362	270
362	274
362	282
362	286
362	397
362	487
362	492
363	111
363	138
363	207
363	288
363	299
363	344
363	350
363	357
363	444
363	449
363	460
363	464
364	98
364	147
364	179
364	199
364	270
364	328
364	396
364	432
364	466
364	487
364	492
364	499
365	17
365	125
365	170
365	173
365	284
365	299
365	313
365	326
365	348
365	352
365	486
365	490
366	94
366	112
366	114
366	198
366	248
366	253
366	278
366	291
366	310
366	423
366	440
366	497
367	275
367	300
367	403
367	405
367	437
367	470
367	471
367	473
367	478
367	488
367	493
367	495
368	171
368	246
368	280
368	359
368	406
368	407
368	422
368	456
368	467
368	483
368	484
368	491
369	2
369	135
369	348
369	355
369	370
369	371
369	400
369	426
369	429
369	474
369	484
369	498
370	139
370	260
370	369
370	394
370	397
370	420
370	427
370	463
370	466
370	474
370	498
370	500
371	32
371	66
371	89
371	119
371	158
371	169
371	225
371	230
371	355
371	369
371	390
371	477
372	15
372	19
372	128
372	184
372	277
372	430
372	447
372	450
372	468
372	493
372	496
372	500
373	62
373	122
373	132
373	156
373	172
373	189
373	239
373	381
373	396
373	397
373	400
373	457
374	135
374	180
374	236
374	267
374	337
374	380
374	415
374	418
374	442
374	468
374	482
374	485
375	191
375	241
375	309
375	353
375	390
375	394
375	427
375	429
375	430
375	474
375	484
375	498
376	6
376	22
376	47
376	111
376	265
376	276
376	283
376	286
376	303
376	331
376	342
376	435
376	457
377	20
377	21
377	43
377	201
377	206
377	209
377	222
377	278
377	290
377	390
377	439
377	472
377	476
378	20
378	27
378	211
378	258
378	349
378	359
378	393
378	412
378	424
378	440
378	476
378	477
378	491
379	23
379	50
379	215
379	292
379	301
379	324
379	357
379	415
379	448
379	453
379	456
379	457
379	497
380	39
380	64
380	80
380	82
380	90
380	155
380	194
380	228
380	241
380	301
380	374
380	427
380	493
381	35
381	74
381	122
381	156
381	181
381	189
381	293
381	334
381	373
381	382
381	396
381	397
381	428
382	30
382	87
382	269
382	304
382	381
382	385
382	389
382	407
382	411
382	419
382	431
382	444
382	446
383	5
383	102
383	196
383	212
383	274
383	275
383	290
383	358
383	398
383	421
383	455
383	479
383	500
384	63
384	69
384	72
384	119
384	149
384	153
384	274
384	281
384	443
384	449
384	455
384	458
384	480
385	76
385	237
385	255
385	325
385	346
385	382
385	418
385	426
385	437
385	442
385	475
385	485
385	499
386	131
386	140
386	204
386	308
386	415
386	434
386	437
386	454
386	473
386	478
386	482
386	488
386	494
387	60
387	195
387	199
387	255
387	293
387	301
387	303
387	316
387	327
387	428
387	436
387	485
387	500
388	27
388	78
388	186
388	254
388	313
388	356
388	358
388	410
388	431
388	451
388	459
388	466
388	485
389	37
389	40
389	63
389	98
389	111
389	126
389	334
389	382
389	402
389	407
389	422
389	431
389	452
389	480
390	20
390	43
390	48
390	52
390	72
390	193
390	201
390	278
390	290
390	371
390	375
390	377
390	400
390	495
391	8
391	53
391	95
391	133
391	147
391	179
391	183
391	234
391	261
391	282
391	320
391	328
391	487
391	492
392	38
392	231
392	250
392	256
392	312
392	361
392	395
392	423
392	432
392	438
392	447
392	450
392	476
392	496
393	83
393	141
393	154
393	188
393	240
393	294
393	339
393	353
393	378
393	416
393	435
393	439
393	452
393	469
394	14
394	24
394	48
394	154
394	245
394	340
394	370
394	375
394	420
394	427
394	429
394	474
394	484
394	498
395	3
395	11
395	15
395	123
395	235
395	241
395	392
395	436
395	438
395	447
395	450
395	468
395	490
395	496
396	34
396	62
396	74
396	92
396	121
396	122
396	156
396	189
396	364
396	373
396	381
396	397
396	406
396	436
397	62
397	74
397	122
397	156
397	189
397	342
397	362
397	370
397	373
397	381
397	396
397	470
397	482
397	493
398	18
398	105
398	196
398	295
398	315
398	320
398	358
398	383
398	421
398	448
398	462
398	477
398	479
398	500
399	137
399	171
399	261
399	264
399	323
399	410
399	418
399	426
399	430
399	461
399	473
399	475
399	482
399	485
400	168
400	309
400	369
400	373
400	390
400	404
400	420
400	421
400	427
400	429
400	433
400	463
400	474
400	484
400	498
401	27
401	82
401	131
401	156
401	158
401	186
401	207
401	288
401	350
401	361
401	409
401	441
401	449
401	460
401	461
402	56
402	85
402	113
402	124
402	175
402	181
402	195
402	285
402	292
402	307
402	349
402	389
402	422
402	438
402	491
403	12
403	23
403	50
403	60
403	165
403	175
403	220
403	247
403	257
403	367
403	470
403	478
403	487
403	489
403	493
404	150
404	176
404	212
404	240
404	302
404	310
404	339
404	340
404	400
404	407
404	425
404	448
404	452
404	469
404	471
405	26
405	34
405	88
405	104
405	105
405	106
405	107
405	145
405	167
405	251
405	255
405	296
405	360
405	367
405	431
406	126
406	143
406	322
406	332
406	359
406	368
406	396
406	412
406	467
406	474
406	475
406	476
406	483
406	491
406	496
407	10
407	45
407	98
407	126
407	128
407	287
407	303
407	368
407	382
407	389
407	404
407	419
407	431
407	446
407	485
408	138
408	179
408	287
408	334
408	454
408	467
408	470
408	473
408	478
408	486
408	488
408	489
408	492
408	493
408	495
409	70
409	183
409	220
409	227
409	272
409	273
409	401
409	437
409	441
409	449
409	460
409	461
409	462
409	483
409	486
410	54
410	71
410	176
410	177
410	178
410	297
410	388
410	399
410	415
410	447
410	448
410	453
410	457
410	497
410	498
411	8
411	10
411	96
411	111
411	128
411	217
411	230
411	287
411	334
411	382
411	422
411	431
411	456
411	462
411	464
412	32
412	118
412	263
412	317
412	321
412	324
412	359
412	378
412	406
412	424
412	425
412	427
412	449
412	476
412	483
412	491
413	57
413	186
413	190
413	217
413	238
413	319
413	332
413	337
413	353
413	433
413	434
413	477
413	481
413	485
413	486
413	494
414	99
414	124
414	225
414	235
414	245
414	260
414	263
414	289
414	332
414	433
414	459
414	465
414	477
414	481
414	486
414	494
415	167
415	292
415	297
415	357
415	374
415	379
415	386
415	410
415	448
415	452
415	455
415	457
415	467
415	484
415	488
415	497
416	7
416	44
416	129
416	130
416	144
416	205
416	233
416	242
416	279
416	281
416	351
416	393
416	472
416	481
416	493
416	495
417	76
417	79
417	106
417	130
417	144
417	202
417	205
417	271
417	275
417	279
417	303
417	333
417	351
417	464
417	472
417	499
418	110
418	115
418	125
418	171
418	271
418	335
418	374
418	385
418	399
418	430
418	442
418	445
418	446
418	449
418	475
418	482
419	25
419	84
419	157
419	212
419	237
419	240
419	382
419	407
419	435
419	439
419	443
419	452
419	459
419	465
419	469
419	487
420	136
420	211
420	259
420	305
420	340
420	355
420	370
420	394
420	400
420	427
420	458
420	463
420	474
420	484
420	496
420	498
421	35
421	61
421	105
421	146
421	219
421	242
421	273
421	275
421	383
421	398
421	400
421	479
421	486
421	489
421	499
421	500
422	30
422	96
422	99
422	116
422	135
422	203
422	224
422	269
422	304
422	334
422	368
422	389
422	402
422	411
422	431
422	446
422	450
423	29
423	33
423	65
423	94
423	112
423	113
423	114
423	222
423	232
423	248
423	310
423	354
423	366
423	392
423	454
423	458
423	473
424	22
424	158
424	178
424	211
424	321
424	324
424	378
424	412
424	440
424	441
424	448
424	467
424	472
424	476
424	483
424	488
424	491
425	19
425	57
425	96
425	137
425	154
425	193
425	240
425	352
425	404
425	412
425	435
425	452
425	463
425	465
425	469
425	471
425	484
426	62
426	81
426	121
426	272
426	296
426	320
426	323
426	325
426	330
426	369
426	385
426	399
426	430
426	442
426	445
426	490
426	499
427	132
427	274
427	370
427	375
427	380
427	394
427	400
427	412
427	420
427	429
427	439
427	463
427	474
427	479
427	484
427	492
427	498
428	172
428	180
428	224
428	255
428	282
428	289
428	293
428	305
428	306
428	312
428	316
428	346
428	381
428	387
428	436
428	450
428	462
429	2
429	49
429	60
429	141
429	215
429	234
429	302
429	324
429	369
429	375
429	394
429	400
429	427
429	463
429	482
429	484
429	498
430	119
430	137
430	223
430	323
430	325
430	330
430	372
430	375
430	399
430	418
430	426
430	471
430	475
430	482
430	485
430	495
430	499
431	37
431	118
431	128
431	269
431	274
431	334
431	382
431	388
431	389
431	405
431	407
431	411
431	422
431	434
431	461
431	496
431	500
432	1
432	11
432	123
432	221
432	277
432	312
432	338
432	361
432	364
432	392
432	438
432	447
432	450
432	468
432	474
432	494
432	496
433	78
433	172
433	189
433	217
433	256
433	268
433	313
433	332
433	337
433	400
433	413
433	414
433	477
433	481
433	486
433	494
433	496
434	12
434	32
434	140
434	220
434	318
434	386
434	413
434	431
434	435
434	445
434	454
434	470
434	478
434	488
434	489
434	493
434	495
435	19
435	83
435	84
435	166
435	176
435	188
435	267
435	329
435	336
435	376
435	393
435	419
435	425
435	434
435	449
435	452
435	469
435	471
436	92
436	228
436	232
436	293
436	295
436	305
436	306
436	316
436	327
436	329
436	346
436	387
436	395
436	396
436	428
436	466
436	482
436	498
437	127
437	204
437	257
437	356
437	367
437	385
437	386
437	409
437	447
437	448
437	456
437	463
437	470
437	473
437	478
437	488
437	493
437	495
438	14
438	54
438	93
438	95
438	108
438	154
438	168
438	253
438	273
438	277
438	339
438	343
438	392
438	395
438	402
438	432
438	450
438	496
439	57
439	157
439	176
439	280
439	339
439	341
439	377
439	393
439	419
439	427
439	448
439	452
439	459
439	465
439	469
439	471
439	478
439	484
440	8
440	16
440	59
440	199
440	211
440	246
440	263
440	280
440	322
440	324
440	366
440	378
440	424
440	453
440	472
440	483
440	491
440	495
441	27
441	47
441	166
441	266
441	272
441	303
441	315
441	341
441	401
441	409
441	424
441	444
441	449
441	452
441	460
441	461
441	464
441	489
442	75
442	135
442	216
442	267
442	270
442	341
442	347
442	374
442	385
442	418
442	426
442	444
442	445
442	466
442	475
442	482
442	492
442	499
443	100
443	107
443	138
443	208
443	214
443	252
443	279
443	308
443	325
443	326
443	342
443	345
443	347
443	384
443	419
443	455
443	458
443	480
444	49
444	166
444	183
444	217
444	242
444	272
444	288
444	350
444	363
444	382
444	441
444	442
444	449
444	460
444	461
444	464
444	469
444	491
445	31
445	171
445	236
445	237
445	254
445	295
445	304
445	320
445	359
445	418
445	426
445	434
445	442
445	453
445	460
445	475
445	485
445	499
446	37
446	69
446	96
446	98
446	101
446	118
446	190
446	212
446	255
446	269
446	304
446	305
446	334
446	382
446	407
446	418
446	422
446	492
447	125
447	178
447	231
447	246
447	273
447	286
447	312
447	327
447	361
447	372
447	392
447	395
447	410
447	432
447	437
447	450
447	468
447	473
447	496
448	4
448	167
448	178
448	195
448	215
448	243
448	262
448	292
448	347
448	379
448	398
448	404
448	410
448	415
448	424
448	437
448	439
448	456
448	497
449	58
449	127
449	266
449	272
449	287
449	288
449	363
449	384
449	401
449	409
449	412
449	418
449	435
449	441
449	444
449	460
449	461
449	464
449	495
450	11
450	95
450	139
450	231
450	358
450	361
450	372
450	392
450	395
450	422
450	428
450	432
450	438
450	447
450	460
450	468
450	469
450	484
450	493
451	78
451	87
451	133
451	151
451	161
451	192
451	234
451	237
451	244
451	254
451	300
451	313
451	349
451	353
451	356
451	358
451	388
451	459
451	466
452	4
452	63
452	212
452	300
452	389
452	393
452	404
452	415
452	419
452	425
452	435
452	439
452	441
452	465
452	469
452	470
452	471
452	474
452	487
453	16
453	34
453	74
453	177
453	178
453	216
453	243
453	263
453	297
453	304
453	314
453	357
453	379
453	410
453	440
453	445
453	456
453	457
453	497
454	67
454	156
454	173
454	182
454	202
454	235
454	343
454	344
454	386
454	408
454	423
454	434
454	460
454	473
454	478
454	488
454	489
454	493
454	495
455	25
455	61
455	72
455	214
455	221
455	233
455	265
455	281
455	319
455	345
455	347
455	383
455	384
455	415
455	443
455	460
455	470
455	480
455	490
456	54
456	81
456	87
456	107
456	132
456	144
456	167
456	177
456	215
456	262
456	292
456	323
456	368
456	379
456	411
456	437
456	448
456	453
456	497
457	16
457	46
457	177
457	178
457	215
457	243
457	262
457	298
457	346
457	348
457	373
457	376
457	379
457	410
457	415
457	453
457	478
457	483
457	497
458	38
458	58
458	59
458	100
458	143
458	208
458	238
458	252
458	281
458	291
458	342
458	345
458	347
458	384
458	420
458	423
458	443
458	480
458	488
458	490
459	11
459	46
459	55
459	120
459	136
459	151
459	192
459	210
459	275
459	300
459	313
459	341
459	358
459	388
459	414
459	419
459	439
459	451
459	466
459	478
460	12
460	227
460	266
460	272
460	350
460	363
460	401
460	409
460	441
460	444
460	445
460	449
460	450
460	454
460	455
460	461
460	464
460	467
460	491
460	496
461	66
461	70
461	183
461	188
461	266
461	272
461	350
461	399
461	401
461	409
461	431
461	441
461	444
461	449
461	460
461	463
461	464
461	495
461	497
461	498
462	67
462	92
462	211
462	228
462	255
462	264
462	289
462	305
462	306
462	316
462	327
462	346
462	349
462	398
462	409
462	411
462	428
462	471
462	472
462	482
463	49
463	102
463	148
463	309
463	316
463	340
463	370
463	400
463	420
463	425
463	427
463	429
463	437
463	461
463	467
463	473
463	474
463	484
463	494
463	498
464	70
464	137
464	166
464	183
464	227
464	266
464	271
464	288
464	321
464	361
464	363
464	411
464	417
464	441
464	444
464	449
464	460
464	461
464	467
464	489
465	6
465	18
465	19
465	63
465	75
465	106
465	141
465	213
465	277
465	322
465	331
465	414
465	419
465	425
465	439
465	452
465	469
465	470
465	471
465	483
466	55
466	136
466	151
466	169
466	192
466	234
466	242
466	264
466	300
466	313
466	330
466	356
466	358
466	364
466	370
466	388
466	436
466	442
466	451
466	459
466	492
467	8
467	82
467	115
467	145
467	246
467	280
467	284
467	321
467	322
467	332
467	368
467	406
467	408
467	415
467	424
467	460
467	463
467	464
467	482
467	483
467	491
468	164
468	184
468	231
468	273
468	277
468	309
468	312
468	326
468	345
468	361
468	372
468	374
468	395
468	432
468	447
468	450
468	473
468	476
468	487
468	496
468	498
469	6
469	57
469	104
469	137
469	151
469	197
469	212
469	276
469	393
469	404
469	419
469	425
469	435
469	439
469	444
469	450
469	452
469	465
469	471
469	495
469	496
470	13
470	28
470	131
470	204
470	285
470	344
470	349
470	367
470	397
470	403
470	408
470	434
470	437
470	452
470	455
470	465
470	473
470	474
470	478
470	489
470	493
470	495
471	74
471	75
471	117
471	126
471	137
471	141
471	157
471	170
471	176
471	188
471	257
471	271
471	367
471	404
471	425
471	430
471	435
471	439
471	452
471	462
471	465
471	469
472	2
472	7
472	95
472	106
472	130
472	144
472	200
472	202
472	205
472	225
472	233
472	242
472	279
472	333
472	351
472	377
472	416
472	417
472	424
472	440
472	462
472	494
473	6
473	161
473	185
473	204
473	235
473	241
473	268
473	367
473	386
473	399
473	408
473	423
473	437
473	447
473	454
473	463
473	468
473	470
473	478
473	488
473	489
473	495
473	498
474	102
474	265
474	272
474	283
474	302
474	309
474	340
474	369
474	370
474	375
474	394
474	400
474	406
474	420
474	427
474	432
474	452
474	463
474	470
474	484
474	493
474	498
474	499
475	29
475	51
475	53
475	171
475	227
475	228
475	261
475	306
475	325
475	326
475	330
475	335
475	341
475	385
475	399
475	406
475	418
475	430
475	442
475	445
475	482
475	485
475	499
476	22
476	108
476	143
476	171
476	209
476	211
476	223
476	263
476	280
476	308
476	321
476	322
476	324
476	339
476	377
476	378
476	392
476	406
476	412
476	424
476	468
476	491
476	497
477	41
477	58
477	73
477	124
477	217
477	235
477	245
477	268
477	284
477	299
477	319
477	337
477	353
477	371
477	378
477	398
477	413
477	414
477	433
477	481
477	486
477	490
477	494
478	127
478	138
478	192
478	231
478	261
478	367
478	386
478	403
478	408
478	434
478	437
478	439
478	454
478	457
478	459
478	470
478	473
478	487
478	488
478	489
478	492
478	495
478	497
479	5
479	35
479	61
479	105
479	146
479	196
479	219
479	230
479	240
479	260
479	274
479	275
479	286
479	287
479	291
479	307
479	315
479	352
479	383
479	398
479	421
479	427
479	489
479	500
480	23
480	28
480	59
480	90
480	109
480	127
480	208
480	214
480	221
480	281
480	290
480	298
480	319
480	337
480	338
480	347
480	384
480	389
480	443
480	455
480	458
480	490
480	499
480	500
481	99
481	104
481	124
481	184
481	194
481	213
481	238
481	245
481	280
481	319
481	332
481	337
481	353
481	360
481	413
481	414
481	416
481	433
481	477
481	485
481	486
481	488
481	494
481	498
482	140
482	166
482	236
482	243
482	249
482	251
482	267
482	320
482	341
482	374
482	386
482	397
482	399
482	418
482	429
482	430
482	436
482	442
482	462
482	467
482	475
482	485
482	487
482	499
483	22
483	29
483	85
483	115
483	250
483	258
483	259
483	263
483	280
483	321
483	324
483	335
483	356
483	359
483	368
483	406
483	409
483	412
483	424
483	440
483	457
483	465
483	467
483	491
484	3
484	84
484	177
484	193
484	216
484	277
484	302
484	309
484	340
484	368
484	369
484	375
484	394
484	400
484	415
484	420
484	425
484	427
484	429
484	439
484	450
484	463
484	474
484	493
484	498
485	31
485	91
485	100
485	165
485	236
485	237
485	244
485	267
485	284
485	323
485	330
485	341
485	374
485	385
485	387
485	388
485	399
485	407
485	413
485	430
485	445
485	475
485	481
485	482
485	499
486	41
486	58
486	99
486	116
486	117
486	133
486	152
486	213
486	238
486	245
486	268
486	327
486	337
486	353
486	365
486	408
486	409
486	413
486	414
486	421
486	433
486	477
486	481
486	487
486	494
487	45
487	47
487	50
487	53
487	147
487	182
487	199
487	210
487	261
487	270
487	279
487	282
487	328
487	362
487	364
487	391
487	403
487	419
487	452
487	468
487	478
487	482
487	486
487	492
487	496
487	498
488	102
488	103
488	127
488	131
488	138
488	161
488	174
488	208
488	210
488	235
488	318
488	367
488	386
488	408
488	415
488	424
488	434
488	437
488	454
488	458
488	473
488	478
488	481
488	489
488	490
488	495
488	500
489	14
489	21
489	23
489	36
489	173
489	185
489	210
489	220
489	257
489	282
489	312
489	351
489	352
489	403
489	408
489	421
489	434
489	441
489	454
489	464
489	470
489	473
489	478
489	479
489	488
489	493
489	495
490	72
490	100
490	118
490	148
490	149
490	153
490	164
490	209
490	214
490	221
490	243
490	252
490	281
490	308
490	311
490	319
490	324
490	330
490	345
490	365
490	395
490	426
490	455
490	458
490	477
490	480
490	488
491	13
491	42
491	82
491	94
491	115
491	143
491	149
491	163
491	177
491	223
491	246
491	258
491	287
491	321
491	368
491	378
491	402
491	406
491	412
491	424
491	440
491	444
491	460
491	467
491	476
491	483
491	493
492	24
492	45
492	53
492	110
492	124
492	133
492	179
492	182
492	199
492	203
492	210
492	229
492	261
492	269
492	270
492	323
492	328
492	341
492	362
492	364
492	391
492	408
492	427
492	442
492	446
492	466
492	478
492	487
493	12
493	14
493	36
493	161
493	185
493	257
493	318
493	322
493	344
493	345
493	367
493	372
493	380
493	397
493	403
493	408
493	416
493	434
493	437
493	450
493	454
493	470
493	474
493	484
493	489
493	491
493	495
493	496
494	41
494	58
494	102
494	181
494	203
494	213
494	217
494	238
494	245
494	259
494	268
494	279
494	298
494	307
494	316
494	332
494	337
494	353
494	386
494	413
494	414
494	432
494	433
494	463
494	472
494	477
494	481
494	486
495	115
495	127
495	134
495	161
495	185
495	220
495	257
495	314
495	321
495	337
495	367
495	390
495	408
495	416
495	430
495	434
495	437
495	440
495	449
495	454
495	461
495	469
495	470
495	473
495	478
495	488
495	489
495	493
496	1
496	3
496	9
496	15
496	19
496	120
496	154
496	184
496	246
496	253
496	273
496	312
496	335
496	361
496	372
496	392
496	395
496	406
496	420
496	431
496	432
496	433
496	438
496	447
496	460
496	468
496	469
496	487
496	493
497	4
497	16
497	54
497	80
497	87
497	132
497	167
497	220
497	243
497	251
497	258
497	262
497	292
497	297
497	310
497	317
497	357
497	366
497	379
497	410
497	415
497	448
497	453
497	456
497	457
497	461
497	476
497	478
497	500
498	2
498	49
498	102
498	164
498	193
498	208
498	262
498	302
498	309
498	322
498	340
498	369
498	370
498	375
498	394
498	400
498	410
498	420
498	427
498	429
498	436
498	461
498	463
498	468
498	473
498	474
498	481
498	484
498	487
499	38
499	51
499	123
499	132
499	135
499	140
499	171
499	234
499	236
499	249
499	320
499	323
499	328
499	330
499	335
499	341
499	364
499	385
499	417
499	421
499	426
499	430
499	442
499	445
499	474
499	475
499	480
499	482
499	485
500	5
500	35
500	57
500	61
500	105
500	121
500	146
500	161
500	169
500	196
500	206
500	219
500	269
500	274
500	275
500	291
500	295
500	315
500	370
500	372
500	383
500	387
500	398
500	421
500	431
500	479
500	480
500	488
500	497
