1	135
1	429
1	452
1	453
1	477
2	263
2	266
2	309
2	421
2	463
3	376
3	473
3	475
3	484
3	498
4	60
4	368
4	373
4	446
4	490
5	312
5	332
5	355
5	374
5	400
6	149
6	160
6	358
6	402
6	455
7	171
7	319
7	325
7	470
7	497
8	15
8	317
8	418
8	421
8	465
9	127
9	167
9	451
9	471
9	474
10	22
10	290
10	437
10	491
10	495
11	312
11	396
11	412
11	423
11	454
12	210
12	229
12	396
12	466
12	486
13	107
13	325
13	372
13	413
13	470
14	138
14	358
14	445
14	454
14	460
15	8
15	459
15	465
15	480
15	492
16	124
16	189
16	415
16	428
16	492
17	304
17	376
17	403
17	435
17	496
18	136
18	380
18	425
18	490
18	496
19	167
19	243
19	261
19	325
19	403
20	155
20	196
20	387
20	444
20	472
21	125
21	170
21	172
21	242
21	330
22	10
22	202
22	416
22	443
22	489
23	408
23	423
23	475
23	488
23	498
24	94
24	163
24	186
24	335
24	488
25	104
25	254
25	388
25	410
25	420
26	180
26	338
26	461
26	469
26	474
27	39
27	328
27	336
27	337
27	366
28	343
28	364
28	378
28	383
28	427
29	49
29	115
29	159
29	239
29	261
30	224
30	314
30	319
30	372
30	470
31	299
31	421
31	460
31	471
31	475
32	56
32	381
32	453
32	483
32	484
33	106
33	324
33	434
33	459
33	500
34	39
34	80
34	308
34	334
34	428
35	348
35	408
35	476
35	493
35	499
36	217
36	429
36	466
36	467
36	499
37	321
37	365
37	467
37	471
37	486
38	325
38	442
38	465
38	469
38	470
39	27
39	34
39	243
39	261
39	344
40	260
40	295
40	357
40	407
40	495
41	269
41	296
41	480
41	483
41	484
42	102
42	429
42	436
42	454
42	498
43	139
43	246
43	391
43	410
43	461
44	144
44	237
44	285
44	411
44	453
45	338
45	355
45	464
45	473
45	488
46	65
46	195
46	386
46	405
46	472
47	144
47	317
47	322
47	392
47	455
48	107
48	178
48	233
48	262
48	454
49	29
49	355
49	384
49	455
49	498
50	180
50	344
50	350
50	386
50	448
51	214
51	356
51	437
51	459
51	495
52	230
52	412
52	414
52	424
52	474
53	385
53	431
53	480
53	485
53	491
54	238
54	252
54	305
54	338
54	415
55	175
55	222
55	368
55	438
55	488
56	32
56	97
56	160
56	473
56	488
57	111
57	273
57	337
57	370
57	378
58	316
58	441
58	451
58	469
58	474
59	70
59	304
59	456
59	482
59	499
60	4
60	320
60	400
60	445
60	458
61	190
61	302
61	366
61	441
61	500
62	85
62	401
62	425
62	459
62	463
63	217
63	273
63	395
63	446
63	485
64	352
64	433
64	487
64	489
64	496
65	46
65	190
65	278
65	396
65	428
66	88
66	320
66	337
66	369
66	387
67	337
67	340
67	385
67	394
67	400
68	231
68	317
68	392
68	451
68	455
69	104
69	145
69	462
69	482
69	491
70	59
70	370
70	374
70	411
70	412
71	128
71	257
71	418
71	429
71	462
72	179
72	183
72	199
72	306
72	309
73	425
73	428
73	480
73	483
73	486
74	229
74	395
74	439
74	457
74	485
75	193
75	280
75	358
75	430
75	454
76	241
76	375
76	455
76	463
76	496
77	350
77	408
77	419
77	448
77	449
78	190
78	216
78	285
78	378
78	459
79	162
79	320
79	442
79	447
79	471
80	34
80	317
80	405
80	472
80	479
81	93
81	215
81	280
81	301
81	340
82	349
82	404
82	444
82	472
82	485
83	172
83	402
83	442
83	451
83	461
84	91
84	414
84	428
84	435
84	450
85	62
85	89
85	254
85	269
85	463
86	177
86	236
86	272
86	343
86	439
87	118
87	224
87	360
87	430
87	463
88	66
88	130
88	408
88	477
88	500
89	85
89	351
89	403
89	480
89	487
90	183
90	428
90	453
90	488
90	494
91	84
91	223
91	451
91	469
91	497
92	169
92	241
92	315
92	486
92	494
93	81
93	234
93	357
93	470
93	498
94	24
94	438
94	464
94	474
94	488
95	147
95	327
95	329
95	356
95	495
96	168
96	303
96	356
96	409
96	495
97	56
97	388
97	466
97	467
97	494
98	437
98	439
98	463
98	465
98	482
99	196
99	440
99	464
99	470
99	489
100	442
100	447
100	451
100	477
100	487
101	134
101	239
101	390
101	398
101	468
102	42
102	240
102	330
102	432
102	449
103	244
103	389
103	429
103	470
103	486
104	25
104	69
104	218
104	479
104	494
105	149
105	183
105	244
105	389
105	406
106	33
106	292
106	364
106	370
106	469
106	475
107	13
107	48
107	122
107	184
107	262
107	340
108	205
108	360
108	418
108	435
108	463
108	465
109	248
109	323
109	363
109	397
109	399
109	461
110	227
110	254
110	301
110	475
110	485
110	493
111	57
111	208
111	331
111	377
111	420
111	445
112	336
112	376
112	401
112	428
112	450
112	497
113	289
113	313
113	371
113	399
113	461
113	493
114	249
114	341
114	368
114	391
114	400
114	472
115	29
115	134
115	159
115	259
115	371
115	474
116	329
116	382
116	414
116	468
116	474
116	500
117	179
117	250
117	419
117	427
117	442
117	447
118	87
118	127
118	164
118	443
118	476
118	482
119	339
119	404
119	419
119	436
119	454
119	476
120	336
120	386
120	394
120	435
120	445
120	450
121	328
121	416
121	443
121	480
121	483
121	484
122	107
122	178
122	262
122	453
122	480
122	495
123	343
123	401
123	450
123	470
123	473
123	488
124	16
124	165
124	426
124	434
124	484
124	492
125	21
125	320
125	323
125	382
125	394
125	399
126	178
126	224
126	280
126	338
126	468
126	498
127	9
127	118
127	249
127	313
127	361
127	476
128	71
128	396
128	422
128	445
128	453
128	477
129	189
129	208
129	285
129	383
129	439
129	457
130	88
130	335
130	440
130	453
130	463
130	478
131	261
131	323
131	356
131	390
131	453
131	461
132	165
132	310
132	345
132	376
132	398
132	498
133	238
133	395
133	431
133	439
133	465
133	492
134	101
134	115
134	239
134	331
134	431
134	472
135	1
135	226
135	247
135	255
135	271
135	450
136	18
136	388
136	457
136	459
136	486
136	499
137	254
137	367
137	422
137	430
137	477
137	478
138	14
138	417
138	430
138	467
138	482
138	494
139	43
139	202
139	246
139	403
139	461
139	484
140	333
140	361
140	419
140	439
140	480
140	484
141	280
141	295
141	338
141	394
141	442
141	499
142	176
142	197
142	265
142	298
142	329
142	495
143	288
143	391
143	479
143	481
143	493
143	494
144	44
144	47
144	153
144	249
144	389
144	449
145	69
145	409
145	446
145	462
145	491
145	497
146	291
146	335
146	406
146	424
146	473
146	488
147	95
147	193
147	467
147	482
147	486
147	499
148	357
148	363
148	410
148	420
148	436
148	476
149	6
149	105
149	315
149	347
149	375
149	497
150	318
150	341
150	404
150	455
150	461
150	472
151	375
151	410
151	451
151	469
151	474
151	486
152	355
152	377
152	381
152	395
152	467
152	498
153	144
153	190
153	249
153	309
153	324
153	389
154	311
154	369
154	441
154	444
154	472
154	476
155	20
155	344
155	404
155	407
155	473
155	495
156	440
156	447
156	449
156	479
156	482
156	499
157	211
157	213
157	306
157	421
157	441
157	465
158	181
158	245
158	261
158	456
158	481
158	482
159	29
159	115
159	207
159	239
159	414
159	443
160	6
160	56
160	386
160	417
160	432
160	448
161	209
161	291
161	294
161	334
161	428
161	461
162	79
162	400
162	413
162	443
162	466
162	491
163	24
163	305
163	332
163	421
163	463
163	472
164	118
164	209
164	210
164	448
164	476
164	492
165	124
165	132
165	365
165	458
165	490
165	499
166	253
166	291
166	406
166	422
166	483
166	484
167	9
167	19
167	243
167	261
167	380
167	384
168	96
168	215
168	459
168	464
168	473
168	488
169	92
169	392
169	442
169	455
169	461
169	476
170	21
170	434
170	440
170	486
170	489
170	491
171	7
171	255
171	406
171	449
171	480
171	484
172	21
172	83
172	198
172	441
172	455
172	476
173	238
173	248
173	354
173	471
173	486
173	497
174	243
174	316
174	321
174	412
174	423
174	461
175	55
175	384
175	427
175	442
175	447
175	448
176	142
176	317
176	365
176	466
176	479
176	499
177	86
177	201
177	225
177	272
177	386
177	409
178	48
178	122
178	126
178	262
178	383
178	399
179	72
179	117
179	456
179	460
179	471
179	486
180	26
180	50
180	394
180	451
180	469
180	472
181	158
181	278
181	331
181	334
181	445
181	467
182	199
182	245
182	321
182	365
182	425
182	456
182	478
183	72
183	90
183	105
183	269
183	430
183	459
183	465
184	107
184	263
184	345
184	420
184	455
184	457
184	494
185	213
185	370
185	408
185	416
185	441
185	475
185	493
186	24
186	306
186	349
186	405
186	444
186	449
186	472
187	204
187	206
187	311
187	417
187	439
187	485
187	492
188	438
188	460
188	464
188	471
188	485
188	486
188	492
189	16
189	129
189	371
189	389
189	414
189	469
189	474
190	61
190	65
190	78
190	153
190	216
190	237
190	487
191	222
191	242
191	307
191	322
191	342
191	368
191	391
192	197
192	225
192	229
192	312
192	316
192	423
192	456
193	75
193	147
193	342
193	401
193	423
193	435
193	450
194	272
194	311
194	339
194	403
194	436
194	454
194	457
195	46
195	361
195	409
195	480
195	483
195	484
195	492
196	20
196	99
196	404
196	430
196	444
196	472
196	480
197	142
197	192
197	201
197	296
197	381
197	485
197	492
198	172
198	247
198	373
198	417
198	427
198	442
198	447
199	72
199	182
199	259
199	308
199	427
199	442
199	447
200	209
200	280
200	338
200	460
200	468
200	483
200	500
201	177
201	197
201	225
201	235
201	272
201	421
202	22
202	139
202	330
202	402
202	432
202	448
202	477
203	365
203	379
203	466
203	482
203	493
203	494
203	499
204	187
204	274
204	348
204	364
204	379
204	400
204	456
205	108
205	354
205	418
205	434
205	457
205	468
205	500
206	187
206	338
206	382
206	451
206	457
206	469
206	492
207	159
207	295
207	417
207	426
207	439
207	466
207	493
208	111
208	129
208	298
208	411
208	431
208	458
208	491
209	161
209	164
209	200
209	367
209	386
209	390
209	397
210	12
210	164
210	325
210	346
210	438
210	460
210	471
211	157
211	320
211	328
211	390
211	468
211	483
211	500
212	278
212	336
212	343
212	351
212	401
212	416
212	435
213	157
213	185
213	309
213	360
213	430
213	444
213	458
214	51
214	221
214	407
214	409
214	466
214	489
214	495
215	81
215	168
215	228
215	340
215	394
215	400
215	426
216	78
216	190
216	237
216	285
216	310
216	354
216	454
217	36
217	63
217	292
217	426
217	454
217	485
217	492
218	104
218	280
218	339
218	340
218	394
218	484
218	487
219	229
219	336
219	337
219	435
219	450
219	456
219	467
220	362
220	379
220	415
220	418
220	420
220	429
220	453
221	214
221	272
221	357
221	429
221	430
221	477
221	478
222	55
222	191
222	239
222	336
222	341
222	372
222	391
223	91
223	271
223	337
223	378
223	467
223	481
223	494
224	30
224	87
224	126
224	241
224	337
224	468
224	500
225	177
225	192
225	201
225	272
225	491
225	499
226	135
226	235
226	247
226	255
226	271
226	290
226	429
227	110
227	330
227	368
227	432
227	448
227	449
227	483
228	215
228	350
228	379
228	411
228	425
228	465
228	497
229	12
229	74
229	192
229	219
229	435
229	451
229	466
230	52
230	359
230	374
230	412
230	423
230	462
230	477
231	68
231	303
231	322
231	329
231	341
231	368
231	375
231	391
232	365
232	385
232	396
232	438
232	443
232	460
232	478
232	486
233	48
233	284
233	362
233	374
233	433
233	487
233	490
233	496
234	93
234	355
234	358
234	438
234	454
234	475
234	493
234	498
235	201
235	226
235	271
235	279
235	291
235	352
235	432
235	470
236	86
236	253
236	284
236	353
236	385
236	406
236	487
236	496
237	44
237	190
237	216
237	276
237	279
237	285
237	384
237	490
238	54
238	133
238	173
238	307
238	348
238	446
238	456
238	497
239	29
239	101
239	134
239	159
239	222
239	276
239	352
239	388
240	102
240	348
240	364
240	400
240	417
240	426
240	485
240	492
241	76
241	92
241	224
241	242
241	284
241	375
241	455
241	473
242	21
242	191
242	241
242	362
242	415
242	418
242	453
242	477
243	19
243	39
243	167
243	174
243	261
243	369
243	390
243	405
244	103
244	105
244	249
244	371
244	375
244	389
244	433
244	473
245	158
245	182
245	344
245	407
245	409
245	439
245	478
245	495
246	43
246	139
246	260
246	384
246	426
246	476
246	494
246	497
247	135
247	198
247	226
247	255
247	264
247	271
247	316
247	386
248	109
248	173
248	315
248	317
248	392
248	436
248	438
248	455
249	114
249	127
249	144
249	153
249	244
249	286
249	389
249	429
250	117
250	372
250	406
250	478
250	480
250	483
250	484
250	489
251	289
251	297
251	313
251	349
251	367
251	375
251	384
251	404
252	54
252	328
252	344
252	450
252	462
252	477
252	489
252	491
253	166
253	236
253	403
253	437
253	464
253	474
253	487
253	496
254	25
254	85
254	110
254	137
254	286
254	393
254	421
254	459
255	135
255	171
255	226
255	247
255	271
255	279
255	288
255	350
256	327
256	383
256	390
256	397
256	412
256	461
256	466
256	476
257	71
257	266
257	310
257	324
257	339
257	410
257	436
257	478
258	302
258	344
258	376
258	401
258	421
258	464
258	475
258	493
259	115
259	199
259	402
259	432
259	448
259	449
259	466
259	481
260	40
260	246
260	280
260	361
260	390
260	480
260	483
260	484
261	19
261	29
261	39
261	131
261	158
261	167
261	243
261	328
262	48
262	107
262	122
262	178
262	316
262	391
262	428
262	472
263	2
263	184
263	264
263	342
263	401
263	410
263	411
263	445
264	247
264	263
264	318
264	353
264	446
264	476
264	490
264	497
265	142
265	266
265	267
265	358
265	436
265	448
265	454
265	475
266	2
266	257
266	265
266	427
266	436
266	443
266	454
266	455
267	265
267	301
267	306
267	347
267	463
267	465
267	480
267	494
268	305
268	306
268	315
268	318
268	347
268	415
268	433
268	465
269	41
269	85
269	183
269	351
269	402
269	487
269	492
269	496
270	282
270	309
270	427
270	432
270	442
270	443
270	447
270	482
271	135
271	223
271	226
271	235
271	247
271	255
271	455
271	497
272	86
272	177
272	194
272	201
272	221
272	225
272	297
272	463
273	57
273	63
273	302
273	364
273	370
273	378
273	442
273	494
274	204
274	289
274	437
274	440
274	443
274	482
274	489
274	490
275	307
275	309
275	365
275	379
275	458
275	472
275	482
275	490
275	497
276	237
276	239
276	337
276	389
276	393
276	434
276	437
276	441
276	500
277	333
277	368
277	413
277	422
277	424
277	464
277	473
277	484
277	488
278	65
278	181
278	212
278	308
278	397
278	428
278	434
278	461
278	481
279	235
279	237
279	255
279	352
279	372
279	440
279	458
279	470
279	474
280	75
280	81
280	126
280	141
280	200
280	218
280	260
280	295
280	394
281	330
281	355
281	389
281	414
281	443
281	449
281	451
281	469
281	474
282	270
282	283
282	318
282	319
282	433
282	463
282	473
282	487
282	496
283	282
283	296
283	315
283	351
283	382
283	441
283	442
283	487
283	496
284	233
284	236
284	241
284	355
284	433
284	484
284	487
284	496
284	500
285	44
285	78
285	129
285	216
285	237
285	433
285	472
285	494
285	497
286	249
286	254
286	309
286	319
286	333
286	436
286	459
286	463
286	465
287	401
287	425
287	446
287	455
287	488
287	490
287	491
287	497
287	498
288	143
288	255
288	324
288	413
288	415
288	422
288	462
288	489
288	496
289	113
289	251
289	274
289	310
289	319
289	352
289	372
289	459
289	470
290	10
290	226
290	365
290	394
290	400
290	446
290	482
290	490
290	497
291	146
291	161
291	166
291	235
291	351
291	352
291	372
291	468
291	470
292	106
292	217
292	324
292	364
292	370
292	378
292	399
292	468
292	483
293	309
293	325
293	378
293	403
293	406
293	438
293	460
293	471
293	486
294	161
294	304
294	308
294	326
294	331
294	334
294	428
294	491
294	496
295	40
295	141
295	207
295	280
295	340
295	350
295	394
295	405
295	437
296	41
296	197
296	283
296	403
296	410
296	433
296	487
296	491
296	496
297	251
297	272
297	311
297	362
297	397
297	399
297	476
297	485
297	494
298	142
298	208
298	332
298	344
298	366
298	377
298	407
298	460
298	495
299	31
299	320
299	357
299	422
299	444
299	474
299	477
299	478
299	487
300	311
300	420
300	433
300	476
300	479
300	481
300	482
300	491
300	499
301	81
301	110
301	267
301	302
301	398
301	402
301	427
301	489
301	498
302	61
302	258
302	273
302	301
302	377
302	409
302	434
302	488
302	493
302	498
303	96
303	231
303	344
303	345
303	414
303	466
303	479
303	481
303	494
303	499
304	17
304	59
304	294
304	327
304	377
304	378
304	424
304	464
304	473
304	488
305	54
305	163
305	268
305	306
305	347
305	359
305	360
305	441
305	464
305	500
306	72
306	157
306	186
306	267
306	268
306	305
306	400
306	447
306	450
306	476
307	191
307	238
307	275
307	333
307	424
307	464
307	470
307	473
307	481
307	488
308	34
308	199
308	278
308	294
308	309
308	331
308	428
308	438
308	471
308	488
309	2
309	72
309	153
309	213
309	270
309	275
309	286
309	293
309	308
309	430
310	132
310	216
310	257
310	289
310	339
310	358
310	436
310	451
310	454
310	491
311	154
311	187
311	194
311	297
311	300
311	323
311	367
311	384
311	476
311	488
312	5
312	11
312	192
312	340
312	359
312	392
312	412
312	423
312	475
312	483
313	113
313	127
313	251
313	342
313	392
313	461
313	476
313	487
313	493
313	498
314	30
314	336
314	343
314	380
314	401
314	435
314	450
314	482
314	489
314	500
315	92
315	149
315	248
315	268
315	283
315	375
315	425
315	455
315	469
315	493
316	58
316	174
316	192
316	247
316	262
316	359
316	374
316	383
316	423
316	427
317	8
317	47
317	68
317	80
317	176
317	248
317	392
317	416
317	455
317	481
318	150
318	264
318	268
318	282
318	395
318	404
318	405
318	444
318	448
318	472
319	7
319	30
319	282
319	286
319	289
319	325
319	342
319	458
319	459
319	470
320	60
320	66
320	79
320	125
320	211
320	299
320	434
320	451
320	498
320	500
321	37
321	174
321	182
321	386
321	402
321	403
321	432
321	435
321	448
321	449
322	47
322	191
322	231
322	341
322	368
322	391
322	424
322	449
322	480
322	492
323	109
323	125
323	131
323	311
323	325
323	332
323	351
323	374
323	446
323	461
324	33
324	153
324	257
324	288
324	292
324	466
324	467
324	481
324	494
324	499
325	7
325	13
325	19
325	38
325	210
325	293
325	319
325	323
325	470
325	499
326	294
326	361
326	372
326	385
326	406
326	416
326	457
326	480
326	483
326	484
327	95
327	256
327	304
327	419
327	424
327	464
327	473
327	477
327	488
327	494
328	27
328	121
328	211
328	252
328	261
328	381
328	441
328	468
328	478
328	500
329	95
329	116
329	142
329	231
329	344
329	348
329	354
329	409
329	411
329	495
330	21
330	102
330	202
330	227
330	281
330	337
330	350
330	395
330	402
330	495
331	111
331	134
331	181
331	294
331	308
331	334
331	339
331	341
331	428
331	484
332	5
332	163
332	298
332	323
332	446
332	452
332	456
332	458
332	481
332	497
333	140
333	277
333	286
333	307
333	350
333	421
333	424
333	444
333	464
333	473
333	488
334	34
334	161
334	181
334	294
334	331
334	396
334	398
334	428
334	434
334	450
334	490
335	24
335	130
335	146
335	398
335	402
335	413
335	437
335	452
335	462
335	486
335	491
336	27
336	112
336	120
336	212
336	219
336	222
336	314
336	407
336	446
336	450
336	472
337	27
337	57
337	66
337	67
337	219
337	223
337	224
337	276
337	330
337	434
337	441
338	26
338	45
338	54
338	126
338	141
338	200
338	206
338	349
338	439
338	468
338	500
339	119
339	194
339	218
339	257
339	310
339	331
339	373
339	435
339	454
339	466
339	485
340	67
340	81
340	107
340	215
340	218
340	295
340	312
340	394
340	408
340	421
340	448
341	114
341	150
341	222
341	231
341	322
341	331
341	386
341	391
341	417
341	459
341	495
342	191
342	193
342	263
342	313
342	319
342	437
342	440
342	442
342	443
342	452
342	491
343	28
343	86
343	123
343	212
343	314
343	347
343	360
343	401
343	435
343	454
343	460
344	39
344	50
344	155
344	245
344	252
344	258
344	298
344	303
344	329
344	367
344	495
345	132
345	184
345	303
345	353
345	383
345	420
345	431
345	445
345	457
345	468
345	500
346	210
346	354
346	410
346	419
346	420
346	424
346	438
346	442
346	445
346	446
346	457
347	149
347	267
347	268
347	305
347	343
347	409
347	421
347	459
347	462
347	463
347	478
348	35
348	204
348	238
348	240
348	329
348	353
348	455
348	456
348	458
348	469
348	490
349	82
349	186
349	251
349	338
349	380
349	393
349	441
349	468
349	479
349	492
349	500
350	50
350	77
350	228
350	255
350	295
350	330
350	333
350	420
350	432
350	449
350	500
351	89
351	212
351	269
351	283
351	291
351	323
351	433
351	470
351	477
351	487
351	496
352	64
352	235
352	239
352	279
352	289
352	291
352	372
352	410
352	452
352	470
352	488
352	499
353	236
353	264
353	345
353	348
353	366
353	431
353	446
353	456
353	474
353	490
353	492
353	497
354	173
354	205
354	216
354	329
354	346
354	367
354	371
354	396
354	438
354	460
354	486
354	500
355	5
355	45
355	49
355	152
355	234
355	281
355	284
355	398
355	403
355	406
355	416
355	493
356	51
356	95
356	96
356	131
356	407
356	409
356	414
356	434
356	484
356	487
356	495
356	498
357	40
357	93
357	148
357	221
357	299
357	387
357	418
357	423
357	429
357	452
357	464
357	478
358	6
358	14
358	75
358	234
358	265
358	310
358	371
358	433
358	436
358	454
358	491
358	493
359	230
359	305
359	312
359	316
359	374
359	378
359	385
359	412
359	423
359	466
359	469
359	498
360	87
360	108
360	213
360	305
360	343
360	416
360	430
360	458
360	459
360	460
360	468
360	495
361	127
361	140
361	195
361	260
361	326
361	362
361	405
361	457
361	473
361	480
361	483
361	484
362	220
362	233
362	242
362	297
362	361
362	387
362	422
362	453
362	459
362	473
362	478
362	497
363	109
363	148
363	379
363	380
363	383
363	388
363	419
363	427
363	431
363	460
363	471
363	495
364	28
364	106
364	204
364	240
364	273
364	292
364	369
364	370
364	378
364	418
364	447
364	471
365	37
365	165
365	176
365	182
365	203
365	232
365	275
365	290
365	370
365	418
365	458
365	497
366	27
366	61
366	298
366	353
366	381
366	393
366	434
366	441
366	452
366	462
366	468
366	479
367	137
367	209
367	251
367	311
367	344
367	354
367	384
367	399
367	460
367	476
367	480
367	487
368	4
368	55
368	114
368	191
368	227
368	231
368	277
368	322
368	391
368	462
368	465
368	477
369	66
369	154
369	243
369	364
369	404
369	405
369	444
369	452
369	459
369	472
369	497
369	498
370	57
370	70
370	106
370	185
370	273
370	292
370	364
370	365
370	378
370	411
370	415
370	489
371	113
371	115
371	189
371	244
371	354
371	358
371	396
371	429
371	438
371	443
371	460
371	471
371	486
372	13
372	30
372	222
372	250
372	279
372	289
372	291
372	326
372	352
372	432
372	446
372	470
372	472
373	4
373	198
373	339
373	413
373	425
373	427
373	442
373	447
373	462
373	475
374	5
374	70
374	230
374	233
374	316
374	323
374	359
374	398
374	412
374	423
374	445
374	464
374	471
375	76
375	149
375	151
375	231
375	241
375	244
375	251
375	315
375	392
375	435
375	455
375	461
375	491
376	3
376	17
376	112
376	132
376	258
376	405
376	408
376	465
376	475
376	493
376	494
376	495
376	498
377	111
377	152
377	298
377	302
377	304
377	398
377	416
377	467
377	478
377	479
377	493
377	495
377	498
378	28
378	57
378	78
378	223
378	273
378	292
378	293
378	304
378	359
378	364
378	370
378	413
378	426
379	203
379	204
379	220
379	228
379	275
379	363
379	393
379	425
379	450
379	456
379	479
379	490
379	497
380	18
380	167
380	314
380	349
380	363
380	383
380	411
380	431
380	445
380	456
380	464
380	487
380	493
381	32
381	152
381	197
381	328
381	366
381	385
381	395
381	417
381	426
381	440
381	482
381	485
381	492
382	116
382	125
382	206
382	283
382	397
382	414
382	417
382	448
382	451
382	469
382	474
382	478
382	484
383	28
383	129
383	178
383	256
383	316
383	345
383	363
383	380
383	419
383	445
383	457
383	463
383	488
384	49
384	167
384	175
384	237
384	246
384	251
384	311
384	367
384	390
384	422
384	432
384	461
384	470
385	53
385	67
385	232
385	236
385	326
385	359
385	381
385	386
385	417
385	433
385	439
385	485
385	492
386	46
386	50
386	120
386	160
386	177
386	209
386	247
386	321
386	341
386	385
386	402
386	448
386	449
387	20
387	66
387	357
387	362
387	390
387	418
387	419
387	422
387	429
387	453
387	471
387	478
387	484
388	25
388	97
388	136
388	239
388	363
388	391
388	410
388	428
388	431
388	445
388	466
388	481
388	482
389	103
389	105
389	144
389	153
389	189
389	244
389	249
389	276
389	281
389	411
389	457
389	469
389	487
390	101
390	131
390	209
390	211
390	243
390	256
390	260
390	384
390	387
390	397
390	399
390	461
390	479
390	485
391	43
391	114
391	143
391	191
391	222
391	231
391	262
391	322
391	341
391	368
391	388
391	397
391	448
391	479
392	47
392	68
392	169
392	248
392	312
392	313
392	317
392	375
392	393
392	399
392	407
392	412
392	455
392	467
393	254
393	276
393	349
393	366
393	379
393	392
393	429
393	434
393	438
393	441
393	457
393	468
393	491
393	500
394	67
394	120
394	125
394	141
394	180
394	215
394	218
394	280
394	290
394	295
394	340
394	479
394	485
394	500
395	63
395	74
395	133
395	152
395	318
395	330
395	381
395	401
395	439
395	440
395	454
395	485
395	492
395	499
396	11
396	12
396	65
396	128
396	232
396	334
396	354
396	371
396	415
396	421
396	433
396	438
396	471
396	486
397	109
397	209
397	256
397	278
397	297
397	382
397	390
397	391
397	399
397	412
397	437
397	467
397	476
397	494
398	101
398	132
398	301
398	334
398	335
398	355
398	374
398	377
398	416
398	450
398	474
398	475
398	493
398	497
399	109
399	113
399	125
399	178
399	292
399	297
399	367
399	390
399	392
399	397
399	432
399	439
399	471
399	497
400	5
400	60
400	67
400	114
400	162
400	204
400	215
400	240
400	290
400	306
400	446
400	458
400	492
400	500
401	62
401	112
401	123
401	193
401	212
401	258
401	263
401	287
401	314
401	343
401	395
401	404
401	435
401	450
401	490
402	6
402	83
402	202
402	259
402	269
402	301
402	321
402	330
402	335
402	386
402	432
402	448
402	449
402	479
402	481
403	17
403	19
403	89
403	139
403	194
403	253
403	293
403	296
403	321
403	355
403	433
403	470
403	487
403	489
403	496
404	82
404	119
404	150
404	155
404	196
404	251
404	318
404	369
404	401
404	405
404	435
404	444
404	449
404	462
404	472
405	46
405	80
405	186
405	243
405	295
405	318
405	361
405	369
405	376
405	404
405	420
405	444
405	447
405	464
405	472
406	105
406	146
406	166
406	171
406	236
406	250
406	293
406	326
406	355
406	468
406	478
406	480
406	483
406	484
406	494
407	40
407	155
407	214
407	245
407	298
407	336
407	356
407	392
407	409
407	419
407	449
407	456
407	481
407	489
407	495
408	23
408	35
408	77
408	88
408	185
408	340
408	376
408	416
408	438
408	475
408	476
408	492
408	493
408	496
408	498
409	96
409	145
409	177
409	195
409	214
409	245
409	302
409	329
409	347
409	356
409	407
409	416
409	486
409	495
409	498
410	25
410	43
410	148
410	151
410	257
410	263
410	296
410	346
410	352
410	388
410	411
410	419
410	420
410	436
410	493
411	44
411	70
411	208
411	228
411	263
411	329
411	370
411	380
411	389
411	410
411	419
411	420
411	431
411	457
411	484
411	490
412	11
412	52
412	70
412	174
412	230
412	256
412	312
412	359
412	374
412	392
412	397
412	423
412	436
412	471
412	489
412	493
413	13
413	162
413	277
413	288
413	335
413	373
413	378
413	437
413	443
413	451
413	452
413	453
413	460
413	462
413	465
413	489
414	52
414	84
414	116
414	159
414	189
414	281
414	303
414	356
414	382
414	431
414	443
414	451
414	469
414	474
414	479
414	495
415	16
415	54
415	220
415	242
415	268
415	288
415	370
415	396
415	428
415	440
415	443
415	452
415	462
415	482
415	489
415	491
416	22
416	121
416	185
416	212
416	317
416	326
416	355
416	360
416	377
416	398
416	408
416	409
416	475
416	493
416	498
416	499
417	138
417	160
417	187
417	198
417	207
417	240
417	341
417	381
417	382
417	385
417	426
417	439
417	440
417	467
417	468
417	469
417	492
418	8
418	71
418	108
418	205
418	220
418	242
418	357
418	364
418	365
418	387
418	422
418	427
418	428
418	453
418	477
418	478
418	498
419	77
419	117
419	119
419	140
419	327
419	346
419	363
419	383
419	387
419	407
419	410
419	411
419	431
419	445
419	447
419	457
419	475
420	25
420	111
420	148
420	184
420	220
420	300
420	345
420	346
420	350
420	405
420	410
420	411
420	437
420	457
420	469
420	473
420	478
421	2
421	8
421	31
421	157
421	163
421	201
421	254
421	258
421	333
421	340
421	347
421	396
421	430
421	459
421	462
421	465
421	476
422	128
422	137
422	166
422	277
422	288
422	299
422	362
422	384
422	387
422	418
422	429
422	447
422	468
422	470
422	477
422	478
422	496
423	11
423	23
423	174
423	192
423	193
423	230
423	312
423	316
423	357
423	359
423	374
423	412
423	425
423	444
423	453
423	485
423	497
424	52
424	146
424	277
424	304
424	307
424	322
424	327
424	333
424	346
424	431
424	433
424	452
424	454
424	464
424	473
424	475
424	488
425	18
425	62
425	73
425	182
425	228
425	287
425	315
425	373
425	379
425	423
425	443
425	456
425	458
425	473
425	487
425	490
425	497
426	124
426	207
426	215
426	217
426	240
426	246
426	378
426	381
426	417
426	429
426	439
426	452
426	466
426	485
426	488
426	492
426	495
427	28
427	117
427	175
427	198
427	199
427	266
427	270
427	301
427	316
427	363
427	373
427	418
427	430
427	442
427	447
427	455
427	475
428	16
428	34
428	65
428	73
428	84
428	90
428	112
428	161
428	262
428	278
428	294
428	308
428	331
428	334
428	388
428	415
428	418
428	475
429	1
429	36
429	42
429	71
429	103
429	220
429	221
429	226
429	249
429	357
429	371
429	387
429	393
429	422
429	426
429	447
429	477
429	478
430	75
430	87
430	137
430	138
430	183
430	196
430	213
430	221
430	309
430	360
430	421
430	427
430	439
430	459
430	463
430	465
430	468
430	476
431	53
431	133
431	134
431	208
431	345
431	353
431	363
431	380
431	388
431	411
431	414
431	419
431	424
431	445
431	455
431	457
431	468
431	474
432	102
432	160
432	202
432	227
432	235
432	259
432	270
432	321
432	350
432	372
432	384
432	399
432	402
432	449
432	460
432	467
432	491
432	499
433	64
433	233
433	244
433	268
433	282
433	284
433	285
433	296
433	300
433	351
433	358
433	385
433	396
433	403
433	424
433	483
433	487
433	496
434	33
434	124
434	170
434	205
434	276
434	278
434	302
434	320
434	334
434	337
434	356
434	366
434	393
434	441
434	456
434	475
434	499
434	500
435	17
435	84
435	108
435	120
435	193
435	212
435	219
435	229
435	314
435	321
435	339
435	343
435	375
435	401
435	404
435	450
435	463
435	489
435	490
436	42
436	119
436	148
436	194
436	248
436	257
436	265
436	266
436	286
436	310
436	358
436	410
436	412
436	440
436	444
436	454
436	477
436	486
436	489
437	10
437	51
437	98
437	253
437	274
437	276
437	295
437	335
437	342
437	397
437	413
437	420
437	440
437	443
437	452
437	456
437	462
437	489
437	490
438	55
438	94
438	188
438	210
438	232
438	234
438	248
438	293
438	308
438	346
438	354
438	371
438	393
438	396
438	408
438	460
438	463
438	471
438	486
439	74
439	86
439	98
439	129
439	133
439	140
439	187
439	207
439	245
439	338
439	385
439	395
439	399
439	417
439	426
439	430
439	485
439	490
439	492
440	99
440	130
440	156
440	170
440	274
440	279
440	342
440	381
440	395
440	415
440	417
440	436
440	437
440	452
440	462
440	471
440	489
440	490
440	491
441	58
441	61
441	154
441	157
441	172
441	185
441	276
441	283
441	305
441	328
441	337
441	349
441	366
441	393
441	434
441	442
441	468
441	474
441	496
441	500
442	38
442	79
442	83
442	100
442	117
442	141
442	169
442	175
442	198
442	199
442	270
442	273
442	283
442	342
442	346
442	373
442	427
442	441
442	447
442	461
443	22
443	118
443	121
443	159
443	162
443	232
443	266
443	270
443	274
443	281
443	342
443	371
443	413
443	414
443	415
443	425
443	437
443	452
443	489
443	491
444	20
444	82
444	154
444	186
444	196
444	213
444	299
444	318
444	333
444	369
444	404
444	405
444	423
444	436
444	453
444	470
444	472
444	481
444	494
444	498
445	14
445	60
445	111
445	120
445	128
445	181
445	263
445	345
445	346
445	374
445	380
445	383
445	388
445	419
445	431
445	457
445	474
445	475
445	492
445	496
446	4
446	63
446	145
446	238
446	264
446	287
446	290
446	323
446	332
446	336
446	346
446	353
446	372
446	400
446	463
446	464
446	490
446	495
446	497
446	499
447	79
447	100
447	117
447	156
447	175
447	198
447	199
447	270
447	306
447	364
447	373
447	405
447	419
447	422
447	427
447	429
447	442
447	449
447	470
447	483
448	50
448	77
448	160
448	164
448	175
448	202
448	227
448	259
448	265
448	318
448	321
448	340
448	382
448	386
448	391
448	402
448	449
448	458
448	463
448	483
449	77
449	102
449	144
449	156
449	171
449	186
449	227
449	259
449	281
449	321
449	322
449	350
449	386
449	402
449	404
449	407
449	432
449	447
449	448
449	486
450	84
450	112
450	120
450	123
450	135
450	193
450	219
450	252
450	306
450	314
450	334
450	336
450	379
450	398
450	401
450	435
450	460
450	470
450	493
450	499
451	9
451	58
451	68
451	83
451	91
451	100
451	151
451	180
451	206
451	229
451	281
451	310
451	320
451	382
451	413
451	414
451	469
451	474
451	478
451	489
451	495
452	1
452	332
452	335
452	342
452	352
452	357
452	366
452	369
452	413
452	415
452	424
452	426
452	437
452	440
452	443
452	462
452	469
452	474
452	483
452	489
452	491
453	1
453	32
453	44
453	90
453	122
453	128
453	130
453	131
453	220
453	242
453	362
453	387
453	413
453	418
453	423
453	444
453	462
453	476
453	477
453	478
453	492
454	11
454	14
454	42
454	48
454	75
454	119
454	194
454	216
454	217
454	234
454	265
454	266
454	310
454	339
454	343
454	358
454	395
454	424
454	436
454	461
454	467
454	469
455	6
455	47
455	49
455	68
455	76
455	150
455	169
455	172
455	184
455	241
455	248
455	266
455	271
455	287
455	315
455	317
455	348
455	375
455	392
455	427
455	431
455	467
456	59
456	158
456	179
456	182
456	192
456	204
456	219
456	238
456	332
456	348
456	353
456	379
456	380
456	407
456	425
456	434
456	437
456	458
456	464
456	465
456	490
456	497
457	74
457	129
457	136
457	184
457	194
457	205
457	206
457	326
457	345
457	346
457	361
457	383
457	389
457	393
457	411
457	419
457	420
457	431
457	445
457	485
457	493
457	500
458	60
458	165
458	208
458	213
458	275
458	279
458	319
458	332
458	348
458	360
458	365
458	400
458	425
458	448
458	456
458	477
458	478
458	483
458	490
458	496
458	497
458	499
459	15
459	33
459	51
459	62
459	78
459	136
459	168
459	183
459	254
459	286
459	289
459	319
459	341
459	347
459	360
459	362
459	369
459	421
459	430
459	463
459	465
459	500
460	14
460	31
460	179
460	188
460	200
460	210
460	232
460	293
460	298
460	343
460	354
460	360
460	363
460	367
460	371
460	413
460	432
460	438
460	450
460	471
460	481
460	486
460	498
461	26
461	43
461	83
461	109
461	113
461	131
461	139
461	150
461	161
461	169
461	174
461	256
461	278
461	313
461	323
461	375
461	384
461	390
461	442
461	454
461	473
461	476
461	485
462	69
462	71
462	145
462	230
462	252
462	288
462	335
462	347
462	366
462	368
462	373
462	404
462	413
462	415
462	421
462	437
462	440
462	452
462	453
462	486
462	489
462	491
462	499
463	2
463	62
463	76
463	85
463	87
463	98
463	108
463	130
463	163
463	267
463	272
463	282
463	286
463	347
463	383
463	430
463	435
463	438
463	446
463	448
463	459
463	488
463	500
464	45
464	94
464	99
464	168
464	188
464	253
464	258
464	277
464	304
464	305
464	307
464	327
464	333
464	357
464	374
464	380
464	405
464	424
464	446
464	456
464	473
464	479
464	488
465	8
465	15
465	38
465	98
465	108
465	133
465	157
465	183
465	228
465	267
465	268
465	286
465	368
465	376
465	413
465	421
465	430
465	456
465	459
465	472
465	477
465	481
465	485
465	496
466	12
466	36
466	97
466	162
466	176
466	203
466	207
466	214
466	229
466	256
466	259
466	303
466	324
466	339
466	359
466	388
466	426
466	467
466	479
466	481
466	482
466	484
466	494
466	499
467	36
467	37
467	97
467	138
467	147
467	152
467	181
467	219
467	223
467	324
467	377
467	392
467	397
467	417
467	432
467	454
467	455
467	466
467	473
467	479
467	481
467	482
467	494
467	499
468	101
468	116
468	126
468	200
468	205
468	211
468	224
468	291
468	292
468	328
468	338
468	345
468	349
468	360
468	366
468	393
468	406
468	417
468	422
468	430
468	431
468	441
468	480
468	500
469	26
469	38
469	58
469	91
469	106
469	151
469	180
469	189
469	206
469	281
469	315
469	348
469	359
469	382
469	389
469	414
469	417
469	420
469	451
469	452
469	454
469	474
469	488
469	495
470	7
470	13
470	30
470	38
470	93
470	99
470	103
470	123
470	235
470	279
470	289
470	291
470	307
470	319
470	325
470	351
470	352
470	372
470	384
470	403
470	422
470	444
470	447
470	450
471	9
471	31
471	37
471	79
471	173
471	179
471	188
471	210
471	293
471	308
471	363
471	364
471	371
471	374
471	387
471	396
471	399
471	412
471	438
471	440
471	460
471	483
471	486
471	490
472	20
472	46
472	80
472	82
472	114
472	134
472	150
472	154
472	163
472	180
472	186
472	196
472	262
472	275
472	285
472	318
472	336
472	369
472	372
472	404
472	405
472	444
472	465
472	481
472	482
473	3
473	45
473	56
473	123
473	146
473	155
473	168
473	241
473	244
473	277
473	282
473	304
473	307
473	327
473	333
473	361
473	362
473	420
473	424
473	425
473	461
473	464
473	467
473	483
473	488
474	9
474	26
474	52
474	58
474	94
474	115
474	116
474	151
474	189
474	253
474	279
474	281
474	299
474	353
474	382
474	398
474	414
474	431
474	441
474	445
474	451
474	452
474	469
474	487
474	498
475	3
475	23
475	31
475	106
475	110
475	185
475	234
475	258
475	265
475	312
475	373
475	376
475	398
475	408
475	416
475	419
475	424
475	427
475	428
475	434
475	445
475	483
475	493
475	495
475	498
476	35
476	118
476	119
476	127
476	148
476	154
476	164
476	169
476	172
476	246
476	256
476	264
476	297
476	300
476	306
476	311
476	313
476	367
476	397
476	408
476	421
476	430
476	453
476	461
476	485
477	1
477	88
477	100
477	128
477	137
477	202
477	221
477	230
477	242
477	252
477	299
477	327
477	351
477	368
477	418
477	422
477	429
477	436
477	453
477	458
477	465
477	478
477	485
477	491
477	493
478	130
478	137
478	182
478	221
478	232
478	245
478	250
478	257
478	299
478	328
478	347
478	357
478	362
478	377
478	382
478	387
478	406
478	418
478	420
478	422
478	429
478	451
478	453
478	458
478	477
479	80
479	104
479	143
479	156
479	176
479	300
479	303
479	349
479	366
479	377
479	379
479	390
479	391
479	394
479	402
479	414
479	464
479	466
479	467
479	481
479	482
479	493
479	494
479	496
479	499
480	15
480	41
480	53
480	73
480	89
480	121
480	122
480	140
480	171
480	195
480	196
480	250
480	260
480	267
480	322
480	326
480	361
480	367
480	406
480	468
480	483
480	484
480	490
480	496
480	498
481	143
481	158
481	223
481	259
481	278
481	300
481	303
481	307
481	317
481	324
481	332
481	388
481	402
481	407
481	444
481	460
481	465
481	466
481	467
481	472
481	479
481	482
481	494
481	496
481	499
482	59
482	69
482	98
482	118
482	138
482	147
482	156
482	158
482	203
482	270
482	274
482	275
482	290
482	300
482	314
482	381
482	388
482	415
482	466
482	467
482	472
482	479
482	481
482	490
482	494
482	499
483	32
483	41
483	73
483	121
483	166
483	195
483	200
483	211
483	227
483	250
483	260
483	292
483	312
483	326
483	361
483	406
483	433
483	447
483	448
483	452
483	458
483	471
483	473
483	475
483	480
483	484
484	3
484	32
484	41
484	121
484	124
484	139
484	140
484	166
484	171
484	195
484	218
484	250
484	260
484	277
484	284
484	326
484	331
484	356
484	361
484	382
484	387
484	406
484	411
484	466
484	480
484	483
484	491
485	53
485	63
485	74
485	82
485	110
485	187
485	188
485	197
485	217
485	240
485	297
485	339
485	381
485	385
485	390
485	394
485	395
485	423
485	426
485	439
485	457
485	461
485	465
485	476
485	477
485	492
485	498
486	12
486	37
486	73
486	92
486	103
486	136
486	147
486	151
486	170
486	173
486	179
486	188
486	232
486	293
486	335
486	354
486	371
486	396
486	409
486	436
486	438
486	449
486	460
486	462
486	471
486	489
486	492
487	64
487	89
487	100
487	190
487	218
487	233
487	236
487	253
487	269
487	282
487	283
487	284
487	296
487	299
487	313
487	351
487	356
487	367
487	380
487	389
487	403
487	425
487	433
487	474
487	494
487	495
487	496
487	500
488	23
488	24
488	45
488	55
488	56
488	90
488	94
488	123
488	146
488	168
488	277
488	287
488	302
488	304
488	307
488	308
488	311
488	327
488	333
488	352
488	383
488	424
488	426
488	463
488	464
488	469
488	473
488	500
489	22
489	64
489	99
489	170
489	214
489	250
489	252
489	274
489	288
489	301
489	314
489	370
489	403
489	407
489	412
489	413
489	415
489	435
489	436
489	437
489	440
489	443
489	451
489	452
489	462
489	486
489	491
489	496
490	4
490	18
490	165
490	233
490	237
490	264
490	274
490	275
490	287
490	290
490	334
490	348
490	353
490	379
490	401
490	411
490	425
490	435
490	437
490	439
490	440
490	446
490	456
490	458
490	471
490	480
490	482
490	497
491	10
491	53
491	69
491	145
491	162
491	170
491	208
491	225
491	252
491	287
491	294
491	296
491	300
491	310
491	335
491	342
491	358
491	375
491	393
491	415
491	432
491	440
491	443
491	452
491	462
491	477
491	484
491	489
492	15
492	16
492	124
492	133
492	164
492	187
492	188
492	195
492	197
492	206
492	217
492	240
492	269
492	322
492	349
492	353
492	381
492	385
492	395
492	400
492	408
492	417
492	426
492	439
492	445
492	453
492	485
492	486
493	35
493	110
493	113
493	143
493	185
493	203
493	207
493	234
493	258
493	302
493	313
493	315
493	355
493	358
493	376
493	377
493	380
493	398
493	408
493	410
493	412
493	416
493	450
493	457
493	475
493	477
493	479
493	498
494	90
494	92
494	97
494	104
494	138
494	143
494	184
494	203
494	223
494	246
494	267
494	273
494	285
494	297
494	303
494	324
494	327
494	376
494	397
494	406
494	444
494	466
494	467
494	479
494	481
494	482
494	487
494	496
494	499
495	10
495	40
495	51
495	95
495	96
495	122
495	142
495	155
495	214
495	245
495	298
495	329
495	330
495	341
495	344
495	356
495	360
495	363
495	376
495	377
495	407
495	409
495	414
495	426
495	446
495	451
495	469
495	475
495	487
496	17
496	18
496	64
496	76
496	233
496	236
496	253
496	269
496	282
496	283
496	284
496	288
496	294
496	296
496	351
496	403
496	408
496	422
496	433
496	441
496	445
496	458
496	465
496	479
496	480
496	481
496	487
496	489
496	494
497	7
497	91
497	112
497	145
497	149
497	173
497	228
497	238
497	246
497	264
497	271
497	275
497	285
497	287
497	290
497	332
497	353
497	362
497	365
497	369
497	379
497	398
497	399
497	423
497	425
497	446
497	456
497	458
497	490
498	3
498	23
498	42
498	49
498	93
498	126
498	132
498	152
498	234
498	287
498	301
498	302
498	313
498	320
498	356
498	359
498	369
498	376
498	377
498	408
498	409
498	416
498	418
498	444
498	460
498	474
498	475
498	480
498	485
498	493
499	35
499	36
499	59
499	136
499	141
499	147
499	156
499	165
499	176
499	203
499	225
499	300
499	303
499	324
499	325
499	352
499	395
499	416
499	432
499	434
499	446
499	450
499	458
499	462
499	466
499	467
499	479
499	481
499	482
499	494
500	33
500	61
500	88
500	116
500	200
500	205
500	211
500	224
500	276
500	284
500	305
500	314
500	320
500	328
500	338
500	345
500	349
500	350
500	354
500	393
500	394
500	400
500	434
500	441
500	457
500	459
500	463
500	468
500	487
500	488
