6.244894027709960938e+00 7.756063938140869141e+00
2.820365905761718750e+00 5.057674407958984375e+00
4.089922428131103516e+00 4.589392185211181641e+00
2.657024383544921875e+00 3.735649108886718750e+00
3.577759742736816406e+00 3.907977104187011719e+00
3.767289638519287109e+00 4.452984333038330078e+00
3.836600303649902344e+00 5.783782005310058594e+00
4.059223651885986328e+00 4.563435077667236328e+00
4.094017028808593750e+00 4.610546112060546875e+00
4.130556583404541016e+00 4.670132637023925781e+00
2.607428550720214844e+00 4.483214855194091797e+00
4.053352832794189453e+00 4.556881904602050781e+00
4.113880157470703125e+00 4.437376976013183594e+00
3.852295398712158203e+00 5.047105789184570312e+00
2.494354248046875000e+00 4.965654850006103516e+00
4.105364322662353516e+00 4.650126457214355469e+00
4.053352832794189453e+00 4.556881904602050781e+00
4.249398231506347656e+00 4.595407485961914062e+00
4.123699665069580078e+00 4.734132766723632812e+00
7.296666145324707031e+00 5.874410629272460938e+00
4.097628593444824219e+00 4.625679492950439453e+00
2.510082244873046875e+00 4.937233924865722656e+00
4.136010646820068359e+00 4.686101436614990234e+00
4.490723609924316406e+00 5.141670227050781250e+00
3.080172061920166016e+00 4.164007186889648438e+00
4.067574024200439453e+00 4.593017578125000000e+00
3.442185401916503906e+00 4.455406665802001953e+00
4.089294433593750000e+00 4.661208152770996094e+00
2.510082244873046875e+00 4.937233924865722656e+00
4.091779232025146484e+00 4.665344715118408203e+00
4.077556610107421875e+00 4.616724014282226562e+00
6.723657608032226562e+00 6.828904151916503906e+00
3.955104827880859375e+00 4.274949550628662109e+00
4.080614566802978516e+00 4.641788482666015625e+00
4.121365547180175781e+00 4.663444519042968750e+00
4.092572689056396484e+00 4.742682933807373047e+00
4.355542659759521484e+00 6.880953788757324219e+00
4.147701263427734375e+00 8.756150245666503906e+00
9.862226843833923340e-01 2.721410989761352539e+00
3.351490497589111328e+00 2.050437927246093750e+00
7.801994085311889648e-01 8.498984336853027344e+00
6.515250682830810547e+00 5.926745891571044922e+00
6.457639694213867188e+00 2.614248275756835938e+00
5.031162500381469727e-02 5.277090549468994141e+00
1.153231382369995117e+00 3.263238906860351562e+00
2.371192932128906250e+00 7.518465042114257812e+00
5.469676971435546875e+00 6.355295181274414062e+00
5.972261428833007812e-01 3.476214408874511719e+00
5.562438488006591797e+00 5.874626159667968750e+00
1.493058443069458008e+00 3.569505214691162109e+00
7.760529518127441406e-01 3.144301891326904297e+00
1.650331377983093262e+00 3.938699722290039062e+00
2.900681495666503906e+00 4.424663543701171875e+00
1.493327379226684570e+00 3.911696434020996094e+00
2.237929344177246094e+00 4.356921195983886719e+00
1.814895868301391602e+00 3.723556995391845703e+00
2.592851638793945312e+00 4.474590301513671875e+00
2.586195468902587891e+00 4.054749488830566406e+00
2.321782112121582031e+00 3.722445964813232422e+00
2.603042125701904297e+00 4.475889205932617188e+00
1.862792372703552246e+00 7.035754680633544922e+00
1.912288546562194824e+00 4.166705131530761719e+00
2.581258296966552734e+00 4.472756385803222656e+00
2.597696781158447266e+00 4.478104591369628906e+00
2.035454988479614258e+00 4.069808959960937500e+00
2.595876216888427734e+00 4.475855827331542969e+00
2.566933155059814453e+00 4.464887142181396484e+00
1.171181678771972656e+00 3.070465087890625000e+00
0.000000000000000000e+00 8.476655483245849609e-01
0.000000000000000000e+00 5.730283856391906738e-01
1.336346745491027832e+00 2.983799695968627930e+00
1.456513047218322754e+00 3.330291748046875000e+00
1.171405911445617676e+00 3.069758176803588867e+00
1.605234503746032715e+00 6.892641067504882812e+00
1.779090285301208496e+00 6.960123538970947266e+00
1.171548843383789062e+00 3.067813158035278320e+00
0.000000000000000000e+00 0.000000000000000000e+00
4.472731590270996094e+00 1.605694413185119629e+00
4.549221515655517578e+00 1.981926083564758301e+00
4.016292095184326172e+00 1.865681171417236328e+00
1.294906139373779297e+00 8.692710399627685547e-01
4.917055130004882812e+00 8.150976181030273438e+00
9.408956766128540039e-01 6.600687503814697266e-01
1.418620944023132324e+00 1.092085003852844238e+00
9.462112188339233398e-01 6.569430828094482422e-01
1.167154788970947266e+00 1.113274812698364258e+00
0.000000000000000000e+00 6.868731498718261719e+00
7.477263212203979492e-01 4.107989311218261719e+00
1.581517457962036133e-01 8.057049751281738281e+00
7.510311603546142578e-01 4.098871231079101562e+00
0.000000000000000000e+00 4.848878860473632812e+00
0.000000000000000000e+00 4.178445816040039062e+00
7.447078824043273926e-01 6.890373229980468750e+00
0.000000000000000000e+00 3.419804096221923828e+00
4.577943086624145508e-01 5.805350303649902344e+00
7.593952417373657227e-01 4.046485424041748047e+00
7.538489103317260742e-01 4.044023513793945312e+00
7.339773774147033691e-01 4.182674884796142578e+00
6.543295979499816895e-01 7.256411552429199219e+00
3.182302117347717285e-01 4.013839244842529297e+00
7.521202564239501953e-01 4.183160781860351562e+00
7.582072019577026367e-01 5.913260459899902344e+00
7.524329423904418945e-01 4.124162673950195312e+00
7.279939651489257812e-01 5.054537773132324219e+00
7.554754018783569336e-01 4.105570316314697266e+00
7.163851261138916016e-01 4.065466403961181641e+00
5.805189013481140137e-01 4.239229202270507812e+00
7.142880558967590332e-01 4.277881622314453125e+00
5.698955655097961426e-01 4.214141845703125000e+00
7.200506329536437988e-01 4.263859748840332031e+00
5.257622599601745605e-01 4.267779827117919922e+00
7.002883553504943848e-01 4.044646263122558594e+00
0.000000000000000000e+00 3.407143354415893555e+00
2.798487544059753418e-01 4.020157337188720703e+00
6.834238767623901367e-01 4.131836891174316406e+00
5.318848490715026855e-01 4.163339614868164062e+00
4.396354675292968750e+00 5.833683967590332031e+00
0.000000000000000000e+00 3.407143354415893555e+00
4.537391185760498047e+00 6.207518577575683594e+00
2.160989046096801758e+00 1.075823187828063965e+00
3.087158203125000000e+00 4.075667381286621094e+00
3.084105968475341797e+00 4.109811305999755859e+00
3.081540107727050781e+00 4.132383823394775391e+00
2.897527217864990234e+00 3.894886493682861328e+00
5.798301219940185547e+00 5.295367240905761719e+00
6.022941112518310547e+00 5.036202430725097656e+00
5.677173137664794922e-01 2.895874977111816406e+00
2.744794368743896484e+00 1.951403141021728516e+00
2.595996379852294922e+00 2.196780681610107422e+00
2.944229602813720703e+00 1.683151245117187500e+00
3.053646087646484375e+00 5.921657562255859375e+00
5.132637977600097656e+00 8.402085304260253906e-01
3.460821628570556641e+00 6.620746135711669922e+00
7.509802818298339844e+00 4.291568279266357422e+00
2.265089511871337891e+00 0.000000000000000000e+00
5.043365359306335449e-01 2.545711755752563477e+00
8.441002964973449707e-01 2.502509117126464844e+00
3.259089946746826172e+00 3.749458312988281250e+00
1.917385339736938477e+00 2.742885589599609375e+00
5.521426200866699219e+00 4.088440895080566406e+00
0.000000000000000000e+00 2.793240547180175781e+00
9.109282493591308594e-01 6.676733970642089844e+00
0.000000000000000000e+00 3.137451171875000000e+00
8.147847652435302734e-02 3.419050216674804688e+00
4.525923728942871094e-02 3.413472652435302734e+00
1.469397544860839844e-01 3.489119529724121094e+00
1.842919588088989258e-01 3.440000534057617188e+00
1.562583446502685547e-01 3.434368610382080078e+00
1.659204363822937012e-01 3.435739517211914062e+00
0.000000000000000000e+00 3.138554096221923828e+00
1.642081737518310547e-01 3.433513164520263672e+00
8.473825454711914062e-02 3.418623924255371094e+00
1.741086840629577637e-01 3.438354969024658203e+00
1.028203964233398438e-01 3.423305034637451172e+00
6.467508316040039062e+00 4.631830215454101562e+00
4.878447532653808594e+00 7.244920730590820312e+00
5.260517120361328125e+00 4.622084617614746094e+00
6.307931423187255859e+00 2.854430437088012695e+00
4.594725608825683594e+00 4.348824501037597656e+00
3.722623348236083984e+00 7.386471748352050781e+00
5.911876201629638672e+00 4.320609092712402344e+00
6.123154163360595703e+00 1.711912512779235840e+00
4.971647739410400391e+00 5.087788581848144531e+00
5.491796970367431641e+00 4.044646739959716797e+00
5.304597854614257812e+00 2.997059345245361328e+00
6.600682258605957031e+00 3.545254945755004883e+00
6.163621425628662109e+00 4.034419059753417969e+00
5.450820446014404297e+00 3.947975158691406250e+00
5.510608196258544922e+00 4.050925254821777344e+00
4.933692932128906250e+00 3.796674013137817383e+00
5.502677917480468750e+00 4.049183845520019531e+00
5.488452434539794922e+00 4.033841133117675781e+00
5.901817798614501953e+00 3.317311525344848633e+00
5.485974311828613281e+00 3.989629745483398438e+00
5.488279342651367188e+00 4.045510292053222656e+00
5.496549129486083984e+00 4.007520198822021484e+00
5.937914848327636719e+00 4.310546398162841797e+00
5.513559341430664062e+00 4.032583236694335938e+00
5.620707988739013672e+00 4.023097515106201172e+00
5.496659278869628906e+00 4.037112712860107422e+00
5.483339309692382812e+00 4.071005821228027344e+00
5.494995117187500000e+00 4.058947563171386719e+00
5.501970767974853516e+00 4.050948143005371094e+00
5.469812393188476562e+00 3.959507465362548828e+00
5.512572288513183594e+00 4.006935596466064453e+00
5.260517120361328125e+00 4.622084617614746094e+00
5.396920204162597656e+00 3.630779504776000977e+00
5.471959590911865234e+00 3.985364675521850586e+00
5.586472988128662109e+00 4.053943634033203125e+00
5.594164848327636719e+00 4.029109001159667969e+00
5.502605438232421875e+00 4.058123588562011719e+00
6.163621902465820312e+00 4.034419059753417969e+00
3.109643936157226562e+00 8.148491859436035156e+00
4.231382012367248535e-01 7.604914903640747070e-01
1.498904585838317871e+00 2.008127212524414062e+00
1.463225007057189941e+00 6.082170486450195312e+00
1.507049560546875000e+00 2.009147882461547852e+00
1.501601696014404297e+00 2.003288984298706055e+00
1.481566786766052246e+00 1.971775293350219727e+00
1.640416622161865234e+00 1.951588869094848633e+00
3.597340583801269531e+00 1.537179589271545410e+00
1.781391143798828125e+00 5.169683456420898438e+00
2.078678131103515625e+00 5.843151092529296875e+00
4.014990806579589844e+00 1.189690709114074707e+00
4.482645034790039062e+00 1.288699984550476074e+00
4.484138011932373047e+00 1.287912607192993164e+00
4.472724437713623047e+00 1.279269576072692871e+00
4.476460933685302734e+00 1.282044410705566406e+00
4.480489730834960938e+00 1.289192795753479004e+00
3.764612197875976562e+00 1.983781933784484863e+00
2.529806613922119141e+00 1.575119733810424805e+00
2.110478639602661133e+00 1.525661587715148926e+00
2.621747970581054688e+00 1.380964636802673340e+00
9.784182906150817871e-01 2.728255987167358398e+00
2.573435902595520020e-01 0.000000000000000000e+00
2.281166553497314453e+00 1.342759728431701660e+00
3.323780536651611328e+00 2.411520719528198242e+00
1.243562817573547363e+00 1.341867327690124512e+00
2.276466846466064453e+00 1.341433286666870117e+00
2.159372091293334961e+00 1.072614789009094238e+00
2.546514868736267090e-01 0.000000000000000000e+00
6.148551464080810547e+00 7.735747098922729492e-01
3.700529098510742188e+00 2.714713335037231445e+00
1.403814435005187988e+00 4.234844744205474854e-01
2.412757396697998047e+00 1.153205752372741699e+00
2.164501667022705078e+00 1.055212378501892090e+00
2.159407615661621094e+00 1.072555422782897949e+00
2.159315586090087891e+00 1.072620511054992676e+00
4.559379577636718750e+00 3.281822681427001953e+00
2.857833385467529297e+00 9.041851162910461426e-01
3.060417652130126953e+00 1.904131770133972168e+00
3.368919849395751953e+00 1.770406842231750488e+00
1.615586638450622559e+00 1.653942465782165527e+00
4.195529460906982422e+00 3.558449506759643555e+00
1.769622921943664551e+00 2.549865484237670898e+00
2.383877277374267578e+00 2.327512502670288086e+00
2.783676981925964355e-02 1.304638624191284180e+00
3.653115749359130859e+00 3.226300239562988281e+00
4.128381729125976562e+00 2.819091796875000000e+00
4.175967693328857422e+00 3.077727794647216797e+00
3.207436084747314453e+00 7.429021596908569336e-01
2.935333251953125000e+00 9.126851707696914673e-02
3.005460739135742188e+00 4.660352468490600586e-01
1.864151000976562500e+00 4.648930072784423828e+00
1.095573663711547852e+00 4.612395763397216797e+00
2.134799480438232422e+00 4.923199653625488281e+00
1.510949254035949707e+00 4.404335021972656250e+00
1.864041686058044434e+00 4.645864486694335938e+00
2.427449226379394531e+00 5.436901092529296875e+00
1.289500951766967773e+00 4.564794540405273438e+00
1.211088776588439941e+00 4.180562973022460938e+00
1.175659179687500000e+00 5.340719223022460938e+00
1.111480593681335449e+00 4.618820667266845703e+00
1.290112853050231934e+00 4.569363594055175781e+00
1.290167093276977539e+00 4.566591739654541016e+00
1.437353849411010742e+00 4.828356742858886719e+00
2.650232315063476562e+00 1.150955557823181152e+00
2.882921218872070312e+00 6.269053459167480469e+00
3.341666221618652344e+00 1.584125757217407227e+00
2.170812368392944336e+00 2.232133388519287109e+00
9.815819263458251953e-01 2.725627660751342773e+00
1.563362002372741699e+00 2.799258232116699219e+00
1.563890933990478516e+00 2.796673059463500977e+00
1.539541006088256836e+00 2.818672418594360352e+00
1.563528418540954590e+00 2.797197818756103516e+00
1.556452751159667969e+00 2.809970855712890625e+00
1.763405323028564453e+00 1.503423929214477539e+00
4.327897548675537109e+00 2.748426437377929688e+00
3.696607589721679688e+00 2.713926553726196289e+00
1.924030900001525879e+00 1.278644680976867676e+00
1.920974969863891602e+00 1.285063862800598145e+00
1.642151474952697754e+00 7.713292121887207031e+00
2.954599261283874512e-02 1.298965334892272949e+00
3.099253654479980469e+00 3.620562076568603516e+00
2.830838203430175781e+00 3.676563739776611328e+00
2.918381690979003906e+00 3.480693817138671875e+00
2.932579040527343750e+00 3.460671186447143555e+00
2.930106163024902344e+00 3.463712215423583984e+00
2.924454212188720703e+00 3.472914218902587891e+00
2.299530982971191406e+00 2.299316644668579102e+00
0.000000000000000000e+00 0.000000000000000000e+00
2.175229787826538086e-02 1.308328270912170410e+00
2.468290925025939941e-02 1.311696052551269531e+00
2.706320583820343018e-02 1.311305522918701172e+00
2.368995547294616699e-02 1.310403466224670410e+00
2.345415949821472168e-02 1.310846686363220215e+00
3.253877162933349609e-02 1.297598481178283691e+00
3.600589752197265625e+00 7.354112625122070312e+00
8.123676776885986328e-01 1.636762619018554688e+00
0.000000000000000000e+00 1.931749701499938965e+00
1.222798228263854980e+00 1.736420512199401855e+00
2.308084487915039062e+00 2.285943746566772461e+00
2.257501602172851562e+00 2.226327896118164062e+00
2.456424236297607422e+00 2.397853374481201172e+00
2.462685108184814453e+00 3.586980819702148438e+00
1.699760198593139648e+00 3.107099533081054688e+00
2.197175502777099609e+00 2.301058530807495117e+00
1.978071808815002441e+00 6.659111976623535156e+00
2.189974784851074219e+00 2.221391677856445312e+00
2.156989723443984985e-01 4.886101484298706055e-01
2.154287695884704590e-01 4.892559051513671875e-01
2.153871059417724609e-01 4.891363382339477539e-01
1.776910424232482910e+00 6.388815402984619141e+00
2.152410596609115601e-01 4.892008304595947266e-01
4.104380130767822266e+00 2.369982481002807617e+00
3.351774692535400391e+00 2.043678998947143555e+00
4.397767066955566406e+00 7.644034028053283691e-01
3.352017402648925781e+00 2.042428731918334961e+00
3.351108551025390625e+00 2.044361352920532227e+00
3.356515884399414062e+00 2.267697811126708984e+00
3.361407756805419922e+00 2.053451299667358398e+00
1.018317818641662598e+00 0.000000000000000000e+00
2.630445957183837891e-01 0.000000000000000000e+00
2.639112174510955811e-01 0.000000000000000000e+00
2.635048031806945801e-01 0.000000000000000000e+00
4.315215587615966797e+00 0.000000000000000000e+00
2.439343482255935669e-01 0.000000000000000000e+00
2.692984342575073242e-01 0.000000000000000000e+00
2.651352882385253906e-01 0.000000000000000000e+00
5.838789343833923340e-01 0.000000000000000000e+00
1.670257091522216797e+00 2.617545366287231445e+00
2.031292915344238281e+00 1.628614425659179688e+00
3.574944972991943359e+00 1.038218960165977478e-01
2.057802677154541016e+00 1.763342380523681641e+00
3.827658176422119141e+00 3.567596077919006348e-01
5.621861815452575684e-01 2.891493797302246094e+00
8.353757262229919434e-01 2.814458608627319336e+00
5.648126006126403809e-01 2.891377449035644531e+00
5.834859013557434082e-01 2.884206771850585938e+00
2.793378353118896484e+00 2.412489891052246094e+00
1.909316778182983398e+00 5.286649465560913086e-01
2.128959655761718750e+00 2.201256752014160156e+00
9.854820966720581055e-01 2.722403526306152344e+00
9.731656908988952637e-01 2.733508110046386719e+00
1.123191356658935547e+00 2.555413722991943359e+00
9.851015210151672363e-01 2.722701072692871094e+00
9.730610251426696777e-01 2.733688354492187500e+00
3.394549369812011719e+00 1.077129960060119629e+00
3.393263339996337891e+00 1.076686978340148926e+00
5.031430721282958984e+00 1.606176972389221191e+00
3.704715728759765625e+00 2.717826843261718750e+00
1.921635508537292480e+00 2.269569158554077148e+00
2.243904113769531250e+00 2.276156663894653320e+00
2.413717746734619141e+00 2.308821439743041992e+00
5.806089043617248535e-01 1.999060511589050293e+00
3.127913475036621094e+00 6.835588455200195312e+00
3.461147785186767578e+00 2.785593986511230469e+00
3.691078662872314453e+00 2.711339235305786133e+00
3.973844528198242188e+00 2.608022928237915039e+00
3.701919555664062500e+00 2.727374076843261719e+00
3.698924541473388672e+00 2.723927021026611328e+00
3.744303703308105469e+00 2.707259178161621094e+00
4.058297634124755859e+00 3.830538749694824219e+00
3.472681999206542969e+00 2.530784606933593750e+00
1.163398742675781250e+00 1.937017083168029785e+00
2.008986949920654297e+00 6.734714508056640625e+00
2.812001705169677734e+00 2.431993484497070312e+00
1.669117093086242676e+00 2.616436004638671875e+00
5.693530440330505371e-01 5.526670217514038086e-01
2.575541973114013672e+00 4.668900370597839355e-01
2.566634178161621094e+00 8.021742701530456543e-01
4.336740970611572266e+00 2.226596117019653320e+00
2.565371513366699219e+00 8.002664446830749512e-01
1.877412796020507812e+00 1.781153917312622070e+00
1.690899610519409180e+00 3.123264789581298828e+00
4.079603195190429688e+00 5.392841100692749023e-01
2.033682346343994141e+00 6.633874893188476562e+00
1.900389909744262695e+00 6.546227455139160156e+00
9.245513081550598145e-01 1.280789494514465332e+00
1.360799551010131836e+00 1.581715941429138184e+00
1.923206567764282227e+00 2.079986572265625000e+00
3.162583351135253906e+00 2.514558792114257812e+00
2.951629638671875000e+00 2.856014251708984375e+00
3.180768489837646484e+00 2.567546844482421875e+00
4.250077307224273682e-01 1.574355840682983398e+00
3.181795597076416016e+00 2.565208435058593750e+00
1.967149376869201660e+00 6.588914394378662109e+00
1.669628739356994629e+00 2.617205142974853516e+00
1.208681702613830566e+00 2.249437421560287476e-01
1.210903763771057129e+00 2.265075445175170898e-01
4.080320358276367188e+00 5.389616489410400391e-01
4.079797744750976562e+00 5.354905128479003906e-01
5.150648593902587891e+00 2.390705108642578125e+00
1.700107932090759277e+00 3.104598999023437500e+00
1.939432144165039062e+00 6.777057647705078125e+00
1.779332041740417480e+00 1.916717290878295898e+00
1.779332041740417480e+00 1.916717290878295898e+00
1.539290547370910645e+00 1.315015673637390137e+00
1.383107066154479980e+00 2.499880790710449219e+00
1.535966277122497559e+00 1.315707206726074219e+00
2.353677272796630859e+00 2.573942899703979492e+00
2.293529510498046875e+00 2.280592918395996094e+00
3.073338985443115234e+00 2.148003101348876953e+00
2.290538311004638672e+00 2.238913536071777344e+00
1.623111605644226074e+00 1.647847056388854980e+00
1.779647231101989746e+00 1.917332410812377930e+00
3.010503292083740234e+00 2.288078069686889648e+00
2.759592056274414062e+00 2.246252775192260742e+00
2.805487155914306641e+00 2.436961650848388672e+00
2.612615585327148438e+00 2.388052463531494141e+00
3.264803409576416016e+00 3.747720718383789062e+00
2.780787944793701172e+00 2.664086341857910156e+00
2.295840263366699219e+00 2.243658542633056641e+00
2.373101711273193359e+00 2.282033443450927734e+00
6.077058315277099609e-01 6.115438938140869141e-01
2.511837959289550781e+00 2.336285114288330078e+00
2.450037479400634766e+00 2.303506851196289062e+00
7.487426400184631348e-01 9.145836830139160156e-01
2.482062339782714844e+00 2.391235828399658203e+00
2.368839263916015625e+00 2.318583011627197266e+00
2.370926380157470703e+00 2.267233371734619141e+00
2.355859756469726562e+00 2.576946258544921875e+00
1.987585425376892090e+00 3.274363517761230469e+00
2.342405319213867188e+00 3.104681968688964844e+00
2.519699573516845703e+00 3.267905712127685547e+00
1.549339532852172852e+00 2.289681434631347656e+00
2.172564506530761719e+00 6.151646375656127930e-01
2.377222061157226562e+00 2.365090847015380859e+00
2.178458213806152344e+00 2.748456716537475586e+00
1.973004341125488281e+00 6.725795745849609375e+00
6.156694293022155762e-01 5.853793025016784668e-01
1.921592831611633301e+00 2.269536495208740234e+00
2.146070003509521484e+00 2.217537641525268555e+00
4.632637500762939453e+00 2.669181346893310547e+00
2.527777671813964844e+00 2.338951587677001953e+00
1.702516078948974609e+00 3.099647045135498047e+00
2.263713359832763672e+00 2.295459508895874023e+00
6.045568585395812988e-01 6.131088733673095703e-01
2.922629356384277344e+00 2.924768924713134766e+00
2.913471698760986328e+00 2.895886421203613281e+00
1.615731358528137207e+00 1.660044193267822266e+00
4.328270435333251953e+00 2.748639106750488281e+00
6.205058693885803223e-01 5.745232701301574707e-01
1.836115717887878418e+00 3.463158130645751953e+00
2.650992870330810547e+00 2.378091812133789062e+00
9.580832719802856445e-01 2.020519256591796875e+00
1.867227673530578613e+00 1.765131115913391113e+00
2.659359455108642578e+00 2.946175098419189453e+00
2.050982475280761719e+00 6.655706882476806641e+00
1.822124242782592773e+00 2.858288288116455078e+00
1.923161864280700684e+00 1.279245018959045410e+00
2.197766780853271484e+00 1.964112162590026855e+00
1.769319891929626465e+00 1.046501517295837402e+00
1.889836072921752930e+00 1.745596528053283691e+00
3.254188060760498047e+00 3.751583337783813477e+00
3.266290187835693359e+00 3.348634243011474609e+00
3.268802642822265625e+00 3.746225357055664062e+00
1.536367416381835938e+00 1.317854166030883789e+00
1.501823186874389648e+00 1.586099982261657715e+00
4.328345775604248047e+00 2.748706817626953125e+00
2.235476970672607422e+00 2.243844509124755859e+00
2.155411720275878906e+00 2.234983682632446289e+00
1.937743425369262695e+00 6.556495666503906250e+00
2.336892127990722656e+00 2.254011869430541992e+00
3.324130058288574219e+00 2.411713123321533203e+00
1.925167441368103027e+00 6.536996841430664062e+00
5.833423137664794922e-01 5.444360971450805664e-01
2.168052673339843750e+00 2.206675052642822266e+00
1.136962175369262695e+00 2.120172977447509766e+00
2.028493404388427734e+00 6.632596015930175781e+00
2.617200851440429688e+00 1.832622885704040527e+00
2.408464431762695312e+00 1.885135293006896973e+00
2.780929565429687500e+00 2.664160013198852539e+00
1.719780087471008301e+00 6.713114738464355469e+00
2.185957431793212891e+00 1.996972560882568359e+00
4.327807426452636719e+00 2.748265743255615234e+00
1.556775093078613281e+00 2.289099693298339844e+00
1.769302964210510254e+00 1.046336889266967773e+00
2.198056221008300781e+00 2.279741764068603516e+00
1.359508991241455078e+00 1.564602136611938477e+00
1.362431049346923828e+00 1.578750133514404297e+00
1.618777513504028320e+00 1.659298062324523926e+00
3.739686012268066406e+00 7.262952327728271484e-01
1.765199542045593262e+00 6.775074005126953125e+00
1.148802638053894043e+00 7.273882389068603516e+00
2.537541389465332031e+00 2.429237127304077148e+00
2.180840969085693359e+00 2.297253608703613281e+00
2.343867301940917969e+00 2.274668693542480469e+00
1.616625666618347168e+00 1.642773628234863281e+00
1.553012132644653320e+00 1.718603253364562988e+00
2.246815204620361328e+00 2.234779834747314453e+00
2.218758583068847656e+00 2.632291078567504883e+00
2.031586647033691406e+00 6.638461112976074219e+00
2.594964027404785156e+00 6.681301116943359375e+00
3.206994533538818359e+00 6.941286087036132812e+00
2.005409955978393555e+00 6.662081718444824219e+00
1.124108552932739258e+00 4.273694157600402832e-01
1.130391359329223633e+00 4.284991323947906494e-01
1.822776079177856445e+00 2.862650394439697266e+00
2.379523754119873047e+00 2.379798173904418945e+00
2.659692764282226562e+00 2.946478366851806641e+00
4.328058719635009766e+00 2.748492717742919922e+00
1.610693812370300293e+00 1.661327600479125977e+00
3.805536270141601562e+00 3.659777164459228516e+00
1.633791565895080566e+00 2.298208236694335938e+00
2.185605525970458984e+00 2.265910625457763672e+00
2.516838550567626953e+00 2.378293514251708984e+00
2.563446998596191406e+00 2.444766044616699219e+00
1.610982060432434082e+00 1.660928606986999512e+00
2.407185554504394531e+00 2.270210266113281250e+00
