0.6318992 -0.77505064 
-0.76092494 0.64884 
-0.74623454 0.66568315 
-0.74812746 0.66355497 
-0.73708695 0.67579794 
-0.7396958 0.67294145 
-0.73635787 0.67659235 
-0.789192 0.6141465 
-0.7864592 0.6176422 
-0.7358892 0.67710197 
-0.7469953 0.6648294 
-0.7372766 0.675591 
-0.839522 0.54332566 
-0.7361682 0.6767986 
-0.7453939 0.66662425 
-0.7705832 0.63733935 
-0.73670864 0.67621034 
-0.7454657 0.666544 
-0.7375531 0.6752891 
-0.77232105 0.63523245 
-0.73968196 0.67295665 
-0.7419462 0.67045933 
-0.73702806 0.67586213 
-0.7338197 0.6793443 
-0.7357636 0.67723846 
-0.736918 0.67598224 
-0.7413868 0.67107797 
-0.73746014 0.67539066 
-0.7404537 0.67210734 
-0.74157727 0.6708675 
-0.7364381 0.676505 
0.13630639 -0.9906667 
-0.7481434 0.6635371 
-0.7681559 0.6402629 
-0.78386897 0.6209263 
-0.74211234 0.6702755 
0.5626589 -0.8266891 
-0.91193944 0.4103249 
-0.74922967 0.66231036 
0.5290206 -0.84860903 
-0.7788639 0.627193 
-0.96366996 0.2670957 
0.6109375 -0.79167885 
0.65228605 -0.7579729 
0.6533361 -0.757068 
-0.7676327 0.64089 
-0.73814917 0.67463756 
0.5869984 -0.809588 
0.43951488 -0.89823526 
0.64175785 -0.76690733 
0.63574415 -0.7718998 
0.64219576 -0.7665407 
-0.74037594 0.6721931 
0.5689831 -0.82234925 
-0.74682033 0.6650258 
-0.7528431 0.6582001 
-0.76634914 0.6424243 
-0.7630077 0.6463893 
-0.7369667 0.67592895 
-0.7459239 0.6660312 
0.59228206 -0.8057307 
-0.7570423 0.65336597 
0.5370684 -0.84353864 
-0.7442169 0.66793793 
-0.7531574 0.65784043 
-0.7478601 0.66385645 
-0.7525136 0.65857667 
0.65644497 -0.75437397 
-0.82443 0.56596404 
0.5551213 -0.8317694 
-0.75857574 0.6515848 
0.65998966 -0.75127465 
0.6455469 -0.76372063 
0.6473294 -0.7622104 
0.6545135 -0.7560504 
0.6371466 -0.7707427 
0.6305016 -0.77618796 
0.62249523 -0.7826235 
-0.7638495 0.6453944 
-0.19444741 -0.9809129 
0.63992476 -0.76843756 
0.5863418 -0.8100638 
0.6477482 -0.7618545 
-0.82077575 0.57125056 
0.65781516 -0.75317943 
-0.7476037 0.6641451 
-0.7697414 0.6383559 
0.6634914 -0.7481839 
0.6620956 -0.7494194 
0.6569128 -0.7539666 
0.56639665 -0.8241328 
0.6354417 -0.77214885 
0.46385264 -0.8859124 
0.6596935 -0.7515347 
0.63830954 -0.76977974 
-0.87383246 0.48622715 
0.6607566 -0.7506003 
0.65605086 -0.75471675 
0.6577796 -0.7532104 
-0.7638318 0.6454154 
0.64736605 -0.7621793 
0.56749356 -0.8233778 
0.6600243 -0.75124425 
0.5902256 -0.8072384 
0.66177756 -0.7497003 
0.6567154 -0.75413847 
0.6624948 -0.7490666 
0.660908 -0.75046694 
0.5959278 -0.8030381 
0.6506751 -0.7593562 
0.66071796 -0.7506343 
0.656344 -0.75446177 
0.6595431 -0.7516667 
0.59940153 -0.8004484 
0.65773517 -0.7532493 
0.65813905 -0.75289637 
0.6363649 -0.7713882 
0.65894306 -0.7521928 
-0.94159627 0.33674404 
-0.96072423 0.27750486 
-0.7897539 0.6134239 
-0.74601126 0.6659334 
0.63429755 -0.77308905 
-0.7395615 0.6730889 
0.6453494 -0.7638876 
0.5993039 -0.8005215 
0.633805 -0.77349293 
0.6576629 -0.75331235 
0.65966827 -0.7515569 
0.51837504 -0.8551534 
-0.7459883 0.66595906 
0.63105845 -0.7757353 
-0.750525 0.660842 
-0.74387646 0.66831714 
-0.74471575 0.6673817 
0.4846821 -0.87469035 
-0.7419666 0.67043674 
-0.7400836 0.6725149 
-0.7422276 0.67014784 
-0.7660059 0.6428336 
0.65598106 -0.7547774 
0.6579665 -0.75304717 
0.5354138 -0.8445899 
0.6602266 -0.7510665 
0.66189283 -0.74959856 
0.6568264 -0.75404185 
0.53843945 -0.84266424 
0.6622006 -0.7493265 
0.57061243 -0.82121956 
0.65158474 -0.75857586 
0.6567567 -0.75410247 
0.6508519 -0.7592047 
-0.95269835 0.30391765 
0.6584757 -0.752602 
-0.88875794 0.45837677 
0.6112408 -0.79144466 
-0.7833796 0.6215435 
-0.7484124 0.66323364 
-0.7591479 0.65091825 
0.6581146 -0.7529177 
-0.8691656 0.49452105 
0.64861816 -0.761114 
-0.7476476 0.6640957 
-0.74595773 0.6659933 
0.5023268 -0.86467785 
0.6513032 -0.75881755 
-0.747026 0.66479474 
0.6003757 -0.79971814 
-0.8156208 0.57858694 
-0.7520197 0.65914065 
0.615104 -0.788446 
0.6398256 -0.7685201 
0.6467053 -0.76273996 
-0.8136317 0.58138067 
-0.7411225 0.6713699 
-0.73747206 0.6753776 
0.6508366 -0.7592178 
-0.74413943 0.66802424 
0.267322 -0.9636072 
0.6246251 -0.7809248 
0.56411856 -0.82569385 
0.6576128 -0.75335616 
-0.81393915 0.58095014 
-0.077536926 -0.99698955 
-0.8307655 0.55662256 
-0.781402 0.62402815 
-0.76180696 0.6478041 
-0.7930545 0.60915065 
0.52562684 -0.85071516 
-0.97406137 -0.22628377 
-0.7475426 0.6642138 
-0.746986 0.6648397 
0.66022485 -0.75106806 
0.607562 -0.79427224 
0.5661812 -0.82428086 
-0.5740092 -0.8188489 
-0.7423481 0.6700144 
-0.74095106 0.6715589 
-0.7401138 0.6724818 
-0.7400777 0.67252135 
-0.7669747 0.6416773 
0.4981236 -0.8671061 
0.6585924 -0.75249994 
0.59179187 -0.80609083 
0.6580384 -0.75298446 
-0.77614856 0.6305502 
-0.7937793 0.6082059 
-0.7714614 0.63627607 
0.6393975 -0.7688763 
0.60714084 -0.7945942 
-0.73628116 0.6766758 
-0.7725756 0.6349228 
-0.73529744 0.67774457 
-0.73957545 0.67307377 
-0.7743146 0.6328009 
-0.7452682 0.66676474 
-0.7838004 0.6210128 
-0.73475415 0.67833346 
-0.7383091 0.6744625 
0.5462598 -0.8376158 
0.37842697 -0.92563117 
0.6608084 -0.7505547 
0.5034893 -0.86400145 
0.6290653 -0.7773525 
0.5192329 -0.85463274 
0.66180426 -0.74967664 
0.6574214 -0.7535231 
0.6392595 -0.7689911 
-0.7394086 0.673257 
-0.7055993 -0.70861095 
-0.7961982 0.6050359 
-0.7498121 0.6616507 
0.66107666 -0.7503184 
-0.7440746 0.66809654 
-0.7354597 0.67756844 
-0.73681355 0.676096 
-0.7389877 0.673719 
0.6221491 -0.7828988 
-0.7828185 0.6222501 
-0.7363187 0.6766349 
0.5472826 -0.8369479 
-0.7356044 0.6774113 
-0.9173869 -0.3979966 
-0.74382156 0.66837823 
-0.7620479 0.6475207 
0.58214784 -0.813083 
0.64175856 -0.7669068 
-0.741817 0.6706024 
-0.7372934 0.6755726 
-0.7427878 0.66952693 
0.6446288 -0.76449573 
-0.76271105 0.6467394 
-0.747249 0.66454417 
-0.74314797 0.66912717 
0.61341095 -0.7897639 
-0.7450676 0.6669889 
0.445979 -0.8950434 
0.62055176 -0.7841655 
-0.75800073 0.6522536 
-0.89982337 0.43625432 
-0.7518883 0.65929055 
0.54716605 -0.8370241 
0.65317804 -0.7572044 
-0.7529251 0.65810627 
0.33618405 -0.9417963 
0.59400904 -0.8044583 
0.6362379 -0.7714929 
0.65877897 -0.7523366 
0.65346193 -0.75695944 
0.66139966 -0.7500337 
0.6559184 -0.75483173 
-0.7789702 0.62706095 
-0.7357116 0.6772951 
-0.7359434 0.6770431 
-0.7365549 0.6763778 
-0.79195523 0.61057913 
-0.7762777 0.6303911 
0.35811085 -0.9336791 
-0.74273944 0.6695805 
-0.7384408 0.67431825 
-0.85444003 0.51955 
-0.8261982 0.5633795 
-0.7397324 0.67290115 
0.61268556 -0.79032683 
-0.7384504 0.6743078 
-0.7413673 0.6710995 
-0.78730243 0.616567 
0.6477616 -0.7618431 
0.6514615 -0.7586817 
-0.76872474 0.63957983 
0.6402122 -0.7681981 
-0.75789326 0.65237856 
0.6374335 -0.7705054 
-0.74083596 0.671686 
-0.7354257 0.6776054 
-0.74248266 0.6698653 
-0.7678846 0.6405881 
0.6562649 -0.75453055 
0.64730835 -0.7622283 
0.32508332 -0.9456854 
-0.7967324 0.6043322 
-0.75260097 0.6584769 
0.5948347 -0.80384815 
-0.7394391 0.6732235 
0.625414 -0.78029305 
0.6515591 -0.75859785 
0.6588827 -0.75224566 
0.6546462 -0.7559354 
0.45271993 -0.8916527 
0.64219075 -0.7665448 
0.6477771 -0.76182985 
0.62708294 -0.7789525 
0.5680336 -0.8230053 
0.5247559 -0.85125273 
-0.4175194 -0.90866804 
0.66077596 -0.75058323 
0.3378636 -0.9411951 
0.60822177 -0.79376715 
0.60642046 -0.79514414 
0.6492763 -0.7605525 
0.6569217 -0.7539588 
0.65536624 -0.75531125 
0.65658814 -0.75424933 
-0.85151756 0.524326 
0.6566364 -0.7542073 
0.6258458 -0.77994686 
-0.7478069 0.66391623 
-0.75737774 0.65297705 
-0.759562 0.65043473 
0.64564854 -0.76363474 
-0.73585373 0.6771405 
0.65984625 -0.7514006 
-0.9459466 0.3243226 
-0.8412803 0.5405992 
-0.7441558 0.6680061 
-0.7744537 0.6326306 
-0.73648655 0.6764522 
-0.9734754 0.22879188 
0.6529853 -0.75737065 
0.58388555 -0.811836 
0.63506365 -0.77245986 
0.6524191 -0.75785834 
0.6016894 -0.7987302 
0.6265792 -0.77935773 
0.6624011 -0.7491494 
-0.80768096 0.5896198 
0.23742224 -0.9714066 
0.6592719 -0.7519046 
0.6099849 -0.79241306 
0.65552866 -0.7551702 
0.66089296 -0.7504803 
0.651953 -0.7582594 
-0.7945701 0.60717237 
0.6226141 -0.7825291 
0.64704615 -0.7624509 
0.5245857 -0.85135764 
0.6126162 -0.79038054 
-0.7439773 0.66820484 
-0.74548 0.66652805 
0.59904706 -0.8007139 
0.6491099 -0.7606946 
0.51562566 -0.85681397 
0.65425164 -0.75627697 
0.64866513 -0.761074 
-0.76416165 0.6450248 
0.6624537 -0.7491029 
0.65955406 -0.7516571 
0.6597683 -0.7514691 
0.65928304 -0.7518949 
0.6172084 -0.7867998 
0.6627246 -0.74886316 
0.64794993 -0.761683 
0.64086765 -0.76765144 
-0.78781116 0.61591685 
0.64525956 -0.7639634 
-0.74884063 0.66275007 
0.6129041 -0.7901574 
-0.7372996 0.6755659 
-0.7499664 0.66147584 
-0.75075454 0.6605813 
0.6589562 -0.75218123 
0.6345341 -0.77289486 
-0.7504717 0.66090256 
0.045628913 -0.9989585 
0.652076 -0.7581537 
-0.7359762 0.6770074 
-0.7360284 0.67695075 
-0.7708369 0.6370326 
-0.77692753 0.62959003 
-0.7606894 0.64911616 
-0.7474969 0.66426533 
-0.8141144 0.58070445 
-0.77056915 0.6373564 
-0.7345172 0.67859006 
0.6521593 -0.75808203 
-0.7787635 0.6273176 
0.63788164 -0.77013445 
0.6615451 -0.7499053 
0.657232 -0.7536883 
-0.73490894 0.67816585 
-0.7527417 0.65831596 
-0.77457595 0.6324809 
0.30912036 -0.951023 
0.62638724 -0.77951205 
-0.7415437 0.6709045 
-0.7386983 0.67403615 
-0.73795503 0.67484987 
0.66399896 -0.74773353 
0.54457 -0.8387154 
-0.7432164 0.6690511 
-0.7563691 0.654145 
-0.30809328 -0.9513561 
-0.90685964 0.42143285 
0.57297754 -0.819571 
0.51117396 -0.8594772 
-0.7372759 0.6755917 
-0.745513 0.6664911 
0.6570405 -0.7538553 
-0.056887608 -0.99838066 
0.6547448 -0.75584996 
-0.7604465 0.6494006 
0.6544125 -0.7561377 
0.6569425 -0.75394064 
0.6027086 -0.7979614 
0.6577282 -0.7532553 
-0.74268603 0.6696398 
-0.7368226 0.67608607 
0.6587513 -0.7523607 
0.6596514 -0.75157166 
0.6339194 -0.77339906 
-0.7580398 0.65220845 
-0.9022081 0.43130085 
-0.73619705 0.67676723 
-0.7419293 0.6704781 
-0.7386027 0.67414105 
0.66214925 -0.74937195 
0.64763904 -0.7619473 
-0.8801571 0.47468227 
-0.7603016 0.6495702 
0.17515294 -0.98454124 
0.65991074 -0.751344 
-0.7378424 0.6749731 
-0.80792326 0.58928764 
0.656288 -0.7545105 
-0.73814625 0.6746408 
-0.74477386 0.66731685 
-0.73472905 0.6783607 
-0.7711899 0.63660514 
-0.74623436 0.6656833 
-0.8756489 0.48294827 
0.65299296 -0.757364 
-0.7355777 0.67744035 
0.6569947 -0.7538952 
0.66255826 -0.7490104 
0.64108735 -0.767468 
0.65504456 -0.7555903 
0.63760835 -0.77036065 
-0.74156845 0.6708772 
0.61247844 -0.79048723 
0.6557431 -0.7549841 
-0.90481704 0.42580047 
-0.73886204 0.6738568 
-0.7356239 0.67739016 
0.6611266 -0.7502744 
-0.77001643 0.63802403 
-0.74406725 0.6681047 
-0.73592067 0.67706776 
-0.53695774 -0.8436091 
-0.7364491 0.6764929 
-0.7372864 0.6755804 
-0.73605984 0.6769164 
0.65864706 -0.752452 
0.6642325 -0.74752605 
-0.9266563 0.37590963 
-0.74933624 0.6621896 
-0.749999 0.66143894 
0.65668607 -0.754164 
-0.7641517 0.64503664 
0.62757224 -0.7785584 
0.6402699 -0.76815003 
-0.36210534 -0.93213713 
-0.7448077 0.6672791 
0.65771 -0.7532712 
0.66079646 -0.7505651 
0.6388301 -0.7693478 
0.65637285 -0.75443673 
-0.7651452 0.6438577 
-0.7379372 0.6748693 
0.6048994 -0.79630184 
-0.7390802 0.6736174 
0.6285008 -0.7778089 
-0.84561026 0.5338008 
0.63236946 -0.77466697 
-0.7434902 0.6687467 
0.65999955 -0.75126606 
-0.78746307 0.61636174 
0.656299 -0.7545009 
-0.73706925 0.67581713 
0.6115632 -0.79119563 
0.6390312 -0.7691809 