1.165081501007080078e+01 1.217778778076171875e+01
4.845553398132324219e+00 1.155587768554687500e+01
1.270668745040893555e+00 6.380239963531494141e+00
6.682470321655273438e+00 1.385054492950439453e+01
1.555666255950927734e+01 2.421953773498535156e+01
2.014692687988281250e+01 4.456948852539062500e+01
1.165688610076904297e+01 1.473516178131103516e+01
5.101283073425292969e+00 1.439792919158935547e+01
6.578538417816162109e-01 1.065975761413574219e+01
2.458943605422973633e+00 6.800289154052734375e+00
1.333270549774169922e+01 3.253922271728515625e+01
1.714180946350097656e+01 1.197508907318115234e+01
0.000000000000000000e+00 4.993151664733886719e+00
2.933409500122070312e+01 1.123862171173095703e+01
1.482633352279663086e+00 2.005850982666015625e+01
1.087793445587158203e+01 1.619412422180175781e+01
2.245075607299804688e+01 3.520332336425781250e+01
1.608164787292480469e+01 1.155030250549316406e+01
1.505336284637451172e+01 6.267536640167236328e+00
4.684211254119873047e+00 2.732118368148803711e+00
2.063764572143554688e+01 3.573442840576171875e+01
2.096005439758300781e+01 3.625019836425781250e+01
0.000000000000000000e+00 9.892623901367187500e+00
2.237154579162597656e+01 3.719262313842773438e+01
3.801255035400390625e+01 4.636031341552734375e+01
1.895167160034179688e+01 3.643191146850585938e+01
1.408020496368408203e+01 2.440406608581542969e+01
5.852177143096923828e+00 3.322747039794921875e+01
1.033009338378906250e+01 2.259955215454101562e+01
1.282515335083007812e+01 2.751285171508789062e+01
7.530018329620361328e+00 7.917276859283447266e+00
1.669867134094238281e+01 3.245552062988281250e+00
0.000000000000000000e+00 1.506218051910400391e+01
5.641285419464111328e+00 2.132531166076660156e+01
0.000000000000000000e+00 3.066351509094238281e+01
1.356656360626220703e+01 1.424584293365478516e+01
1.259204959869384766e+01 3.510667800903320312e+01
1.428164541721343994e-01 1.369616794586181641e+01
1.388814151287078857e-01 1.383133602142333984e+01
2.111779451370239258e+00 2.561575698852539062e+01
2.700466394424438477e+00 2.514129257202148438e+01
1.953535652160644531e+01 2.058627891540527344e+01
1.117484664916992188e+01 2.468889236450195312e+01
1.622719383239746094e+01 5.533300876617431641e+00
6.743041515350341797e+00 2.574342536926269531e+01
2.092131042480468750e+01 2.108444786071777344e+01
1.768050384521484375e+01 2.014738082885742188e+01
1.809050559997558594e+01 1.744459152221679688e+01
3.640906333923339844e+00 6.402647018432617188e+00
2.835102319717407227e+00 6.263519763946533203e+00
9.114722251892089844e+00 1.086853218078613281e+01
4.037455081939697266e+00 3.717764139175415039e+00
1.212556266784667969e+01 5.647766590118408203e+00
7.130320072174072266e+00 5.478929519653320312e+00
4.974983215332031250e+00 5.989870071411132812e+00
2.580348777770996094e+01 3.381147766113281250e+01
8.998565673828125000e+00 4.284087181091308594e+00
3.559345722198486328e+00 7.396011948585510254e-01
2.921898269653320312e+01 1.581515979766845703e+01
1.341550230979919434e+00 0.000000000000000000e+00
2.545217895507812500e+01 3.009617614746093750e+01
3.892755746841430664e+00 1.467537403106689453e+00
1.327607250213623047e+01 9.631768226623535156e+00
5.019674301147460938e+00 1.052385210990905762e+00
5.146430969238281250e+00 0.000000000000000000e+00
4.614541053771972656e+00 2.199336290359497070e+00
5.108820915222167969e+00 2.499138593673706055e+00
6.521219253540039062e+00 2.005767345428466797e+00
6.657284259796142578e+00 3.730996370315551758e+00
1.658019828796386719e+01 1.359012126922607422e+01
8.265566825866699219e+00 4.862158775329589844e+00
1.603722572326660156e+01 8.876241683959960938e+00
2.922217941284179688e+01 2.426295471191406250e+01
1.196061897277832031e+01 7.499314785003662109e+00
3.801225662231445312e+00 5.084876060485839844e+00
2.097418975830078125e+01 1.360418033599853516e+01
1.194427490234375000e+01 6.387691497802734375e+00
2.559748077392578125e+01 3.086754608154296875e+01
3.571915054321289062e+01 4.173939895629882812e+01
3.301495361328125000e+01 3.854019927978515625e+01
3.874389266967773438e+01 4.582640838623046875e+01
3.498982620239257812e+01 4.052110290527343750e+01
4.651505661010742188e+01 3.309701538085937500e+01
2.669505500793457031e+01 3.628395843505859375e+01
2.651600646972656250e+01 2.376124763488769531e+01
3.091542243957519531e+01 3.007403182983398438e+01
3.074871826171875000e+01 8.574740409851074219e+00
3.993181610107421875e+01 2.985011863708496094e+01
2.754463577270507812e+01 2.126470375061035156e+01
9.026523828506469727e-01 7.851642608642578125e+00
9.372019767761230469e+00 9.896087646484375000e+00
5.114216804504394531e+00 2.524062871932983398e+00
9.537079811096191406e+00 3.484988689422607422e+00
2.117181587219238281e+01 1.749239540100097656e+01
3.597563505172729492e+00 3.662480354309082031e+00
4.752029895782470703e+00 3.662618875503540039e+00
1.243072700500488281e+01 4.478679656982421875e+00
1.907571983337402344e+01 5.650755405426025391e+00
1.013873481750488281e+01 2.384019851684570312e+00
2.206259250640869141e+00 2.915305376052856445e+00
1.140445137023925781e+01 0.000000000000000000e+00
1.496025276184082031e+01 3.653852939605712891e+00
6.741674900054931641e+00 0.000000000000000000e+00
1.653335380554199219e+01 4.818309843540191650e-01
2.254537582397460938e+01 1.468322634696960449e+00
2.118711471557617188e+01 2.706555366516113281e+00
2.865275955200195312e+01 6.348348617553710938e+00
3.448448562622070312e+01 7.378578186035156250e+00
1.106658267974853516e+01 1.232557582855224609e+01
3.633988571166992188e+01 8.008467674255371094e+00
3.514764022827148438e+01 9.085772514343261719e+00
3.705528640747070312e+01 1.628043365478515625e+01
1.453403377532958984e+01 7.982020854949951172e+00
1.277021503448486328e+01 1.133525753021240234e+01
1.516825866699218750e+01 1.249794483184814453e+01
1.048016548156738281e+01 9.635878562927246094e+00
9.991869926452636719e+00 9.096500396728515625e+00
1.115338897705078125e+01 1.122892379760742188e+01
1.449378776550292969e+01 1.273502254486083984e+01
6.442929267883300781e+00 9.345190048217773438e+00
6.400515556335449219e+00 8.699066162109375000e+00
7.324837684631347656e+00 9.730040550231933594e+00
6.443881034851074219e+00 9.839900016784667969e+00
6.184282779693603516e+00 1.072047424316406250e+01
5.309153079986572266e+00 7.184376716613769531e+00
5.949137687683105469e+00 1.584660053253173828e+01
9.819490432739257812e+00 1.927499008178710938e+01
6.790907859802246094e+00 5.906332969665527344e+00
1.264936161041259766e+01 1.468692874908447266e+01
1.407102203369140625e+01 1.893009376525878906e+01
9.672951698303222656e+00 1.231380939483642578e+01
1.558121919631958008e+00 3.267725944519042969e+00
7.622829675674438477e-01 1.509371519088745117e+00
4.489209365844726562e+01 2.630362701416015625e+01
1.108506202697753906e+01 1.385835933685302734e+01
6.085613727569580078e+00 7.144403934478759766e+00
2.839325666427612305e+00 4.269335746765136719e+00
8.606519699096679688e+00 6.471697330474853516e+00
8.550712585449218750e+00 5.934575080871582031e+00
1.007109069824218750e+01 7.366524219512939453e+00
3.289010286331176758e+00 1.700347900390625000e+01
8.250636458396911621e-01 5.168839931488037109e+00
2.971059799194335938e+00 5.139387607574462891e+00
1.590693712234497070e+00 5.358228206634521484e+00
3.514046907424926758e+00 2.681907176971435547e+00
0.000000000000000000e+00 4.636577129364013672e+00
2.600470185279846191e-02 3.634442806243896484e+00
1.278439617156982422e+01 1.527779293060302734e+01
9.026741981506347656e+00 8.595820426940917969e+00
3.758769989013671875e+01 1.712400817871093750e+01
3.716350555419921875e+01 1.963058090209960938e+01
3.910417175292968750e+01 1.784173965454101562e+01
3.748925018310546875e+01 1.694364356994628906e+01
3.774441909790039062e+01 1.832879638671875000e+01
4.238683319091796875e+01 2.311793899536132812e+01
4.653905487060546875e+01 2.671350097656250000e+01
3.623795318603515625e+01 2.088958358764648438e+01
3.736730957031250000e+01 2.210042190551757812e+01
4.331940078735351562e+01 2.570152282714843750e+01
3.805450820922851562e+01 2.378831863403320312e+01
2.721129608154296875e+01 1.161209011077880859e+01
1.654676628112792969e+01 1.231615066528320312e+01
5.961700916290283203e+00 4.233011722564697266e+00
7.606729030609130859e+00 3.189930915832519531e+01
1.008883094787597656e+01 2.953768157958984375e+01
8.544678688049316406e+00 3.186522674560546875e+01
8.183350563049316406e+00 2.132621383666992188e+01
6.097721576690673828e+00 1.957478904724121094e+01
4.875939369201660156e+00 5.208915710449218750e+00
3.986526966094970703e+00 3.206218481063842773e+00
9.444272041320800781e+00 5.476988315582275391e+00
4.065783023834228516e+00 4.764815330505371094e+00
2.156688928604125977e+00 3.841098785400390625e+00
1.558655548095703125e+01 1.897334289550781250e+01
1.655326843261718750e+01 2.180764770507812500e+01
2.171920013427734375e+01 1.609642219543457031e+01
2.087324523925781250e+01 1.487627124786376953e+01
2.604715538024902344e+01 1.685309600830078125e+01
2.996212577819824219e+01 1.972254371643066406e+01
5.303293704986572266e+00 1.048198986053466797e+01
2.236427688598632812e+01 1.553635025024414062e+01
2.611117362976074219e+01 1.701023101806640625e+01
2.980664634704589844e+01 1.832208251953125000e+01
4.556139945983886719e+00 9.963578224182128906e+00
1.926453232765197754e+00 1.072106266021728516e+01
2.334648847579956055e+00 8.208538055419921875e+00
2.554090023040771484e+00 5.629622936248779297e-01
3.229833841323852539e+00 1.072142505645751953e+01
0.000000000000000000e+00 1.692481398582458496e+00
0.000000000000000000e+00 2.674825191497802734e+00
0.000000000000000000e+00 0.000000000000000000e+00
0.000000000000000000e+00 8.149460554122924805e-01
1.866384506225585938e+01 2.459162902832031250e+01
2.151248693466186523e+00 1.735155463218688965e+00
1.513540029525756836e+00 1.785496354103088379e+00
2.849989175796508789e+00 2.499692678451538086e+00
6.275718212127685547e+00 4.160086154937744141e+00
2.715809440612792969e+01 3.302757263183593750e+01
2.457708549499511719e+01 3.389773941040039062e+01
