0 3
0 26
0 30
0 189
3 17
3 53
3 57
3 58
3 152
26 18
26 20
26 23
26 27
26 32
26 33
26 35
26 38
26 44
26 60
26 64
26 68
26 77
26 104
26 106
26 110
26 157
26 162
26 164
26 169
26 170
26 187
30 46
30 142
30 171
189 4
189 12
189 17
189 24
189 25
189 34
189 36
189 45
189 62
189 67
189 71
189 79
189 85
189 91
189 94
189 101
189 119
189 120
189 122
189 127
189 132
189 136
189 138
189 140
189 145
189 153
189 161
1 32
1 57
1 95
1 149
1 194
9 27
9 106
9 163
11 8
11 18
11 40
11 112
11 115
11 136
32 93
32 96
47 5
47 7
47 12
47 14
47 15
47 20
47 21
47 28
47 38
47 42
47 49
47 65
47 74
47 84
47 91
47 100
47 103
47 154
47 160
47 187
47 192
57 130
95 64
149 110
194 146
2 5
2 37
2 39
2 43
2 48
2 52
2 61
2 64
2 73
2 79
2 81
2 97
2 108
2 118
2 121
2 133
2 134
2 152
2 169
2 174
5 59
5 74
5 98
5 107
37 10
37 39
37 181
39 63
40 69
40 94
40 117
40 130
40 143
41 87
41 88
41 117
41 121
41 146
41 159
43 10
43 55
48 8
48 76
48 93
52 86
52 89
52 105
52 131
52 157
52 159
61 8
61 109
64 144
73 10
73 186
81 13
97 13
97 135
108 42
118 12
118 123
118 158
133 8
134 36
134 184
174 120
174 198
4 13
4 22
4 36
4 54
4 58
4 92
4 171
17 66
53 10
53 168
159 14
159 19
159 25
159 28
159 31
159 33
159 46
159 54
159 55
159 72
159 77
159 90
159 104
159 128
159 153
159 176
159 199
13 35
13 51
13 80
13 88
13 137
22 8
22 72
22 111
36 147
54 70
54 105
54 182
92 89
59 6
74 156
74 181
98 34
107 8
6 7
6 110
6 125
6 163
6 178
7 16
7 75
10 112
10 131
10 182
19 21
19 142
19 188
110 156
125 24
178 8
16 8
16 24
16 63
16 155
75 25
75 78
75 102
75 127
75 183
8 15
8 50
8 56
8 67
8 148
8 151
8 172
8 176
15 124
45 83
45 96
45 109
45 141
45 160
45 172
50 25
50 51
56 46
56 66
56 69
56 84
56 102
67 87
67 124
67 161
67 183
148 68
151 100
151 191
27 188
106 158
34 126
34 180
34 190
42 60
42 78
18 23
18 90
18 143
115 89
12 29
12 196
29 14
29 31
196 164
51 76
80 20
80 103
88 123
88 155
88 173
137 60
14 71
14 128
71 100
71 179
71 185
24 62
24 99
24 140
63 111
66 147
90 166
21 114
21 167
21 179
20 89
20 186
186 199
114 109
114 164
167 46
72 113
111 166
62 146
99 44
99 135
25 70
25 190
70 120
33 195
38 44
38 82
38 86
38 101
38 126
44 49
44 185
60 65
60 139
60 197
68 55
68 116
77 119
77 175
162 84
162 177
170 69
31 85
31 141
46 132
46 150
46 180
85 193
96 165
195 86
126 198
82 49
82 129
117 122
130 139
55 184
49 83
49 129
83 113
150 84
65 192
65 197
91 154
129 168
105 116
105 138
102 177
139 165
144 120
120 145
175 165
193 177
173 135
145 191
