0 1
0 34
0 38
0 125
1 32
1 55
1 67
1 103
1 160
34 79
34 128
38 123
38 166
125 35
125 81
125 90
125 175
125 182
32 23
32 113
32 133
55 67
55 75
55 98
55 106
55 144
67 69
67 80
67 143
103 11
103 36
103 157
103 199
160 120
160 175
2 49
2 121
49 37
49 85
49 176
121 44
121 144
121 196
3 31
3 74
3 90
3 124
3 140
31 71
74 44
74 124
74 135
90 19
90 130
90 158
90 164
124 24
140 76
140 86
4 11
4 24
4 176
11 62
11 70
11 84
11 184
24 8
24 105
176 7
176 51
176 80
176 181
176 196
5 18
5 84
18 92
18 164
18 181
84 116
84 161
84 172
174 23
174 69
174 132
174 180
179 13
179 40
179 57
179 70
179 83
179 168
6 98
6 150
6 193
6 197
76 42
76 63
76 129
76 138
76 162
76 180
98 13
150 22
150 26
150 28
171 20
171 40
171 79
171 142
193 43
193 113
193 178
197 37
197 45
197 104
197 184
7 43
7 108
7 151
43 15
43 139
43 156
43 194
108 41
108 68
108 94
108 165
108 189
151 52
151 58
151 116
151 177
8 28
8 190
28 78
28 178
190 68
10 56
10 109
10 136
10 147
10 153
10 159
56 17
56 87
56 123
56 169
109 113
109 184
136 71
136 93
136 123
136 167
147 15
147 139
147 159
147 163
147 184
147 194
159 60
159 157
70 95
70 118
184 59
184 158
12 131
12 172
12 189
172 88
172 114
172 199
189 61
189 94
189 194
13 17
13 149
17 92
17 119
17 196
149 66
149 114
149 194
14 37
14 82
14 142
14 155
14 169
37 112
82 20
82 93
82 114
142 75
142 100
142 173
142 188
155 100
155 102
155 158
169 29
169 78
169 111
15 63
63 145
16 91
91 133
91 144
91 198
52 113
52 145
92 164
106 58
106 71
106 130
106 145
106 163
119 48
119 86
119 120
119 161
196 53
196 143
164 191
181 95
19 175
19 191
175 93
191 110
191 135
22 36
22 75
22 177
36 80
36 133
75 87
75 135
177 46
177 100
177 113
23 48
48 126
48 129
48 186
35 86
35 117
105 46
105 145
105 178
113 59
25 88
25 100
25 111
88 96
88 133
100 66
111 54
111 135
111 194
26 50
26 127
26 173
50 64
50 77
50 97
50 115
50 161
50 182
127 68
127 146
127 180
173 144
27 68
27 135
68 57
68 66
135 41
135 83
135 188
78 154
87 41
87 148
93 51
93 99
93 112
117 29
117 89
162 89
162 166
162 187
178 96
178 182
71 79
71 97
71 198
133 116
133 170
79 139
128 195
86 129
86 148
80 101
112 95
112 122
166 94
166 167
40 134
40 145
134 61
41 64
41 139
64 188
139 114
42 85
42 110
85 122
156 185
44 104
104 59
104 154
45 73
73 95
46 97
97 54
97 83
97 99
97 130
102 165
102 188
102 195
102 199
186 77
186 163
77 132
161 170
182 96
51 185
53 120
54 118
118 61
57 168
168 81
58 61
61 165
59 99
99 94
99 107
99 130
99 195
60 148
148 141
148 187
165 101
165 141
188 137
66 94
95 154
198 141
101 122
101 170
154 152
114 195
116 170
130 187
