0.015069 0.988651
0.017536 0.975187
0.388783 0.405477
0.426534 0.533189
0.986765 0.989602
0.981160 0.992046
0.992690 0.411024
0.002223 0.011043
0.027001 0.346877
0.388112 0.855599
0.660110 0.001246
0.376013 0.990075
0.470536 0.993995
0.273535 0.010976
0.996433 0.007377
0.002981 0.003383
0.788703 0.993833
0.022062 0.437143
0.073823 0.014295
0.939700 0.792508
0.964567 0.423215
0.985642 0.394718
0.461126 0.004177
0.431757 0.224637
0.393673 0.006343
0.307622 0.011117
0.229435 0.163817
0.408543 0.152127
0.005476 0.419810
0.007533 0.590306
0.001167 0.997343
0.002393 0.992733
0.053316 0.884887
0.008800 0.991498
0.004092 0.705171
0.015589 0.606019
0.023437 0.958460
0.002329 0.982953
0.002685 0.388393
0.001780 0.979335
0.005189 0.995438
0.294410 0.318412
0.216583 0.366936
0.435022 0.399520
0.976488 0.627220
0.587163 0.620662
0.019501 0.328917
0.087932 0.385889
0.161190 0.456254
0.465208 0.435058
0.571725 0.445157
0.768094 0.771050
0.631933 0.985057
0.416497 0.002894
0.458948 0.003572
0.520840 0.086040
0.405490 0.002513
0.962240 0.967743
0.762422 0.989765
0.746943 0.793404
0.414907 0.383429
0.481684 0.480481
0.689702 0.532498
0.934598 0.597053
0.889761 0.431396
0.995786 0.417674
0.993151 0.401709
0.546665 0.994360
0.709826 0.994058
0.343457 0.580111
0.389973 0.428997
0.469669 0.921583
0.875851 0.906797
0.433172 0.985587
0.434451 0.622601
0.382347 0.951883
0.887560 0.989439
0.955155 0.975373
0.493581 0.988489
0.398987 0.987335
0.348497 0.754850
0.394150 0.585888
0.063097 0.920168
0.006495 0.986848
0.045538 0.887576
0.004276 0.006265
0.653546 0.547152
0.991439 0.993738
0.982698 0.966836
0.976550 0.778692
0.704132 0.923442
0.306991 0.971703
0.331428 0.941867
0.462115 0.944431
0.582482 0.943473
0.952510 0.953507
0.993413 0.780166
0.467509 0.943720
0.000228 0.000925
0.001846 0.000815
0.439292 0.021919
0.028421 0.017036
0.012587 0.003267
0.033634 0.055658
0.028421 0.017036
0.003892 0.004733
0.001756 0.142891
0.401973 0.538392
0.003307 0.019615
0.007899 0.024262
0.494844 0.410633
0.003298 0.270292
0.023239 0.017185
0.000496 0.004142
0.012505 0.009957
0.000365 0.002003
0.009790 0.004438
0.021668 0.022913
0.022141 0.150215
0.006020 0.214382
0.018236 0.981926
0.774017 0.806774
0.524714 0.979934
0.321737 0.899032
0.271459 0.997497
0.288921 0.976985
0.476168 0.998196
0.367560 0.968296
0.438823 0.748718
0.086328 0.062827
0.779861 0.227736
0.995241 0.251589
0.901267 0.339104
0.977578 0.011665
0.833614 0.134298
0.002434 0.009926
0.022405 0.350114
0.052240 0.029288
0.057931 0.022528
0.007583 0.373622
0.147543 0.054179
0.562960 0.008398
0.710235 0.051619
0.600450 0.001156
0.924475 0.003715
0.615285 0.014171
0.963479 0.022774
0.967017 0.021137
0.986564 0.004195
0.717012 0.012636
0.982687 0.004299
0.752147 0.014697
0.958513 0.009844
0.983190 0.016167
0.967193 0.019522
0.966033 0.017007
0.994038 0.006022
0.989564 0.005695
0.022141 0.996990
0.008908 0.994349
0.045594 0.974574
0.188566 0.832408
0.188566 0.832408
0.395635 0.033671
0.386540 0.273089
0.370556 0.019371
0.011505 0.979642
0.352592 0.008509
0.638678 0.005951
0.607492 0.005685
0.396265 0.000618
0.479359 0.002240
0.425748 0.014414
0.147450 0.794608
0.060192 0.700460
0.002514 0.973693
0.012973 0.522763
0.018745 0.736654
0.995487 0.642787
0.026980 0.937406
0.086733 0.649395
0.005807 0.489864
0.995273 0.024642
0.996112 0.006506
0.975143 0.174112
0.668993 0.013146
0.710123 0.374346
0.710123 0.374346
0.167116 0.371217
0.998815 0.464663
0.541210 0.531258
0.994348 0.993449
0.978168 0.989997
0.994040 0.982335
0.983306 0.983258
0.337213 0.268525
0.981555 0.982607
0.905380 0.996840
0.979192 0.971394
0.992394 0.399266
0.999289 0.447521
0.980503 0.419253
0.964379 0.217118
0.983784 0.446050
0.965040 0.195316
0.975274 0.381936
0.965907 0.355536
0.945378 0.332965
0.901342 0.365316
0.984471 0.389714
0.961222 0.368598
0.126089 0.553990
0.761653 0.765486
0.889695 0.812197
0.003874 0.634152
0.000865 0.930548
0.020877 0.261563
0.046269 0.727912
0.043696 0.310504
0.435445 0.991384
0.174832 0.895681
0.668052 0.092047
0.462451 0.081444
0.598649 0.156692
