0.008870 0.965195
0.007476 0.972548
0.984811 0.096847
0.985441 0.018287
0.988962 0.964371
0.009403 0.013854
0.012574 0.014881
0.982509 0.011599
0.949902 0.990615
0.980673 0.011351
0.980336 0.988894
0.877289 0.012198
0.986570 0.022459
0.022189 0.950755
0.441592 0.990018
0.984366 0.011986
0.007918 0.937770
0.921814 0.990762
0.978032 0.989679
0.018503 0.008731
0.010242 0.006838
0.015728 0.013664
0.987687 0.984394
0.989795 0.561876
0.981373 0.972832
0.984643 0.969928
0.990774 0.934788
0.956872 0.766701
0.963291 0.995834
0.506966 0.981614
0.001011 0.996020
0.004026 0.991668
0.054540 0.825293
0.018934 0.965366
0.023996 0.939037
0.153891 0.953764
0.034663 0.951619
0.021405 0.992993
0.655625 0.998045
0.004825 0.969148
0.010420 0.983204
0.995763 0.630603
0.904245 0.817314
0.980857 0.079808
0.020041 0.009312
0.807495 0.006916
0.975431 0.993181
0.844914 0.899996
0.921578 0.924368
0.528756 0.914233
0.683062 0.048420
0.174398 0.069570
0.090978 0.001590
0.986746 0.984237
0.989552 0.985399
0.817163 0.798878
0.994388 0.984191
0.010728 0.007666
0.065381 0.003202
0.032984 0.010247
0.986362 0.052456
0.958110 0.010273
0.396425 0.832201
0.007216 0.907789
0.030062 0.149143
0.004713 0.436431
0.010745 0.949708
0.996927 0.025318
0.993399 0.128066
0.987039 0.012702
0.991283 0.024152
0.967661 0.064332
0.975403 0.822922
0.984336 0.011284
0.988423 0.006634
0.968347 0.021291
0.988739 0.689948
0.982584 0.931812
0.992788 0.006094
0.982445 0.013596
0.889293 0.072709
0.948304 0.035035
0.055508 0.835658
0.010868 0.976779
0.059436 0.865537
0.137009 0.007888
0.164484 0.055742
0.007516 0.989846
0.020010 0.953029
0.063969 0.795410
0.083684 0.756832
0.482177 0.016512
0.374952 0.037747
0.604081 0.022288
0.851638 0.021522
0.963743 0.946399
0.806394 0.984977
0.938234 0.123774
0.997983 0.001968
0.982444 0.007784
0.984370 0.785257
0.806937 0.104087
0.948978 0.033944
0.873667 0.078089
0.806937 0.104087
0.975452 0.014934
0.988051 0.008852
0.919871 0.110138
0.983275 0.012128
0.959309 0.020259
0.982719 0.348177
0.982992 0.013679
0.899521 0.082193
0.977420 0.004594
0.832905 0.076446
0.986690 0.002588
0.898330 0.027228
0.886823 0.071759
0.840326 0.017086
0.936186 0.007657
0.857198 0.019682
0.067777 0.062382
0.990653 0.006452
0.762733 0.070700
0.966737 0.006548
0.747599 0.020963
0.986674 0.001431
0.904257 0.032112
0.855957 0.082247
0.665580 0.234031
0.445820 0.729479
0.049463 0.992374
0.496825 0.887526
0.307763 0.989228
0.470385 0.900207
0.990597 0.996228
0.266394 0.957377
0.952326 0.980685
0.978616 0.967626
0.440470 0.985255
0.958520 0.975796
0.970179 0.962355
0.802028 0.928606
0.994715 0.992255
0.959359 0.989882
0.942513 0.922635
0.942639 0.932230
0.944473 0.937459
0.983805 0.983459
0.885563 0.936565
0.971573 0.993004
0.914648 0.938644
0.931229 0.981978
0.664622 0.983560
0.829704 0.955260
0.928883 0.945691
0.459352 0.990628
0.981500 0.981686
0.008190 0.985990
0.005079 0.988482
0.025563 0.916204
0.109885 0.786187
0.109885 0.786187
0.062890 0.925639
0.060560 0.911101
0.021604 0.376694
0.002200 0.725043
0.704851 0.987602
0.941964 0.984614
0.921452 0.980008
0.823498 0.986810
0.935876 0.992898
0.012850 0.855509
0.052820 0.780528
0.049089 0.771154
0.008182 0.980391
0.015519 0.949971
0.037279 0.507381
0.006166 0.007073
0.037719 0.844947
0.037965 0.473491
0.022149 0.967963
0.076159 0.985700
0.017415 0.982622
0.132567 0.837119
0.012348 0.629351
0.169473 0.060078
0.169473 0.060078
0.017073 0.870697
0.000707 0.001064
0.143509 0.030361
0.002541 0.003999
0.024946 0.031008
0.001615 0.006510
0.025381 0.025154
0.055404 0.052344
0.030723 0.023964
0.007397 0.037282
0.029000 0.022467
0.012991 0.014110
0.001049 0.000817
0.027734 0.032027
0.059805 0.168438
0.008848 0.244304
0.031042 0.163218
0.023428 0.021836
0.055367 0.088374
0.014746 0.095869
0.080825 0.078206
0.009665 0.011385
0.073849 0.074570
0.174405 0.347043
0.180837 0.687900
0.067437 0.092357
0.014544 0.976846
0.005439 0.995101
0.481424 0.932066
0.143853 0.917852
0.570553 0.943746
0.968038 0.016871
0.794805 0.059969
0.823793 0.801417
0.809018 0.791864
0.569266 0.769481
