0010111101100000001000000100000101111010110000001000000000001000000000000000010010100010001000000000
0011000000000001010000100010001000000000000000000000000000000000010100000000000000000000000000100001
1101110010000110100000000001000001000010000000010000101000000101000010001000100000000100000000000000
0110001000011100010011001100000000000000000000100000000000000000000000000000000000000000000000000000
1010000100000000000000000100000000000000000000000000000000000000000000000000000000000000000000000000
1010000010001010100100000000010000000000000000000000000000001100000000010000000000000000100000000010
1001000000100000010000000000000000000001000000001001010000000010000000000001000000000000001000000000
1000100000000000000000000000000000000000000000000000000000000000000000000010001000000000000000000000
0010010000000000000110010000000001000000000000000000000000000000000000000000000000000000000000000000
1000000000000000000000110000000000000000000000000000010100000000100000000000000000000000000000000000
1000001000000000000000000000000000000000000000000000010000000000000000000000000000000000000000000000
0001000000000000000000001000100000001100000100000100000000000000010000000000000000000100000000000000
0001010000000101001000000000000010100000100000000000010001010000100000100000000000001000000000000000
0011000000001000000000000000000000000000000000000000000000000000000000000000000000000000000000100000
0010010000000000000000000000100000000000000000000000000001000000000000000000000000000000000000000000
0100000000001000000100000000000000000000000000000000000000000000000000000000000001000000000000000000
0010010000000000000000000000000010000100000000000000000000000000000000000000000100000000000000000000
0101001000000000000001000000001000000000000000000000000000000000000000000000000000000000000000000000
1000000000001000000000000000000000100100000100000000010000000000000000000000000000000000000000000100
0000010010000001000000000000000000100000000000000000000000001000000000000000000000000010000000000000
0001000010000000000000000000000000000000000000000000000000000000000000100000000000000000000000000000
0001000000000000010000000000000000010000000001000000000000000000000000000000000000000000000010000000
0100000001000000000000000000000000000000000000000000000000000000000000000000000000000000000000000000
0000000011000000000000000001000000000000000000000000000000001000000000000000000000000000000000000000
0001000000010000000000000000000000000000000001000000000000000000000000000000000000000000000000000000
1001100000000000000000000000000000000000000000000000000000000000000000000000000000100000000000000000
0100000000000000000000000000000000000000000001000000000000000000000000010000000000000000000000000000
0010000000000000000000010000000000000001000000000000000000000000000000000000000000000000010000000000
0000000000010010000000000000000000000000000000000000000000000010000000000000000100000000000000000000
0000010000000000000000000000000000000000000000000000000000000000000000000000000000010000000000000000
0100000000000000010000000000000000000000000000000001000000000000000000000000000000000000000000000000
1000000000000000000000000000000000000010000000000000000000000000000000000000000000000000000000000000
0000000000001000100000000000000000000000000000000000000000000001000000000000000000000000000000000000
1010000010000000000000000000000000000000000000000000000000000000000000000000000000000000000100010000
1000000000001000001100000000000000000000000000000000000010000000000000000000000000001000000000000000
1000000000000000000001000000000000000000000000000000000000000000000000000000000000000000000000000000
1000000000010000000000000000000000000000000000000000000000000000000000000000000000000000000000000000
0000000000010000101000000000000000000000000000000000001000000000000000000000000000000000000000000000
1010000000000000000000000000000100000000000000000000000000000000000000000000000000000000000000000000
0000001000000000000000000001000000000000000000000000000000000000000000000001000000000000000100000000
1000000000001000000000000000000000000000000000010000000000000000000000000010000000000000000000000000
1000000000000000000000000000000000000000000000000100000000000000000000000000100000000000000000000000
0000000000000000000000000000000000000000000000000000000100000000000000000000000000000001000000000000
0000000000010000001000000000000000000000000000000000000000000000000000000100000000000000000001000000
0000000000000000000000000000000000000000000000000000000000000000000000000000001000000001000000000000
0000000000000000000001001010000000000000000000000000000000000000000000000000000000000000000000000000
0001000000000000000000000000000000000000000000000000000010000000000000000000000000000000000000000000
0010000000000000000000000000000000000000100000000000000000000000000000000000000011000000000000000001
1000001000000000000000000000000000000000000000000000000000100000000000000000000000000000000000000000
0000000000010000000000000000000000000000010000000000000000000000000000000000000001000000000000000000
0000000000000000000000000000000000000000000000000000000100100000000000000000010000000000000000000000
0000001000000000000000000000001000000000000000000000000000000000000000000100000000000000000000000000
0010000000000000000000000000000000000000000000000000001000000000000000000000000000000000000001000000
0000001001101000001000000000000000000000000000000000000000000000001000000000000000000000000000000000
0010000000000000000000000000000000000100000000000000100000000000000000000000000000000000000000000000
0000000001000000000000000000000000000000001000000010000000000000000000000000000000000000000000000000
0000000000000000000000000000000000100000000000100000000000000000000000000000000100000000000000010000
0000000000001010000000000000000000000000000000000000000000000001000000000000000000000000000000000000
0000000000000000000000000000000000000000000000001010000000000000000100000000000000000000000000000000
0000000000001000000000000000000000000000000000000000000000000000000001000000000000000000000000000000
1000010000000000000100010000000000000000000000000000000000000000000000000000000000000000000000000000
0010010000000000000000000000000000000000000000000000000000000000000000000000000000000000000000000000
0000001000000000000000000000100000000000000000000000000000000000000000000000000000000000000010000100
0010000000000000000000000000000010000000000000000000000001000000000000000000000000000000000000000000
0000000001001000000000000000000000000000000000000000000000000000000000000000000000000000000000000000
0100000000010000000000000000000000000000000000000000000000000000000000000000000000000000000000000000
0000000000000000000000000000000000000000000000000000010000000000000001000000000000000000000000000000
0100000000000000000000000000000000000000000000000000000000100000000000000000000000000000000000000000
0010000000000000000000000000000000000000000000000000000000000000000000000000000000000000000000000010
0000000000000000000000000000000000000000000000000000000000010000001000000000000000000000100000000000
0000000000001000000010000000000000000000000000000000000000000000000000000000000000000000000000000000
0000010000000000000000000010000000000000000000000000000000000000000000000000000000000000000000000000
0010000000000000000000000000000000000000000000000000000000000000000000000000000000000000000000001000
0000000000000000000000000000000000000000000100000001000000000000000000000000000000000000000000000000
0000000100000000000000000000000000000000100000000000000000000000000000000000000000000000000000000000
0000001000000000000000000000000000000001000000000000000000000000000000000000000000000000000000000000
0010000000000000000000000000000000000000010000000000000000000000000000000000000000000000000000000000
1000000000000000000000000000000000000000000000000010000000000000000000000000000000000000010000000000
0000000100000000000000000000000000000000000010000000000000000000000000000000000000000000000000000000
0000000000000000100000000000100000000000000000000000000010000000000000000000000000000000000000000000
1000000000000000000000000000000000000000000000010000000000000000000000000000000000000000000000000000
0000000000000001000000000000000000000000000000010100000000000000000000000000000000000000000000000000
1000000000000000000000000100000000000000000000000000000000000000000000000000000000000000000000000000
0000000000000000000000000000010000000000000000000000000000000000000000000000000000000000000000001000
0000000000001000000000000000000000100000000000000000000000000000000000000000000000000000000000000000
0010000000010000000000000000000000000000000000000000000000000000000000000000000000000000000000000000
1000000000000000000100000000000000000000000000000000000000000000000000000000000000000000000000000000
0000000000000000000000000000000000000000001010000000000000000000000000000000000000000000000000000000
0000010000000000000000000000000000000000000000000000000000000000000001000000000000000000000000000000
0000000000000000000000000001000000000000000000000000000000000000000000000000010000000000000000000000
1000001000000000000000000000000000000000000000000000000000000000000000000000000000000000000000000000
0000000000000000000000000000000001000001000000000000000000000000000000000000000000000000000000000000
0000000000000000000001000000000000000000000000000000000000000010000000000000000000000000000000000000
0000000000000000000000000000000000000000000100000000100000000000000000000000000000000000000000000000
0100000000000100000000000000000000000000000000000000000000000000000000000000000000000000000000000000
0000000000000000000000000000000001000000000000000000000010000000000000000000000000000000000000000000
0000000000000000000000000000000000000000000000000000000000000000000000001000000000010000000000000000
0000000000000000001000000000000000000000000000000000000000000010000000000000000000000000000000000000
0000010000000000000000000000000000000000000000000000000000000000000010000000000000000000000000000000
0100000000000000000000000000000000000000000000010000000000000000000000000000000000000000000000000000
