0111111001011010001000000000000100000001111000001000010001001000100000000000000001000001000000000010
1011000000000001010100000110000001000000000000000000000000000000000100000000000000000000000000100000
1101110010001010001100010001011001000111000000000000100000000001000001000000000000000000000000000000
1110001000001100000101000000100000000000000000000000000000000000000010000000000100001000000000000000
1010000100000000000000000000001000000000000000000000000000000000000000000000000000000000000000000000
1010000010111010000001100000000000000000010000000000000000000000000000010010000000000000000000100000
1001000001000000010000000100000000100001000000001011000000000000000000000000000000000000001000000000
0000100000000000100000000000000000000000000000000000010000000000000000000000001000000000000000000000
0010010000001000000010010000000001000000000000000000000000000000000000000000000000000000000000000000
1000001000000000001000000000000001000000000000000000000100001000000000000000000000000000000000000000
0000010000000000000010000000000000000000000000000000000000000000000000000000000010000000000000000000
1000010000000000000010001100000000000000000000000100000000000010000000000000000000000000010010000000
1011010010000101001000000000000001100000000000000000000001000000000000110000010000000000000000000000
0001000000001000000000000001000000000000000000000000000000001000000000000000000000000000000000000000
1010010000000000000000000000000010000000000000000000000000000000000000000000000000000000000000000000
0100000000001000000000000000100000000010000000000000000000000000000000000000000000000000000000000000
0000000100000000000000000011000000000000000000000000000000000000000000000000000000001000000000001000
0100001000000000000001000000000000010000000000000000000000000000000000000000000000000000000000000010
1010000001001000000000000000000000000100000000000000000000000000000000000000000000000001000000000100
0111000000000000000000000000000000000000000000000000000000001010000000000000000000000000000000001000
0000000010110000000000000000000000000000000000000000000000000000000000000000000000000000000000000000
0001010000000000010000000000000000000000000100000000000000000000000000000000001000000000000000000000
0000010000000000000000000000000000000010000000000000000000000000000000000000000000000000000000000000
0010000010000000000000000000010000000000000000000000010000000000000000000000000000000000000000000000
0000000000010000000000000000000100000000000000000000000000000000000100000000000000000000000000000000
0100001000010000000000000000000000000000000000000000000000000000010000000000000000000000000000000000
0100000000000000100000000000000000000000000000000000000000000000000000000000000100000000000000000000
0010000000000100100000000000000000000001000000000000000000000000000000000000000000000000000000000000
0001000000000001000000000000000000001000000000000000000000000010000000000000000000000000000000000000
0010000000000000000000010000000000000000000000000000000000000000000000000000000000000000000000000000
0010100000000000000000000000000000000000000000000000000000000000000000000000000000000000100000000000
1000000000000000000000001000000000000000000000000000000000000000000000000000000000000000000000000000
0000000000000010000000000000000000000000000000000000101000000000000000000000000000000000000000000000
0110000011001000000000000000000000000000000000000000000000000000000000000000000000000000000000000000
0000001000001000000000000000000000000000000000000001000010000000000001000010000000000000000000000000
0000000000000000010000000000000000000000000000010000000000000000000000000000000000000000000000000000
0000000000000000000000000000100000000000000000000001000000000000000000000000000000000000000000000000
0010000000000000001000000000000000000000000000000000000000000001001000000000000000000000000000000000
0010000000000001000000100000000000000000000000000000000000000000000000000000000000000000000000000000
1010001000000000000000000001000000000000000000000000000000000000000000000000000000000000000000000000
1000000000000000000000000000000000000000000000000000000000000000000010001000000000010000000000000000
1000010000000000000000000000000000000000000000000000010000000000000000000000000000000000000000000000
1000000000000000000000000000000000000000000000000000000000000000000000100000000000000000000000000000
0000000000000000000001000000000000000000000000000000000010010000000000000001000000000000000000000000
0000000000000000000000000000000000000000000000000000000000000000000000000000100010000000000000000000
0000000000000000000000000000000000000000000000000000000100010000000000000000000001000000000000000000
0000000000000000000000000000000000000000000000000000000000000000000000001000000000000000001000000000
0000000000000000000000000000000000010000000000000010000000000000000000000000000001000000000100000001
1000001000000000000000000000000000000000000000000000000000100000000000000000000000000000000000000000
0000000000010000000000000000000000000000000000000000000000000110000000000000000000000000000000000000
0000001000000000000000000000000000000000000000010000000000100000000000000000000000000000000000000000
0000001000000000000000000000000000101000000000000000000000000000000000000000000000000000000000000000
0010000000000000000000000000000010000000000000000000000000000000000000000000000000000000100000000000
1000000100000000000000010000000000000000010000000000000000100000000000000100000000000000000000000000
0000000000000000000000000000000010000000000000000000000010000000000000000000100000000000000000000000
0000000001000000000000000000000000000000000001000000000000000000000000000000000000010000000000000000
0000000000000000000000000000000000100000000100000000001000000000010000000000000000000000000000000000
1000000000001000000000000000000000000000000000000000000000000000000000000000000000000000000000000001
0000000000000000000000000000000000000000000000001010010000000000000000000000000000000000000000000000
0000000000000000000000000000000000000000000101000000000000000000000000000000000000000000000000000000
1000000001000100000100000000000000000000000000000000000000000000000000000000000000000000000000000000
0000000000000000000000000000000000000000000000000100000000000000000000000000000000100000000000000000
0000000000010000000100000000100000000000000000000100000000000000000000000000000000000000000000000000
0010000000000000000000000000000000000100000000000000000000000000000000000000000000000000000001000000
1000000000000000000000000000000000000000000000000000000000000000000000000001000000000000000000000000
0000000000000000000000000100000000000000000000000000000010000000000000000000000000000000000000000000
0000000000000000000000000000000000000100000000000000000000000000000000000000000000000100000000000000
0100000000000000000000001000000000000000000000000000000000000000000000000000000000000000000000000000
0001000000000000000000000000000000000000100000000000000000000000000000000000000000000000000000000000
0010000000000000000000000000000000100000000000000000000000000000000000000000000000000000000000010000
0000000000001000000000000000000000000000001000000000000000000000000000000000000000000000000000000000
0000010000001000000000000000000000000000000000000000000000000000000000000000000000000000000000000000
0000000000000000000000000000000000000000100000100000000000000000000000000000000000000000000000000000
0000000000000000000000000000000000000000000000000000010000000000000000000000010000000000000000000000
0000010000000000000000000000000000100000000000000000000000000000000000000000000000000000000000000000
0000000000000000000000000000000000000000000100000000000000000000100000000000000000000000000000000000
0000000000000000000000000000000000000000000010000000001000000000000000000000000000000000000000000000
0000000000001000000000000000000000000000000000000000000000000000000000000100000000100000000000000000
0000000100000000000001000000000000000000000000000000000000000000000000000000000000000000000000000000
0001000000000000000000000010000000000000000000000000000000000000000000000000000000000000000000000100
0000000000100000000000000000000000000000000010000000000000000000000000000000000000000000000000000000
1000000000000000000000000000000000000000000001010000000000000000000000000000000000000000000000000000
0000000000000000000000000000000000000000000000000000000000000100000000000000010000000000000000000000
0000000000000000000000000000000000000000100000000000000100000000000000000000000000000000000000000000
0001000000000000100000000000000000000000000000000000000000000000000000000000000000000000000000000000
0000000000000000000000000000000000000000000000000000000000000000001000000000000000000000000100000000
0000000000000000000000000000000000000000000000000000000000000000000000000000000000000000010010000000
1000000000000000001000000000000000000000000000000000000000000000000000000000000000000000000000000000
0000000000000000000000000000001000000000000000000000100000000000000000000000000000000000000000000000
0000000000010000000000000000000000000000000000000000000000000000000000000000000000000010000000000000
0000001000000000000000000000000000000000000000100000000000000000000000000000000000000000000000000000
0000000000000000000000000000000000000000000000010000000000000000000000000000000000000100000000000000
0000000000010000000000000000000000000000000000000000000000000000000000000000000000000010000000000000
0000000000000000000000000000000000000000000000000000000000000001000000000000000000000000000000010000
0100010000000000000000000000000000000000000000000000000000000000000000000000000000000000000000000000
0000000000000000000000000000000000000000000000000000000000000000000001000000000000000000000001000000
0000000000000000100100000000000000000000000000000000000000000000000000000000000000000000000000000000
0000000000000000001000000000000000000000000000000000000000000000000000000000000100000000000000000000
1000000000000000010000000000000000000000000000000000000000000000000000000000000000000000000000000000
0000000000000000000000000000000000000000000000010000000001000000000000000000000000000000000000000000
