0111111111111010011100000000000001000100100000011000110000001000000000000000000000000000000000000000
1011011000011000100000010000000000100100000000000000000000000000000000000000000000000000000000000000
1101111110010011001011000001001000000000000000000000010100000000100000100000010000000000000000000000
1110110001001000001000000000000000000000100000010000110000000000000000000000000000000000000000000000
1011000000001000000000000000000000000000000000000000000000000000000000000000000000000000000000000000
1111001010011000001000000000000000000101000000000001010000000000000000000000000000000000000000000000
1110010001011000000000000001000000100000000000000000010000001000000000000000000000000000000000000000
1010000000000000000000000000000000000000000000000010000000000001000000000000000000000000000000000000
1010010000000001000100000000000000000001000000000000000000000000000000000000000000000000000000000000
1001001000000000000010000000000000000000010000000000000000001000000000000000000000000000000000000000
1000000000000000000000000000000001000000000000000000000010000000000000000000000000000000000000000000
1110011000001000000101000000000000100000000000000000000000000000000000000000000000000000000000000000
1101111000010000110100100000000000100000100000000000000010000000000000000000000000000000000000000000
0000000000000001000000000001000000000000000001000000001000000000000000000000000000000000000000000000
1010000000000000000000010000000000000000000000000000000000010000000000000000000000000000000000000000
0010000010000100000000000000100000000000000000000000000000000000000000000000000000000000000000000000
0100000000001000000100000000000000000000000000000000000000000100000001000000000000000000000000000000
1000000000001000000001000000000000000000000000010001000000000000000000000000000000000000000000000000
1011010000000000000100000000000000000000010000010000000000000000000000000000000000000000000000000000
1000000010011000101000000000000000000000000000000000000000000000000000000000000000000000000000000000
0010000001000000000000000000100000000000000000000000000000000000000000000000000000000000000000000000
0010000000010000010000000000000000000001000000000000000100000000000000000000000000000000000000000000
0000000000001000000000000000000000000000000000000000001000000000000000000000000000000000000000000000
0100000000000010000000000000000000000000000000000000000000100000000000000000000000000000010000000000
0000000000000000000000000000000000000000000001000100000000000000000010000000000000000000000000000000
0000000000000000000000000000000000100000001000000000000000000000000000000001000000000000100000000000
0000000000000000000000000000000000000000000100000000000000000000000000000000000001000010000000000000
0010001000000100000000000000000000000000000000000000000000000010000000000000000000000000000000000000
0000000000000001000010000000000000000000000000000000000000001001000000000000000000000000000000000000
0000000000000000000000000000000000000000000000100000000000000000000000000100000000000000000000000000
0010000000000000000000000000000000000000001000000000000000000000000000000000000001000000000000000000
0000000000000000000000000000000000000000000000000000000001000000000000000000000000000000000100000000
0000000000000000000000000000000000000000000000000000000000100010000000000000000000000000000000100000
1000000000100000000000000000000000100000000000010000000000000000000001000000000000000000000000000000
0100001000011000000000000100000001000000000000000000000000000000000000000000000000000000000000000000
0000000000000000000000000000000000000000000000001000000000000000000000000000000000000000000000000010
0000000000000000000000000000000000000000000000000000000000000000000010000001000000000000000000000000
1100010000000000000000000000000000000000000100000000000000000000000000000000000000000000000000000000
0000000000000000000000000000000000000000000010000000000000000001100000000000000000000000000000000000
0000010010000000000001000000000000000000000000000000000000000000000000000000000000000000000000010000
1001000000001000000000000000000000000000000000000000000000000010000000000000000000000000000000000000
0000000001000000001000000000000000000000000000000100000000000000000000000000000000000000000000000000
0000000000000000000000000100001000000000000000000000000000000000000000000000000000000000000000000000
0000000000000000000000000010000000000100000000000101000000000000000000000000000000000000000000000000
0000000000000000000000000000000000000010000000000000000000000000000000000000000000000000000000000001
0000000000000100000000001000000000000000000000000000000001000000000000000000000000000000000000000000
0000000000000000000000000000010000000000000000000000000000000000000000000000000000100000000000000000
1001000000000000011000000000000001000000000000000000000000000000000000000000000000000000000000000000
1000000000000000000000000000000000010000000000000000000000000000010000000000000000000000000000000000
0000000000000000000000001000000000000000010100000000000000000000000000000000000000000000000000000000
0000000100000000000000000000000000000000000000000000100000000000000000000000000000000000000000000001
0000010000000000010000000000000000000000000100000000000000000000000000000000000000000000000000000000
1001000000000000000000000000000000000000000000000010000000000000000000000000000000000000000000000000
1011011000000000000000000000000000000000000000000000000001000000000000000000000000000000000000000000
0000000000000100000000100000000000000000000000000000000000000000000000000000000000000000000100000000
0010000000000000000001000000000000000000000000000000000000000000000000000000000100000000000000000000
0000000000101000000000000000000000000000000000000000000000000000000000000000000100000000000001000000
0000000000000000000000000000000100000000000001000000010000000000000000000000000000000000000000000000
0000000000000000000000010000000010000000000000000000000000000000000000000010000000000000000000000000
0000000000000010000000000000000000000000000000000000000000000000000000000000000000000000000001000000
1000001001000000000000000000100000000000000000000000000000000000000000000000000000000000000000000000
0000000000000000100000000000000000000000000000000000000000000000000000000000000100000000000000000000
0000000000000000000000000001000010000000100000000000000000000000000000000000001000000000000000000000
0000000100000000000000000000100000000010000000000000000000000000000000000000000000000000000000000000
0010000000000000000000000000000000000010000000000000000000000000000000000000000000000000000000000000
0000000000000000000000000000000000000000000000001000000000000000000000001000000000000000000000000000
0000000000000000000000000000000000000000000000000000000000000000000000000000000000000000100000000010
0000000000000000000000000000000000000000000000000000000000000000000000000000101000000000000000000000
0000000000000000000000001000000000001000000000000000000000000000000000000000000000000000000000000000
0000000000000000100000000000000001000000000000000000000000000000000000000000010000000000000000000000
0010000000000000000000000000000000000000000000000000000000000000000000000000000000000000000000001000
0000000000000000000000000000000000000000000000000000000000000000000000000000000010000000010000000000
0000000000000000000000000000000000000000000000000000000000000000010000000000000000000000000010000000
0000000000000000000000000000010000000000000000000000000000000000000000000000000000000001000000000000
0000000000000000000000000000000000000000000000000000000000100000000000000000000000000010000000000000
0000000000000000000000000100000000001000000000000000000000000000000000000000000000000000000000000000
0000000000000000000000000000000000000000000000000000000000000000000100000000000001000000000000000000
0010000000000000000000000000000000000000000000000000000000000000000001000000000000010000000000000000
0000000000000000000000000000000000000000000000000000000000000010000100000000000000000000000000000000
0000000000000000000000000000000000000000000000000000000110000100000000000000000000000000000000000000
0000000000000000000000000000000000000000000000000000000000000000000000010000000000000000000000000100
0000000000000000000000000010001000000000000000000000000000000000000000000000100000000000000000000000
0000000000000000000000000000000000000000000000100000000000000000000000000000000000000000000000001000
0000000000000000000000000000000000000000000000000000000000000000000000000000010000001000000000000000
0000000000000000000000000000000000000000000000000000000000000000000000000000000000010100000000000000
0000000000000000000000000000000000000000000000000000000000000000000000000000000000001000001000000000
0000000000000000000000000010000000000000000000000000000000000000000000000010000000000000000000000000
0000000000000000000000000000000000000000000000000000000000000000000000000100000000000000000000010000
0000000000000000000000000100000000000000000000000000000000000000001000000000000000000000000000000000
0000000000000000000000010000000000000000000000000000000000000000000000010000000000000000000000000000
0000000000000000000000000000000000000000000000000000000000000000000000000000000000000100000010000000
0000000000000000000000000000000100000000000000000000001000000000000000000000000000000000000000000000
0000000000000000000000000000000000000000000000000000000000000000000000001000000000000000001000000000
0000000000000000000000000000000000000000000000000000000010010000000000000000000000000000000000000000
0000000000000000000000000000000010000000000000000000000000000000000000000000000000000000000000000100
0000000000000000000000000000000000000001000000000000000000000000000000000000000000000001000000000000
0000000000000000000000000000000000000000000000000000000000000000000000100000000000100000000000000000
0000000000000000000000000000000000000000000000000000000000000000000000000000000010000000000000100000
0000000000000000000000000000000000010000000000000000000000000000001000000000000000000000000000000000
0000000000000000000000000000000000000000000010000010000000000000000000000000000000000000000000000000
