0111111001011010001000000000000000000001111100001000010001001000100000000000000001000001000000000010
1011100000100001010000000100000001000000000000000000000000000000000000010000000000000000000000100000
1101111010001010001100010001100001000111000000000000100000000001000001000000000000000000000000000000
1110001000001100000101000000100000000000000000000000000000000000000010000000000100001000000000000000
1110000000000000000000000000001000000000000000000000000000000000000000000000000000000000000000000000
1010000010011010000101100001000000000000010000000000000000000000000000000010000000000000000000100000
1011000001000000010000000100000000100000000000000011010000000010000000000000000000000000000000000000
0000000000000000100000000010000000000000000000000000010000000000000000000000001000000000000000000000
0010010000001000000000010001000001000000000000000000000000000000000000000000000000000000000000000000
1000001000010000001000000000000000000000000000000000000100001000000000000000000000000000000000000000
0100000000000000100000000000000000000000000000000000000000000000000000000000000010000000000000000000
1000010001000000000011000100000000000000000000000001000000000010000000000000000000000000000010000000
1011010010000101001000000000100001100000000000000000001001000000000000010000000000000000000000000000
0001000000001000000000000001000000000000000000000000000000001000000000000000000000000000000000000000
1010010000000000000000000000000010000000000000000000000000000000000000000000000000000000000000000000
0100000000001000001000000000000000000010000000000000000000000000000000000000000000000000000000000000
0000000100100000000000000010000000000000000000000000000000000000000000000000000000001000000000001000
0100001000000000000001000000000000010000000100000000000000000000000000000000000000000000000000000000
1010000001001001000000000000000000000100000000000000000000000000000000000000000000000001000000000000
0011010000000000000000000000000000000000000000000000000000001010000000000000000000000000000000001000
0000000000010000000000000000000000000001000000000000000000000000000100000000000000000000000000000000
0001010000010000010000000000000010000000000000000000000000000000000000000000000000000000000000000000
0000010000000000000000000000000000000010000000000000000000000000000000000000000000000000000000000000
0010000010000000000000000000000000000000000000000000010100000000000000000000000000000000000000000000
0000000000000000000000000000000101000000000000000000000010000000000000000000000000000000000000000000
0100001000010000000000000000000000000000000000000000000000000000010000000000000000000000000000000000
0000000100000000100000000000000000000000000000000000000000000000000000000000000100000000000000000000
0010010010000100000000000000000000000000000000000000000000000000000000000000000000000000000000000000
0011000000001000000000000000000000100000000000000000000000000000000000000000000000000000000000000000
0000000000000000000000000000000000000000000000000000000000000000000000000000000000010000000000000100
0000100000000000000000000000000000100000000000000000000000000000000000000000000000000000100000000000
0000000000000000000000001000000000000000000000000000000000010000000000000000000000000000000000000000
0000000000000010000001000000000000000000000000000000100000000000000000000000000000000000000000000000
0110000010001000000000001000000000000000000000000000000000000000000000000000000000000000000000000000
0000001000001000000000000000101000000000000100000000000010000000000000000000000000000000000000000000
0000000000000000010000000000000000000000000000010000000000000000000000000000000000000000000000000000
0000000000000000000000000000000000000000000000000001000000000000000000000010000000000000000000000000
0010000000000000001000000000000000000000000000000000000000000001001000000000000000000000000000000000
0010000000000001000000100000000000000000000000000000000000000000000000000000000000000000000000000000
1010000000000000000010000000000000000000010000000000000000000000000000000000000000000000000000000000
1000000000000000000000000000000000000000000000000000000000000000000010001000000000010000000000000000
1000010000000000000000000000000000000001000000000000000000000000000000000000000000000000000000000000
1000000000000000000000000000000000000000000000000000000000000000000000100000000000000000000000000000
1000000000000000010000000000000000100000000000000000000010000000000000000000000000000000000000000000
0000000000000000000000000000000000000000000000000000000000000000000000000000100010000000000000000000
0000000000000000000000000000000000000000000000000100000101000000000000000000000000000000000000000000
0000000000000000000000000000000000000000000000000000000000000000000000001000000000000000001000000000
0000000000000000000000000000000000010000000000000010000000000000000000000000000001000000000100000001
1000000000000000000000000000000000000000000000000000000000100000000000000000010000000000000000000000
0000000000000000000000000000000000000000000001000000000000000010000001000000000000000000000000000000
0000001000000000000000000000000000000000000000010000000000100000000000000000000000000000000000000000
0000001000010000000000000000000000001000000000000000000000000000000000000000000000000000000000000000
0010000000000000000000000000000010000000000000000000000000000000000000000000000000000000100000000000
1000001100000000000000010000000000000000000000000000000000100000000000000000000001000000000000000000
0000000000001000000000000000000000000000000000000000000010000000000000000000001000000000000000000000
0000000001000000000000010000000000000000000001000000000000000000000000000000000000000000000000000000
0000000000000000000000001000000000100000000100000000001000000000000000000000000000000000000000000000
1000000000001000000000000000000000000000000001000000000000000000000000000000000000000000000000000000
0000000000000000000000000000000000000000000000001010010000000000000000000000000000000000000000000000
0000000000000000000000000000000100000000000000000000000000000000000000000000000000000000000000000001
1000000001000100000100000000000000000000000000000000000000000000000000000000000000000000000000000000
0000000000000000000000000000000000000000000000000000000000000000000000000100000000100000000000000000
0000001000010000000100000000000000000000000000000100000000000000000000000000000000000000000000000000
0010000000000000000000000000000000000100000000000000000000000000000000000000000000000000000001000000
1000000000000000000000000000000000000000000000000000000000000000000000000001000000000000000000000000
0000000000000000000000000100000000000000000000000000000000000000000100000000000000000000000000000000
0000000000000000000000000000000000000100000000000000000000000000000000000000000000000100000000000000
0000000000000000000010000000000000000000000000000000000000000000010000000000000000000000000000000000
0001000000000000000000000000000000000000100000000000000000000000000000000000000000000000000000000000
0010000000000000000000000000000000000000000000000100000000000000000000000000010000000000000000000000
0000000000000000000000000000000000000000001000000000000000000000000000000000100000000000000000000000
0100000000001000000000000000000000000000000000000000000000000000000000000000000000000000000000000000
0000000000000000000000000000000000000000100000100000000000000000000000000000000000000000000000000000
0000000000000000000000000000000000000000000000000000000000000100000000000000010000000000000000000000
0000010000000000000000000000000000001000000000000000000000000000000000000000000000000000000000000000
0000000000000000000000000000000000000000000000000000000000000000100000000000000000000000000000000010
0000000000000000000000000000000000000000000010000000000000000000000000100000000000000000000000000000
0000000000000000000000000000000000000000000000001000000000000000000001000100000000000000000000000000
0000000100000000000000000000000000000000000000000000001000000000000000000000000000000000000000000000
0001000000000000000000000010000000000000000000000000000000000000000000000000000000000000000000000100
0000000000100000000000000000000000000000000010000000000000000000000000000000000000000000000000000000
1000000000000000000000000000000000000000000000010000010000000000000000000000000000000000000000000000
0000000000000000000000000000000000000000000000000000000000000100000000000000000000000000000000010000
0000000000000000000000000000010000000000100000000000000000000000000000000000000000000000000000000000
0001000000000000100000000000000000000000000000000000000000000000000000000000000000000000000000000000
0000000000000000000000000000000000000000000000000000000000000000001000000000000000000000000100000000
0000000000000000000000000000000000000000000000000000000000000000000000000000000000000000010010000000
1000000000000000001000000000000000000000000000000000000000000000000000000000000000000000000000000000
0000000000000000000000000000001000000000000000000000100000000000000000000000000000000000000000000000
0000000000000000000000000000000000000000000000000000000000000000000000000000000000000010001000000000
0000000000000000000000000000000000000000000000100000000000000000000000000000000000000000010000000000
0000000000000000000000000000000000000000000000010000000000000000000000000000000000000100000000000000
0000000000010000000000000000000000000000000000000000000000000000000000000000000000000010000000000000
0000000000000000000000000000000000000000000000000000000000000001000000000000000000000000000000010000
0100010000000000000000000000000000000000000000000000000000000000000000000000000000000000000000000000
0000000000000000000000000000000000000000000000000000000000000000000000000000000000100000000001000000
0000000000000000100100000000000000000000000000000000000000000000000000000000000000000000000000000000
0000000000000000000000000000010000000000000000000000000000000000000000000000000100000000000000000000
1000000000000000000000000000000000000000000000000000000000000000000000000001000000000000000000000000
0000000000000000000000000000000000000000000000010000000000010000000000000000000000000000000000000000
