0111011011011111101000000000100001100011000100000000010100101000000000000000000000000000000000000000
1011011100001000010000000000000000100000000100000000010000000000000000000000000000000000000000000000
1101011011011000111000000000100000100000100000010000010011000010000001000000000000000000000000000000
1110010000011000101100000000000000000000000000011000010100000000000000000000000000000000000000000000
0000000000000000100100000000000000000000000000000000000001001000000000000000000000000000000000000000
1111001011011000000100000000000001000000000000010000000000001000000000000000000000000000000000000000
1110010011001010001001000000000000000100000000000000000000000000000000000000000000000000000000000000
0100000000000001000000000011000000000000000000000000000000000000000000000000000000000000000000000000
1010011000000000000000000100001000000000000000000000000000000000000000000000000000000000000000000000
1010011000001000001000000000000000000000000000000000000000000000000000000000000000000000000000000000
0000000000000000000000000000000000000000000000000000100000100000000000000000000000100000000000000000
1011010000001000010010010000000000000000000100000000000000000000000000000000000000000000000000000000
1111011001010000000100010000000000100000000000000100010000000000000000000000010000000000000000000000
1000000000000000000000010000000000000000000000000001000000000001000000000000000000000000000000000000
1000001000000000000000000000100000000000000000000000000000000000000000000010000000000000000000000000
1000000100000000000000000000000011000000000000000000000000000000000000000000000000000000000000000000
1011100000000000000000000100000000000000000000000000000000000000000000000000000000000000000000000000
0110000000010000000001000000000000000000000000010000000000000000000000000000000000000000000000000000
1011001001000000000000000000000000000000000000010000000000000010000000000000000000000000000000000000
0001110000001000000000000000000000000000000000000000010000000000001000000000000000000000000000000000
0000000000010000000000000000000000000000000000000100000000000000000000000000010000000000000000000000
0000001000000000010000100000000000000000000000000000000010000000000000000000000000000000000001000000
0000000000000000000001000000000000000000000000000000000000000000000010000000000000000000000000000000
0000000000011100000000000000000000000100000000000000000000000000000000000000000000000000000000000000
0000000000000000000000000000000000010000100000000100000000000000000000000000000000000000000000000000
0000000010000000100000000000000000000001100000000000000000000000000000000000000000000000000000000000
0000000100000000000000000000000001000000010000000000000000000000000000000000000000000000000000000000
0000000100000000000000000000000000000100000000001000000010000000000000000000000000000000000000000000
1010000000000010000000000000000000000000000000000000000000000000000000000000000000000000010000000000
0000000000000000000000000000000000000000000000000000000000000100000000000000100000000000000000000000
0000000010000000000000000000000000000000000000000001000000000001000000000000000000000000000000000000
0000000000000000000000000000000000000000000000000000000000000000000000000000001000000000000000000100
0000000000000001000000000000000000000000000000000000001000000000000000100000000000000000000000000000
1000010000000001000000000010000000100000000000000000000000000000000000000000000000000000000000000000
1110000000001000000000000000000001000000000000000000000000000000000000000000000000000000000000001000
0000000000000000000000001000000000000000000000000000000000000000000000000000000000000000000010000000
0000000000000000000000000000000000000000000001000000000000000000000000000000000000000000000000100000
0000001000000000000000010001000000000000000000000000001000000000000000000000000000000000000000000000
1000000000000000000000000000000000000000000000000000000000000000000000000000000100000000000000000001
1000000000000000000000000100000000000000000100000000000000100000000000000000000000000000000000000000
0010000000000000000000001100000000000000000000000000000010000000000000000000000000000000000000000000
0000000000000000000000000010000000000000000000001000000000000000000000000000000001000000000000000000
0000000000000000000000000000000000000000000000000010000000000000000000000001000000000000000000000000
1100000000010000000000000000000000000001000000000000000000000000000000000000000000000000000000000000
0000000000000000000000000000000000000000000000000000000000000110000000000000000000000000000000000000
0000000000000000000000000000000000001000000000000011000000000000000000000000000000000000000000000000
0000000000000000000000000000000000000000000000000000000000000000000000000001000000010000000000000000
0011010000000000011000000000000000000000000000000000000000000000000000000000000000000000000000000000
0001000000000000000000000001000000000000010000000000000000000000000000000000000000000000000000000000
0000000000001000000010001000000000000000000000000000000000000000000000000000000000000000000000000000
0000000000000000000000000000000000000000001001000000000000000000000000000000000000000000100000000000
0000000000000100000000000000001000000000000001000000000000000000000000000000000000000000000000000000
0000000000100000000000000000000000000000000000000000001000000010000000000000000000000000000000000000
1111000000001000000100000000000000000000000000000000000000000000000000000000000000000000000000000000
0000000000000000000000000000000010000100000000000000100000000000000000000000000000000000000000000000
1001000000000000000000000000000000000000000000000000000000000000000100000000000000000000000000000000
0010000000000000000001000001000000000000100000000000000000000000000000000000000000000000000000000000
0010100000000000000000000000000000000000000000000000000000000001000000000000000000000000000000000000
1000000000100000000000000000000000000001000000000000000000000000000000000000000000000000000000000000
0000000000000000000000000000000000000000000000000000000000000000100000000000000100000000000000000000
1000110000000000000000000000000000000000000000000000000000000000000000010000000000000000000000000000
0000000000000000000000000000010000000000000010000000000000000000000000000000000000000000000000000000
0010000000000000001000000000000000000000000010000000100000000000000000000000000000000000000000000000
0000000000000100000000000000001000000000000000000000000001000000000000000000000000000000000000000000
0000000000000000000000000000000000000000000000000000000000010000000000000000000000000000000000000010
0000000000000000000000000000000000000000000000000000000000000000000000000100000000000000000000100000
0000000000000000000100000000000000000000000000000000000000000000000000000000000000001000000000000000
0000000000000000000000000000000000000000000000000000000100000000000000000100000000000000000000000000
0000000000000000000000100000000000000000000000000000000000000000000000000000000000000000000000010000
0010000000000000000000000000000000000000000000000000000000000000000000000000000001000000001000000000
0000000000000000000000000000000010000000000000000000000000000000000000000000000000000000000100000000
0000000000000000000000000000000000000000000000000000000000001000000000000000000000000000010000000000
0000000000000000000000000000000000000000000000000000000000000000000000000000000000011000000000000000
0000000000000000000000000000000000000000000000000000000000000000010100000000000000000000000000000000
0000000000000010000000000000000000000000000000000000000000000000000000000000000000000000000001000000
0000000000000000000000000000000000000000001000100000000000000000000000000000000000000000000000000000
0000000000000000000000000000010000000000000000000000000000000000000000000000000000000001000000000000
0000000000001000000010000000000000000000000000000000000000000000000000000000000000000000001000000000
0000000000000000000000000000000100000000000000000000000000000000000000000000000000000100000000000000
0000000000000000000000000000000000000010000000000000000000010000000000000000000000000000100000000000
0000000000000000000000000000000000000000000000000000000000000000000000000000000000000000000000000110
0000000000000000000000000000000000000000010000000000000000000000000001000000000000000010000000000000
0000000000100000000000000000000000000000000000000000000000000000000000000000000000000000000000010000
0000000000000000000000000000000000000000000000100000000000000000000000001000000000000000000000000000
0000000000000000000000000000000000000000000000000000000000000000001000001000000000000000000000000000
0000000000000000000000000000000000000000000000000000000000000000000000000000001000000001000000000000
0000000000000000000000000000000000000000000000000000000000000000000000000000000001000000000000001000
0000000000000000000000000000000000000000000000000000000000000000000000000000100000000100000000000000
0000000000000000000000000000000000000000000000000010000000000000000000000000000100000000000100000000
0000000000000000000000000000100000000000000000000000000000000000000000010000000000000000000000000000
0000000000000000000000000000000000000000000000000000000000000000000001000000010000000000000000000000
0000000000000000000000000000000000000000000000000000000000000000000000100000000000000000100000000000
0000000000000000000000000000000000010000000000000000000000000000000000000000000000000000000000000001
0000000000000000000001000000000000000000000000000000000000000000000000000010000000000000000000000000
0000000000000000000000000000000000001000000000000000000000000000010000000000000000000000000000000000
0000000000000000000000000000000000000000000000000000000000000000000010000000000000100000000000000000
0000000000000000000000000000000000100000000000000000000000000000000000000000000000000010000000000000
0000000000000000000000000000000100000000000000000000000000000000000000000000000010000000000000000000
0000000000000000000000000000000000000000000000000000000000000000100000000000000010000000000000000000
0000000000000000000000000000000000000010000000000000000000000000000000000000000000000000000010000000
