4.363365650177001953e+00 1.293817162513732910e-02
3.117606878280639648e+00 2.462300956249237061e-01
3.814081668853759766e+00 0.000000000000000000e+00
3.079558610916137695e+00 1.346840262413024902e+00
1.957734823226928711e+00 1.156836867332458496e+00
3.252043008804321289e+00 0.000000000000000000e+00
2.710819244384765625e+00 8.862996101379394531e-01
2.039627313613891602e+00 2.815032005310058594e+00
2.011725187301635742e+00 1.248400807380676270e+00
3.415674209594726562e+00 2.433128058910369873e-01
2.488230228424072266e+00 9.299956560134887695e-01
2.694947957992553711e+00 7.990814447402954102e-01
1.195156216621398926e+00 1.429282069206237793e+00
2.167740345001220703e+00 1.708595514297485352e+00
1.482476115226745605e+00 1.261313319206237793e+00
1.661541581153869629e+00 1.165093660354614258e+00
1.264003634452819824e+00 1.276758551597595215e+00
1.112160086631774902e+00 2.290841341018676758e+00
1.588754057884216309e+00 1.227514624595642090e+00
1.693724513053894043e+00 1.120886564254760742e+00
1.855866670608520508e+00 9.723353385925292969e-01
1.185603857040405273e+00 1.443550586700439453e+00
1.204977869987487793e+00 1.402773737907409668e+00
1.415146589279174805e+00 1.679797291755676270e+00
1.380623579025268555e+00 1.268537282943725586e+00
8.556091189384460449e-01 2.419774085283279419e-01
1.364761292934417725e-01 2.248942613601684570e+00
1.514850378036499023e+00 0.000000000000000000e+00
8.186959475278854370e-02 1.814972639083862305e+00
1.382119953632354736e-01 7.338534593582153320e-01
1.984037399291992188e+00 3.010800480842590332e-02
1.765132546424865723e-01 1.057762265205383301e+00
6.093244552612304688e-01 8.868941068649291992e-01
2.619237184524536133e+00 0.000000000000000000e+00
1.252298474311828613e+00 7.937870919704437256e-02
1.628591418266296387e+00 4.901099205017089844e-02
1.267466187477111816e+00 3.475429713726043701e-01
1.192334294319152832e+00 3.505317270755767822e-01
1.443358302116394043e+00 4.689036607742309570e-01
1.385888934135437012e+00 6.497502326965332031e-04
1.035216569900512695e+00 3.844367265701293945e-01
1.263605713844299316e+00 4.608523547649383545e-01
1.059871435165405273e+00 5.710001587867736816e-01
1.181219816207885742e+00 0.000000000000000000e+00
6.309724450111389160e-01 2.663695812225341797e-02
5.846196413040161133e-01 0.000000000000000000e+00
4.543292820453643799e-01 2.975833415985107422e-02
3.085782825946807861e-01 3.902960717678070068e-01
3.802519440650939941e-01 2.103839814662933350e-01
2.244427800178527832e-01 2.930970191955566406e-01
6.274508833885192871e-01 2.842472195625305176e-01
8.485282063484191895e-01 3.056072592735290527e-01
1.273445010185241699e+00 1.662043631076812744e-01
5.390551686286926270e-01 9.141685962677001953e-01
5.722956061363220215e-01 1.056051552295684814e-01
0.000000000000000000e+00 1.642181277275085449e+00
1.445501148700714111e-01 1.856649041175842285e+00
1.877098083496093750e-01 1.729697108268737793e+00
6.304017901420593262e-01 8.013406991958618164e-01
1.281366646289825439e-01 8.623650074005126953e-01
2.423277497291564941e-01 3.526241779327392578e-01
8.775036334991455078e-01 5.044921636581420898e-01
1.249142736196517944e-02 7.850613594055175781e-01
2.162314355373382568e-01 3.792493343353271484e-01
9.904935210943222046e-02 3.251519203186035156e-01
1.682977378368377686e-01 2.722271382808685303e-01
2.533140033483505249e-02 3.598427474498748779e-01
2.533140033483505249e-02 3.598427474498748779e-01
8.587661385536193848e-01 2.796760201454162598e-01
7.172435522079467773e-01 3.385042548179626465e-01
3.756141364574432373e-01 5.611531734466552734e-01
2.954598963260650635e-01 5.475666522979736328e-01
9.959308058023452759e-02 8.665485382080078125e-01
6.144635677337646484e-01 7.164242267608642578e-01
1.552321612834930420e-01 4.880530834197998047e-01
3.595066666603088379e-01 4.891440272331237793e-01
4.126097559928894043e-01 3.756666183471679688e-01
2.350102365016937256e-01 9.257620573043823242e-01
3.283159434795379639e-01 2.527847588062286377e-01
5.840762704610824585e-02 1.144865274429321289e+00
1.413489878177642822e-01 1.381407141685485840e+00
3.363658487796783447e-01 6.804991960525512695e-01
1.446623504161834717e-01 5.788415670394897461e-01
1.289482116699218750e-01 6.631232500076293945e-01
2.132613956928253174e-01 6.301397085189819336e-01
1.627253890037536621e-01 9.544918537139892578e-01
1.724530458450317383e-01 5.835875272750854492e-01
0.000000000000000000e+00 7.557021379470825195e-01
4.051400721073150635e-01 7.837799787521362305e-01
6.420389562845230103e-02 5.959486961364746094e-01
0.000000000000000000e+00 7.804446220397949219e-01
8.341450244188308716e-02 6.153159141540527344e-01
4.013231694698333740e-01 8.257803916931152344e-01
3.804399967193603516e-01 8.087081909179687500e-01
3.931639492511749268e-01 4.159601330757141113e-01
3.716006129980087280e-02 4.637753367424011230e-01
4.908563941717147827e-02 5.765074491500854492e-01
4.649304151535034180e-01 7.066779136657714844e-01
0.000000000000000000e+00 6.268585920333862305e-01
4.840523600578308105e-01 8.071531057357788086e-01
