4.363365650177001953e+00 1.293817162513732910e-02
3.164244174957275391e+00 2.597332298755645752e-01
3.550720453262329102e+00 6.158471703529357910e-01
2.840841531753540039e+00 1.027106523513793945e+00
1.974696159362792969e+00 1.073404312133789062e+00
2.625786542892456055e+00 0.000000000000000000e+00
3.294899463653564453e+00 0.000000000000000000e+00
1.320457577705383301e+00 2.145359277725219727e+00
2.366140127182006836e+00 6.295896768569946289e-01
2.962445259094238281e+00 5.138732790946960449e-01
2.381971120834350586e+00 1.030344009399414062e+00
2.749085426330566406e+00 6.502301692962646484e-01
1.952423810958862305e+00 6.359187364578247070e-01
9.337660074234008789e-01 1.469173073768615723e+00
1.724553823471069336e+00 1.432937264442443848e+00
1.029220461845397949e+00 1.394165635108947754e+00
1.244919657707214355e+00 1.058936119079589844e+00
1.248088717460632324e+00 1.506959199905395508e+00
1.216723680496215820e+00 2.508087873458862305e+00
1.879465460777282715e+00 8.658000230789184570e-01
1.419766426086425781e+00 6.527174115180969238e-01
1.177974462509155273e+00 1.436611175537109375e+00
1.280445933341979980e+00 1.520138978958129883e+00
1.415146589279174805e+00 1.679797291755676270e+00
1.177974462509155273e+00 1.436611175537109375e+00
2.460921555757522583e-02 7.493518590927124023e-01
1.085732221603393555e+00 7.395350933074951172e-01
4.432736337184906006e-01 1.595173120498657227e+00
0.000000000000000000e+00 1.490342497825622559e+00
1.737571477890014648e+00 2.207193076610565186e-01
7.447511553764343262e-01 4.487277567386627197e-01
6.093243956565856934e-01 8.868941068649291992e-01
1.978396058082580566e+00 1.493539065122604370e-01
1.785253882408142090e+00 0.000000000000000000e+00
1.245342969894409180e+00 6.719163060188293457e-02
1.508523702621459961e+00 6.286966800689697266e-02
1.923330903053283691e+00 0.000000000000000000e+00
1.228847980499267578e+00 5.178790092468261719e-01
1.464444041252136230e+00 4.491491615772247314e-01
9.797220826148986816e-01 5.686928629875183105e-01
1.055813193321228027e+00 6.724382638931274414e-01
1.136717796325683594e+00 2.640299499034881592e-01
1.181219816207885742e+00 0.000000000000000000e+00
7.906051874160766602e-01 0.000000000000000000e+00
7.257433533668518066e-01 2.859987020492553711e-01
6.170203685760498047e-01 3.817507028579711914e-01
2.010607719421386719e-01 4.153428077697753906e-01
4.708382785320281982e-01 6.941279172897338867e-01
8.390842080116271973e-01 6.064307093620300293e-01
4.014430046081542969e-01 8.029522895812988281e-01
8.292678594589233398e-01 4.789126813411712646e-01
2.775809764862060547e-01 1.782918214797973633e+00
0.000000000000000000e+00 1.353172659873962402e+00
3.952811360359191895e-01 8.715654611587524414e-01
1.739688217639923096e-01 4.626948535442352295e-01
6.799349784851074219e-01 4.895932972431182861e-01
7.057695835828781128e-02 9.917008876800537109e-01
3.602405637502670288e-02 9.130350351333618164e-01
9.832468628883361816e-01 4.209331274032592773e-01
4.840373992919921875e-01 3.500983715057373047e-01
3.865655362606048584e-01 7.437708377838134766e-01
0.000000000000000000e+00 1.284379661083221436e-01
5.635933876037597656e-01 2.056550383567810059e-01
1.014245033264160156e+00 1.675591319799423218e-01
2.623099386692047119e-01 6.060628890991210938e-01
2.250261306762695312e-01 7.273014783859252930e-01
4.338384270668029785e-01 5.045852661132812500e-01
7.844188064336776733e-02 6.048015356063842773e-01
2.972331643104553223e-01 9.999655485153198242e-01
3.967471718788146973e-01 7.818826436996459961e-01
6.865766644477844238e-01 9.574134349822998047e-01
2.645481228828430176e-01 9.682782888412475586e-01
4.152389466762542725e-01 6.166939735412597656e-01
2.405381202697753906e-01 6.262686848640441895e-01
5.610635280609130859e-01 3.600738644599914551e-01
4.274381399154663086e-01 6.012014150619506836e-01
4.920507371425628662e-01 6.004861593246459961e-01
3.267939388751983643e-01 6.935957670211791992e-01
1.407168507575988770e-01 9.358632564544677734e-01
5.348320603370666504e-01 7.678314447402954102e-01
6.051634550094604492e-01 6.919471025466918945e-01
1.362189054489135742e-01 4.675297141075134277e-01
3.176569044589996338e-01 7.407654523849487305e-01
1.067034676671028137e-01 1.608501523733139038e-01
4.131949245929718018e-01 3.952049612998962402e-01
5.824430286884307861e-02 4.601117074489593506e-01
1.849359571933746338e-01 8.739964962005615234e-01
2.631166577339172363e-01 8.375357389450073242e-01
4.857750833034515381e-01 1.083898663520812988e+00
8.290379643440246582e-01 6.348985433578491211e-01
5.437647700309753418e-01 7.512165307998657227e-01
0.000000000000000000e+00 6.451258659362792969e-01
2.156811654567718506e-01 1.062956929206848145e+00
5.073962360620498657e-02 9.376837015151977539e-01
2.919965386390686035e-01 6.634130477905273438e-01
4.940344393253326416e-01 1.081394076347351074e+00
0.000000000000000000e+00 7.375308275222778320e-01
0.000000000000000000e+00 5.731960535049438477e-01
2.561298608779907227e-01 8.743519783020019531e-01
0.000000000000000000e+00 7.179055213928222656e-01
