4.363365650177001953e+00 1.293817162513732910e-02
3.025092363357543945e+00 6.201860904693603516e-01
2.662140369415283203e+00 0.000000000000000000e+00
2.428267002105712891e+00 1.586171269416809082e+00
2.070026636123657227e+00 6.672649383544921875e-01
1.079431653022766113e+00 7.461824417114257812e-01
1.425759911537170410e+00 9.859021902084350586e-01
1.454557299613952637e+00 1.427526831626892090e+00
1.712169051170349121e+00 1.164043068885803223e+00
1.436150193214416504e+00 1.014133453369140625e+00
1.387152075767517090e+00 5.856400132179260254e-01
1.543745160102844238e+00 1.298466324806213379e+00
2.259164333343505859e+00 7.910137176513671875e-01
1.541119933128356934e+00 1.257001161575317383e+00
1.359230279922485352e+00 1.235750555992126465e+00
2.223164558410644531e+00 1.233303070068359375e+00
1.235354185104370117e+00 1.197448015213012695e+00
1.302028656005859375e+00 1.002039074897766113e+00
1.653815627098083496e+00 1.235155582427978516e+00
1.275034785270690918e+00 1.383090138435363770e+00
1.039839386940002441e+00 1.507221817970275879e+00
1.150456666946411133e+00 1.297046780586242676e+00
1.508113622665405273e+00 1.136640787124633789e+00
1.100082755088806152e+00 1.545403718948364258e+00
1.589533686637878418e+00 1.265361070632934570e+00
2.364306688308715820e+00 0.000000000000000000e+00
0.000000000000000000e+00 1.162554621696472168e+00
1.362215161323547363e+00 4.300058484077453613e-01
6.120628118515014648e-01 7.807499170303344727e-01
4.212882518768310547e-01 5.005608797073364258e-01
2.160450518131256104e-01 5.241638422012329102e-01
2.932104766368865967e-01 8.272216320037841797e-01
1.043471023440361023e-01 9.281454086303710938e-01
4.070342779159545898e-01 9.513858556747436523e-01
1.559325098991394043e+00 5.724506378173828125e-01
1.298313975334167480e+00 2.736769020557403564e-01
1.150578618049621582e+00 5.646611452102661133e-01
1.271213054656982422e+00 1.329599022865295410e-01
1.237493157386779785e+00 0.000000000000000000e+00
1.213925242424011230e+00 9.373959898948669434e-02
1.150679945945739746e+00 4.379756152629852295e-01
1.219998478889465332e+00 2.975719571113586426e-01
1.345030546188354492e+00 1.799845695495605469e-01
1.062439084053039551e+00 7.388197183609008789e-01
1.056213736534118652e+00 2.761375010013580322e-01
9.256930351257324219e-01 3.807794153690338135e-01
1.042873978614807129e+00 4.843052625656127930e-01
1.419353365898132324e+00 5.053428411483764648e-01
9.145925641059875488e-01 0.000000000000000000e+00
1.589561939239501953e+00 8.773407340049743652e-02
5.235615372657775879e-01 7.449542284011840820e-01
3.979758322238922119e-01 1.066863238811492920e-01
7.161491513252258301e-01 2.287239134311676025e-01
2.298461794853210449e-01 5.170410871505737305e-01
8.263511061668395996e-01 8.599098026752471924e-02
6.746149659156799316e-01 4.677933752536773682e-01
2.913224697113037109e-01 5.351167917251586914e-01
4.996719658374786377e-01 4.035209715366363525e-01
7.905632257461547852e-01 4.301448166370391846e-01
1.121708273887634277e+00 9.382413625717163086e-01
1.425593018531799316e+00 7.692421227693557739e-02
1.289714276790618896e-01 7.085443735122680664e-01
6.827756166458129883e-01 5.536677837371826172e-01
1.611770689487457275e-01 1.627917766571044922e+00
4.409336298704147339e-02 1.676619648933410645e+00
7.938251495361328125e-01 2.711476683616638184e-01
7.044488787651062012e-01 7.034550905227661133e-01
6.731589436531066895e-01 6.331479549407958984e-01
8.033562302589416504e-01 2.939881682395935059e-01
1.139371752738952637e+00 3.443175852298736572e-01
3.288609087467193604e-01 7.525954246520996094e-01
6.463966965675354004e-01 5.579547882080078125e-01
3.733722269535064697e-01 7.148678302764892578e-01
6.153184771537780762e-01 3.217543959617614746e-01
3.681942522525787354e-01 6.031639575958251953e-01
3.622860908508300781e-01 8.663787841796875000e-01
4.709999263286590576e-01 6.520482301712036133e-01
1.935137510299682617e-01 5.138003230094909668e-01
7.026913166046142578e-01 3.342381715774536133e-01
0.000000000000000000e+00 7.411323785781860352e-01
7.613117098808288574e-01 6.860510110855102539e-01
1.055971011519432068e-01 4.897922277450561523e-01
0.000000000000000000e+00 8.274379968643188477e-01
0.000000000000000000e+00 7.667409181594848633e-01
3.154536187648773193e-01 8.321160078048706055e-01
5.397575348615646362e-02 8.474960327148437500e-01
1.670640110969543457e-01 5.177449584007263184e-01
2.132613956928253174e-01 6.301397085189819336e-01
5.000494122505187988e-01 3.064532876014709473e-01
3.447822928428649902e-01 9.653831720352172852e-01
1.431237757205963135e-01 8.583202362060546875e-01
2.316745221614837646e-01 4.209149479866027832e-01
4.004575312137603760e-01 7.666708230972290039e-01
6.315427422523498535e-01 4.536117315292358398e-01
5.460886955261230469e-01 4.490295946598052979e-01
6.796682476997375488e-01 7.838975191116333008e-01
3.236810863018035889e-01 5.815627574920654297e-01
4.484587311744689941e-01 5.168344974517822266e-01
2.899496257305145264e-01 1.101730227470397949e+00
6.844674944877624512e-01 6.743001937866210938e-01
