4.363365650177001953e+00 1.293817162513732910e-02
3.366108655929565430e+00 1.276362180709838867e+00
3.764497995376586914e+00 5.524274110794067383e-01
3.420238494873046875e+00 7.693612575531005859e-01
2.309739589691162109e+00 7.136813402175903320e-01
2.823286771774291992e+00 1.652568936347961426e+00
3.162309885025024414e+00 1.184617877006530762e+00
2.123170614242553711e+00 7.102080583572387695e-01
2.594773054122924805e+00 1.090778827667236328e+00
1.332379817962646484e+00 2.038900613784790039e+00
1.308888196945190430e+00 1.140187501907348633e+00
3.101333141326904297e+00 2.267988204956054688e+00
2.378383874893188477e+00 7.511280775070190430e-01
2.117645740509033203e+00 9.934631586074829102e-01
2.080861568450927734e+00 1.310272574424743652e+00
2.566744804382324219e+00 7.234238386154174805e-01
1.676010489463806152e+00 1.170837283134460449e+00
1.794081807136535645e+00 9.342771768569946289e-01
1.529435753822326660e+00 1.745942473411560059e+00
1.482626199722290039e+00 1.004416584968566895e+00
2.007590770721435547e+00 6.521696448326110840e-01
1.330511450767517090e+00 1.311731219291687012e+00
1.473577976226806641e+00 6.893185377120971680e-01
2.650462865829467773e+00 1.012155652046203613e+00
1.909285306930541992e+00 1.656817078590393066e+00
4.922772347927093506e-01 1.064777135848999023e+00
8.913187384605407715e-01 2.628789544105529785e-01
9.638344645500183105e-01 2.171641826629638672e+00
9.297359585762023926e-01 1.266816854476928711e-01
1.634136080741882324e+00 2.207933962345123291e-01
1.327267765998840332e+00 2.465146183967590332e-01
1.220351815223693848e+00 1.244663715362548828e+00
9.545190930366516113e-01 2.083327472209930420e-01
1.536486029624938965e+00 3.583924770355224609e-01
1.169502496719360352e+00 5.602732896804809570e-01
1.087611317634582520e+00 4.877267181873321533e-01
1.157515287399291992e+00 3.377029299736022949e-01
7.181130051612854004e-01 4.205163717269897461e-01
6.448231935501098633e-01 6.333785057067871094e-01
5.476257801055908203e-01 5.294119119644165039e-01
7.667682766914367676e-01 7.460711002349853516e-01
1.253782272338867188e+00 6.454911828041076660e-01
8.008164167404174805e-01 4.416351318359375000e-01
5.636285543441772461e-01 9.024496078491210938e-01
8.557789921760559082e-01 4.902967214584350586e-01
1.412231028079986572e-01 2.943945825099945068e-01
5.972464680671691895e-01 4.299927651882171631e-01
7.291146516799926758e-01 5.419203042984008789e-01
5.576121807098388672e-01 1.070775151252746582e+00
2.531206309795379639e-01 5.123515129089355469e-01
7.628657221794128418e-01 3.543502390384674072e-01
3.536109924316406250e-01 3.915726840496063232e-01
2.555263638496398926e-01 1.003114223480224609e+00
7.057695835828781128e-02 9.917008876800537109e-01
9.817311912775039673e-02 6.855260133743286133e-01
3.925910294055938721e-01 8.423820734024047852e-01
1.317369192838668823e-02 4.077071249485015869e-01
5.587169528007507324e-01 4.159529805183410645e-01
5.047244429588317871e-01 6.914932727813720703e-01
4.860734641551971436e-01 2.864416837692260742e-01
1.939711570739746094e-01 1.049051642417907715e+00
5.041438341140747070e-01 6.968739032745361328e-01
4.346201121807098389e-01 6.119877099990844727e-01
3.674452304840087891e-01 3.679742813110351562e-01
3.927638828754425049e-01 6.712218523025512695e-01
4.840523600578308105e-01 8.071531057357788086e-01
1.314430534839630127e-01 7.404124736785888672e-01
1.748702228069305420e-01 6.398627758026123047e-01
2.165304124355316162e-01 4.747555553913116455e-01
3.746203482151031494e-01 3.293629288673400879e-01
4.938970804214477539e-01 6.753695011138916016e-01
6.082032918930053711e-01 6.417909860610961914e-01
1.632840931415557861e-01 7.004700899124145508e-01
1.627253890037536621e-01 9.544918537139892578e-01
4.208928048610687256e-01 6.378226280212402344e-01
0.000000000000000000e+00 8.870182037353515625e-01
1.938416957855224609e-01 4.660616815090179443e-01
1.494363248348236084e-01 7.092441320419311523e-01
0.000000000000000000e+00 1.035460352897644043e+00
7.369291037321090698e-02 5.877394676208496094e-01
3.447822928428649902e-01 9.653831720352172852e-01
1.797933578491210938e-01 7.961246967315673828e-01
4.353691041469573975e-01 4.093572497367858887e-01
1.327553093433380127e-01 5.070354938507080078e-01
5.584542751312255859e-01 8.140616416931152344e-01
3.791172802448272705e-01 8.377355337142944336e-01
1.769657135009765625e-01 4.200846254825592041e-01
4.276358336210250854e-02 4.383430182933807373e-01
4.937335103750228882e-02 1.064491629600524902e+00
3.152015507221221924e-01 5.955946445465087891e-01
2.831487357616424561e-01 7.909044027328491211e-01
2.346425950527191162e-01 6.579157710075378418e-01
2.843770086765289307e-01 9.813625812530517578e-01
1.173042505979537964e-02 6.448671817779541016e-01
0.000000000000000000e+00 7.559850215911865234e-01
1.188311800360679626e-01 5.911064147949218750e-01
6.664555519819259644e-02 9.703893661499023438e-01
2.790334075689315796e-02 5.579574108123779297e-01
8.475302904844284058e-02 6.962846517562866211e-01
0.000000000000000000e+00 4.254320263862609863e-01
