4.363365650177001953e+00 1.293817162513732910e-02
3.298734426498413086e+00 3.664200305938720703e-01
2.145265817642211914e+00 9.915659427642822266e-01
1.401101708412170410e+00 5.032390952110290527e-01
1.967649459838867188e+00 1.089515686035156250e+00
2.148422241210937500e+00 1.094564199447631836e+00
1.027102947235107422e+00 1.111388325691223145e+00
1.371648073196411133e+00 1.106678962707519531e+00
1.452868819236755371e+00 1.707335472106933594e+00
2.159828186035156250e+00 1.138381958007812500e+00
1.543745160102844238e+00 1.298466324806213379e+00
1.364929199218750000e+00 1.219686508178710938e+00
1.259099364280700684e+00 4.461376070976257324e-01
1.102814197540283203e+00 1.317911744117736816e+00
1.227681994438171387e+00 1.399910688400268555e+00
1.505214691162109375e+00 1.367375850677490234e+00
1.587696790695190430e+00 1.341994524002075195e+00
1.199323773384094238e+00 1.391409873962402344e+00
1.319144964218139648e+00 1.228156566619873047e+00
1.540238022804260254e+00 5.168346166610717773e-01
1.187094569206237793e+00 1.614541888236999512e+00
1.233684659004211426e+00 1.327979207038879395e+00
1.710713624954223633e+00 8.047637939453125000e-01
1.257393956184387207e+00 9.778798818588256836e-01
1.353445291519165039e+00 1.138338685035705566e+00
1.905767440795898438e+00 3.862099349498748779e-01
1.468968272209167480e+00 2.079799473285675049e-01
6.100377440452575684e-01 5.242840945720672607e-02
8.786963224411010742e-01 6.888979673385620117e-02
2.381746768951416016e-01 1.469987750053405762e+00
4.311816096305847168e-01 2.853011488914489746e-01
5.175088047981262207e-01 3.027661144733428955e-01
4.223981201648712158e-01 6.141024827957153320e-01
3.130713999271392822e-01 4.774053096771240234e-01
1.985469758510589600e-01 6.917239427566528320e-01
4.590661227703094482e-01 4.785454571247100830e-01
8.973906040191650391e-01 1.360363662242889404e-01
6.720040440559387207e-01 5.634940862655639648e-01
2.621716856956481934e-01 5.336642265319824219e-01
5.004631280899047852e-01 8.818333148956298828e-01
1.084624752402305603e-01 1.080876111984252930e+00
3.771538138389587402e-01 1.100666642189025879e+00
2.222685813903808594e-01 6.252081394195556641e-01
0.000000000000000000e+00 9.713512659072875977e-01
2.974042892456054688e-01 5.755367279052734375e-01
4.181399047374725342e-01 1.249073743820190430e+00
2.932104766368865967e-01 8.272217512130737305e-01
1.628194451332092285e-01 9.015939235687255859e-01
4.521154463291168213e-01 1.022740721702575684e+00
1.708240211009979248e-01 9.515115022659301758e-01
2.073872983455657959e-01 7.437171936035156250e-01
1.986902654170989990e-01 7.504158020019531250e-01
9.760371595621109009e-02 7.186102867126464844e-01
1.270859241485595703e+00 4.542779922485351562e-02
6.284315586090087891e-01 5.806356668472290039e-01
2.157056629657745361e-01 1.055313587188720703e+00
6.616719365119934082e-01 0.000000000000000000e+00
1.477737128734588623e-01 4.149536490440368652e-01
8.935561180114746094e-01 4.812076985836029053e-01
3.515863716602325439e-01 1.687108576297760010e-01
5.896097421646118164e-01 2.469192445278167725e-01
7.854515910148620605e-01 4.156808257102966309e-01
4.431440830230712891e-01 2.838192284107208252e-01
8.055928349494934082e-01 6.548408269882202148e-01
5.083646178245544434e-01 2.644281685352325439e-01
3.901801705360412598e-01 7.686583995819091797e-01
7.692654132843017578e-01 7.416164875030517578e-01
6.797266602516174316e-01 6.159211397171020508e-01
5.564685463905334473e-01 1.041718959808349609e+00
2.159117460250854492e-01 1.670810461044311523e+00
4.775569736957550049e-01 1.408215761184692383e+00
7.630884647369384766e-01 6.710453033447265625e-01
5.334156155586242676e-01 2.055066227912902832e-01
0.000000000000000000e+00 3.851872682571411133e-01
4.954514205455780029e-01 8.917698860168457031e-01
5.725169777870178223e-01 2.636698484420776367e-01
7.569026350975036621e-01 3.502683639526367188e-01
4.413342177867889404e-01 3.458760976791381836e-01
6.966933608055114746e-01 4.086560606956481934e-01
6.431670784950256348e-01 6.579940319061279297e-01
1.615390777587890625e-01 6.133117675781250000e-01
3.052400350570678711e-01 5.833952426910400391e-01
1.519943177700042725e-01 4.697172343730926514e-01
5.944827198982238770e-01 8.522887229919433594e-01
3.364017009735107422e-01 7.205431461334228516e-01
5.373880267143249512e-01 6.074593067169189453e-01
2.897002547979354858e-02 6.987861394882202148e-01
5.586757063865661621e-01 1.159939527511596680e+00
4.840795099735260010e-01 1.295964598655700684e+00
4.960113465785980225e-01 7.881944179534912109e-01
1.251930296421051025e-01 8.585127592086791992e-01
1.621784865856170654e-01 7.941639423370361328e-01
1.939014196395874023e-01 7.915989160537719727e-01
0.000000000000000000e+00 7.660177946090698242e-01
1.801175773143768311e-01 1.099196195602416992e+00
5.696023702621459961e-01 4.367411136627197266e-01
3.487341403961181641e-01 5.282963514328002930e-01
9.759031981229782104e-02 8.268206119537353516e-01
0.000000000000000000e+00 5.009347796440124512e-01
1.426874250173568726e-01 5.919941663742065430e-01
