4.363365650177001953e+00 1.293817162513732910e-02
2.815809726715087891e+00 6.398606300354003906e-01
2.436414718627929688e+00 0.000000000000000000e+00
2.250248908996582031e+00 1.636566400527954102e+00
1.966513514518737793e+00 1.157056570053100586e+00
1.646231532096862793e+00 1.274559378623962402e+00
1.616359233856201172e+00 6.713284254074096680e-01
1.490500450134277344e+00 9.607510566711425781e-01
1.154062628746032715e+00 1.728984951972961426e+00
1.740201354026794434e+00 1.144886255264282227e+00
1.218096971511840820e+00 1.270000696182250977e+00
1.617089390754699707e+00 1.124571919441223145e+00
1.123171567916870117e+00 1.139460086822509766e+00
1.293984293937683105e+00 1.074318289756774902e+00
1.114076018333435059e+00 1.476889371871948242e+00
1.110638856887817383e+00 1.231797933578491211e+00
1.539025425910949707e+00 1.338101148605346680e+00
1.140136957168579102e+00 1.672525882720947266e+00
1.029220461845397949e+00 1.394165635108947754e+00
1.589533686637878418e+00 1.265361070632934570e+00
1.210545659065246582e+00 2.355992078781127930e+00
1.589533686637878418e+00 1.265361070632934570e+00
1.031331300735473633e+00 1.408956527709960938e+00
1.589533686637878418e+00 1.265361070632934570e+00
1.970127940177917480e+00 1.021870970726013184e+00
2.323937416076660156e+00 6.936001032590866089e-02
7.407305836677551270e-01 2.887045741081237793e-01
2.364343702793121338e-01 9.580974578857421875e-01
2.914594709873199463e-01 1.252692580223083496e+00
3.978651463985443115e-01 6.830525398254394531e-01
2.048665881156921387e-01 9.630616903305053711e-01
2.364343404769897461e-01 9.580974578857421875e-01
9.802140593528747559e-01 4.868357479572296143e-01
9.916883707046508789e-01 2.476269304752349854e-01
1.211289405822753906e+00 1.917729675769805908e-01
1.417826175689697266e+00 7.112868130207061768e-02
5.451730489730834961e-01 5.032091587781906128e-02
1.333454728126525879e+00 2.340392768383026123e-01
1.345030546188354492e+00 1.799845695495605469e-01
1.108680486679077148e+00 3.756447732448577881e-01
1.316637158393859863e+00 2.413032650947570801e-01
9.960284829139709473e-01 2.886208891868591309e-01
1.607432007789611816e+00 1.001177430152893066e-01
1.369913220405578613e+00 1.463516354560852051e-01
9.306305050849914551e-01 5.957531929016113281e-01
1.607432007789611816e+00 1.001177430152893066e-01
9.960284829139709473e-01 2.886208891868591309e-01
4.697990119457244873e-01 5.059394836425781250e-01
2.298461794853210449e-01 5.170410871505737305e-01
2.714016735553741455e-01 5.771620273590087891e-01
8.436548113822937012e-01 1.629295051097869873e-01
1.051756620407104492e+00 2.992362082004547119e-01
1.071201324462890625e+00 9.283105134963989258e-01
6.812338829040527344e-01 0.000000000000000000e+00
4.464553594589233398e-01 2.993298172950744629e-01
9.590376019477844238e-01 5.463838577270507812e-01
3.852528929710388184e-01 2.635743319988250732e-01
3.391055166721343994e-01 4.623370766639709473e-01
5.655021071434020996e-01 5.548098087310791016e-01
6.198743581771850586e-01 3.478186130523681641e-01
8.333262205123901367e-01 3.655325472354888916e-01
6.079246997833251953e-01 4.890950024127960205e-01
1.182803273200988770e+00 2.677364051342010498e-01
7.227452993392944336e-01 7.485740184783935547e-01
1.461009979248046875e-01 1.329650163650512695e+00
9.091129302978515625e-01 4.519826769828796387e-01
5.107534527778625488e-01 4.480386376380920410e-01
1.988511383533477783e-01 3.952319622039794922e-01
2.731049656867980957e-01 6.444008946418762207e-01
4.133357107639312744e-01 7.975014448165893555e-01
4.165521264076232910e-01 5.040451884269714355e-01
5.191286802291870117e-01 2.621787190437316895e-01
0.000000000000000000e+00 1.712708473205566406e-01
7.869962453842163086e-01 8.273868560791015625e-01
6.108128428459167480e-01 4.920402765274047852e-01
9.864010214805603027e-01 1.987883448600769043e-01
1.397088915109634399e-02 5.660766363143920898e-01
7.109596580266952515e-02 6.680343151092529297e-01
1.817551553249359131e-01 7.665864229202270508e-01
5.919461846351623535e-01 1.003076434135437012e+00
6.189796328544616699e-01 6.049125194549560547e-01
8.578273057937622070e-01 3.606806993484497070e-01
3.802736103534698486e-01 5.727165937423706055e-01
7.497174143791198730e-01 2.845750749111175537e-01
4.636569917201995850e-01 4.600753784179687500e-01
2.871359884738922119e-01 5.574816465377807617e-01
5.896306037902832031e-01 2.043367624282836914e-01
3.157780468463897705e-01 1.663132309913635254e-01
1.894185543060302734e-01 9.197201728820800781e-01
4.865425527095794678e-01 6.504771709442138672e-01
7.467285990715026855e-01 2.314367592334747314e-01
1.074021682143211365e-01 7.872163057327270508e-01
2.900259494781494141e-01 7.489376068115234375e-01
2.293973863124847412e-01 7.188388109207153320e-01
1.338271051645278931e-02 8.781580924987792969e-01
7.229845523834228516e-01 9.129753112792968750e-01
5.338869094848632812e-01 4.235904216766357422e-01
2.947658002376556396e-01 4.579030275344848633e-01
8.274660259485244751e-02 7.164793014526367188e-01
1.887419819831848145e-01 7.266606092453002930e-01
