4.363365650177001953e+00 1.293817162513732910e-02
3.175815820693969727e+00 5.680749416351318359e-01
3.276336669921875000e+00 2.836062610149383545e-01
3.321703672409057617e+00 5.430241823196411133e-01
1.632713913917541504e+00 7.102611064910888672e-01
2.749644279479980469e+00 6.413033008575439453e-01
2.674329042434692383e+00 6.195647716522216797e-01
2.021436214447021484e+00 9.532686471939086914e-01
2.725464582443237305e+00 8.916704654693603516e-01
2.530432939529418945e+00 1.553349494934082031e+00
1.862043380737304688e+00 1.024626135826110840e+00
2.227231025695800781e+00 7.054560184478759766e-01
2.795838117599487305e+00 7.756795883178710938e-01
1.202085614204406738e+00 3.627037405967712402e-01
1.267529010772705078e+00 1.486310720443725586e+00
1.489213824272155762e+00 9.652614593505859375e-01
1.710207462310791016e+00 1.672398686408996582e+00
9.386143088340759277e-01 1.383160114288330078e+00
1.541571855545043945e+00 8.721345663070678711e-01
2.336004018783569336e+00 1.106276869773864746e+00
8.902286887168884277e-01 1.550437927246093750e+00
1.564407706260681152e+00 8.706988096237182617e-01
1.306705594062805176e+00 7.288676500320434570e-01
1.589533686637878418e+00 1.265361070632934570e+00
1.813316345214843750e+00 8.408880233764648438e-01
2.571353673934936523e+00 1.006552457809448242e+00
1.116454362869262695e+00 0.000000000000000000e+00
5.644509792327880859e-01 3.899339437484741211e-01
9.915553331375122070e-01 8.197669982910156250e-01
1.197586178779602051e+00 5.923832654953002930e-01
1.552504301071166992e+00 4.096417725086212158e-01
1.599275112152099609e+00 2.721008360385894775e-01
9.815461039543151855e-01 5.313990116119384766e-01
1.499743342399597168e+00 4.231379032135009766e-01
1.192966103553771973e+00 3.999540209770202637e-01
1.254592180252075195e+00 2.335212230682373047e-01
1.477302789688110352e+00 1.198185384273529053e-01
1.167584300041198730e+00 5.365381836891174316e-01
1.072603106498718262e+00 1.426339149475097656e-04
1.073615670204162598e+00 4.268083274364471436e-01
4.139054715633392334e-01 5.009413361549377441e-01
1.011367440223693848e+00 1.260564327239990234e+00
7.657493948936462402e-01 1.167785048484802246e+00
2.996412217617034912e-01 1.567692160606384277e+00
0.000000000000000000e+00 1.668872833251953125e+00
3.583290576934814453e-01 1.716125607490539551e+00
7.224349379539489746e-01 6.043822765350341797e-01
7.617374658584594727e-01 4.031466841697692871e-01
1.028194546699523926e+00 1.621948778629302979e-01
4.792421311140060425e-02 2.406291961669921875e-01
0.000000000000000000e+00 3.504278659820556641e-01
0.000000000000000000e+00 4.287782013416290283e-01
2.495479881763458252e-01 8.057804107666015625e-01
5.741797089576721191e-01 8.149124383926391602e-01
5.884424448013305664e-01 5.077737569808959961e-02
1.010873317718505859e+00 1.737409830093383789e-01
9.318249821662902832e-01 2.961779236793518066e-01
9.772586226463317871e-01 2.628327608108520508e-01
1.167149171233177185e-01 1.196968674659729004e+00
4.725250899791717529e-01 6.075873374938964844e-01
4.783751070499420166e-01 6.496312618255615234e-01
5.381000041961669922e-01 7.032680511474609375e-01
1.856329739093780518e-01 6.725062131881713867e-01
3.197470605373382568e-01 1.038682937622070312e+00
5.263255834579467773e-01 6.600315570831298828e-01
5.358960628509521484e-01 4.255374968051910400e-01
0.000000000000000000e+00 6.434383392333984375e-01
4.265073835849761963e-01 1.768475472927093506e-01
4.538140594959259033e-01 7.335258722305297852e-01
2.805320024490356445e-01 6.254884004592895508e-01
5.007493495941162109e-01 5.021126866340637207e-01
2.223982810974121094e-01 9.737875461578369141e-01
3.065739572048187256e-01 3.676756024360656738e-01
4.691416025161743164e-01 6.703559160232543945e-01
3.784924447536468506e-01 7.555021047592163086e-01
3.802682459354400635e-01 2.482434213161468506e-01
4.274381399154663086e-01 6.012014150619506836e-01
2.210539877414703369e-01 5.495855212211608887e-01
4.056839346885681152e-01 8.294601440429687500e-01
1.225067377090454102e-01 6.123116612434387207e-01
5.593966841697692871e-01 5.576733350753784180e-01
2.603188455104827881e-01 2.981880605220794678e-01
7.162636518478393555e-01 7.944632768630981445e-01
6.358765959739685059e-01 8.159490823745727539e-01
1.574420332908630371e-01 7.915116548538208008e-01
2.092717289924621582e-01 4.659711122512817383e-01
4.937335103750228882e-02 1.064491629600524902e+00
3.386059105396270752e-01 9.693396091461181641e-01
4.429464042186737061e-01 8.061736822128295898e-01
1.738464236259460449e-01 7.236995697021484375e-01
3.768530488014221191e-01 6.561613082885742188e-01
2.557755410671234131e-01 6.530454158782958984e-01
5.833915472030639648e-01 3.307715058326721191e-01
5.434255003929138184e-01 8.591928482055664062e-01
1.686370968818664551e-01 7.455397844314575195e-01
2.288233637809753418e-01 7.755506038665771484e-01
1.059841364622116089e-02 7.146396636962890625e-01
2.416026890277862549e-01 5.619885921478271484e-01
3.849972188472747803e-01 5.964894890785217285e-01
8.099212497472763062e-02 5.502235889434814453e-01
