4.363365650177001953e+00 1.293817162513732910e-02
3.681852102279663086e+00 3.586247861385345459e-01
4.455496788024902344e+00 2.746120989322662354e-01
2.966409921646118164e+00 3.439297378063201904e-01
3.666773557662963867e+00 4.910146296024322510e-01
3.334145307540893555e+00 1.018350958824157715e+00
2.556676864624023438e+00 7.466520071029663086e-01
2.814487218856811523e+00 3.937405049800872803e-01
3.144257545471191406e+00 3.539864122867584229e-01
3.067153453826904297e+00 2.315515130758285522e-01
1.408215045928955078e+00 1.454473614692687988e+00
2.184216022491455078e+00 9.829134941101074219e-01
1.472226142883300781e+00 1.032996654510498047e+00
2.261038780212402344e+00 6.585246324539184570e-01
3.021078824996948242e+00 3.949036598205566406e-01
2.260882377624511719e+00 1.180818676948547363e+00
1.895257115364074707e+00 1.266113162040710449e+00
2.326485872268676758e+00 7.810878753662109375e-01
1.180384874343872070e+00 1.613831162452697754e+00
1.404205799102783203e+00 1.036376357078552246e+00
9.385932683944702148e-01 1.210288405418395996e+00
2.638790607452392578e+00 4.907226860523223877e-01
1.420946717262268066e+00 7.147537469863891602e-01
1.017169117927551270e+00 1.008012890815734863e+00
1.498274564743041992e+00 8.255456686019897461e-01
5.847402215003967285e-01 9.185588359832763672e-01
1.235193133354187012e+00 0.000000000000000000e+00
9.128026962280273438e-01 2.621361017227172852e-01
1.689333915710449219e+00 0.000000000000000000e+00
1.270702362060546875e+00 0.000000000000000000e+00
1.306403517723083496e+00 3.631287217140197754e-01
1.274902820587158203e+00 4.096403717994689941e-02
1.064512610435485840e+00 5.222474336624145508e-01
1.185008406639099121e+00 0.000000000000000000e+00
3.234986960887908936e-01 1.317029595375061035e-01
1.223442673683166504e+00 6.770646572113037109e-01
5.155923962593078613e-01 1.177820920944213867e+00
1.067416548728942871e+00 3.307658731937408447e-01
2.379412055015563965e-01 2.862873971462249756e-01
1.564885377883911133e-01 7.611057758331298828e-01
4.975209832191467285e-01 1.238348126411437988e+00
1.903417408466339111e-01 1.736571669578552246e+00
3.394229114055633545e-01 4.603390991687774658e-01
1.596376597881317139e-01 3.887224197387695312e-01
0.000000000000000000e+00 4.287782013416290283e-01
1.684870421886444092e-01 2.798801660537719727e-01
9.393268227577209473e-01 0.000000000000000000e+00
6.626897454261779785e-01 3.158001899719238281e-01
4.948894083499908447e-01 1.959752142429351807e-01
6.903106570243835449e-01 6.011185646057128906e-01
1.163259863853454590e+00 6.063333749771118164e-01
3.992591202259063721e-01 1.052275300025939941e+00
4.072163403034210205e-01 8.491690158843994141e-01
4.725554883480072021e-01 7.794076204299926758e-01
4.403570890426635742e-01 2.643088698387145996e-01
6.370840072631835938e-01 3.927892744541168213e-01
7.686109095811843872e-02 9.866111278533935547e-01
4.156461954116821289e-01 4.850065708160400391e-01
3.037372529506683350e-01 5.006343126296997070e-01
5.077802538871765137e-01 7.246407270431518555e-01
7.715367078781127930e-01 6.373291015625000000e-01
1.992219984531402588e-01 7.619816064834594727e-01
1.105252653360366821e-02 1.149827241897583008e+00
2.899495661258697510e-01 1.101730227470397949e+00
4.133357107639312744e-01 7.975014448165893555e-01
1.215933263301849365e-01 7.830575704574584961e-01
1.917100548744201660e-01 6.184160709381103516e-01
5.452445745468139648e-01 5.237925648689270020e-01
4.601555168628692627e-01 5.890923738479614258e-01
4.622981548309326172e-01 8.688626289367675781e-01
3.378081321716308594e-01 9.508645534515380859e-01
2.645481228828430176e-01 9.682782888412475586e-01
7.188340276479721069e-02 7.659062147140502930e-01
1.159332320094108582e-01 7.346765995025634766e-01
5.539520382881164551e-01 5.569176673889160156e-01
3.995408713817596436e-01 5.241997241973876953e-01
2.037532627582550049e-01 3.725071251392364502e-01
0.000000000000000000e+00 5.621038675308227539e-01
7.665448635816574097e-02 8.996579647064208984e-01
1.003800109028816223e-01 7.057000398635864258e-01
2.375821769237518311e-01 6.936587095260620117e-01
1.321875751018524170e-01 4.971468150615692139e-01
4.644794464111328125e-01 5.877603888511657715e-01
0.000000000000000000e+00 8.605743646621704102e-01
3.290498852729797363e-01 8.974224328994750977e-01
0.000000000000000000e+00 6.640880107879638672e-01
3.274445235729217529e-01 9.755735397338867188e-01
5.130823850631713867e-01 8.095613718032836914e-01
0.000000000000000000e+00 7.179055213928222656e-01
1.425552368164062500e-01 1.021252155303955078e+00
2.552026212215423584e-01 8.208065032958984375e-01
2.060252726078033447e-01 5.000102519989013672e-01
2.245775759220123291e-01 5.303564071655273438e-01
4.740672409534454346e-01 6.250026226043701172e-01
4.966233670711517334e-01 4.937039017677307129e-01
1.611144244670867920e-01 1.030510663986206055e+00
1.633590161800384521e-01 7.727866172790527344e-01
3.482863306999206543e-01 6.566130518913269043e-01
5.220389962196350098e-01 9.237718582153320312e-01
2.955846190452575684e-01 6.402556896209716797e-01
