4.363365650177001953e+00 1.293817162513732910e-02
3.117606878280639648e+00 2.462300956249237061e-01
3.382858276367187500e+00 4.166793525218963623e-01
2.321831941604614258e+00 1.630799651145935059e+00
2.172988891601562500e+00 7.753777503967285156e-01
2.842146396636962891e+00 3.921883702278137207e-01
2.190004825592041016e+00 6.976233720779418945e-01
1.478522181510925293e+00 2.546802520751953125e+00
1.722400188446044922e+00 9.686980247497558594e-01
2.799641847610473633e+00 6.836642026901245117e-01
2.453244686126708984e+00 1.232346773147583008e+00
2.544316768646240234e+00 6.693710088729858398e-01
1.264003634452819824e+00 1.276758551597595215e+00
2.115570068359375000e+00 1.951725482940673828e+00
1.373072266578674316e+00 1.442431211471557617e+00
1.661541581153869629e+00 1.165093660354614258e+00
1.163821220397949219e+00 1.518009185791015625e+00
1.251636028289794922e+00 2.352314949035644531e+00
1.713550448417663574e+00 1.263604879379272461e+00
1.783583521842956543e+00 7.860184907913208008e-01
1.175647854804992676e+00 1.627633333206176758e+00
1.312496781349182129e+00 1.269058346748352051e+00
1.415146589279174805e+00 1.679797291755676270e+00
1.248876929283142090e+00 1.211040854454040527e+00
1.257393956184387207e+00 9.778798818588256836e-01
1.049416184425354004e+00 2.631162405014038086e-01
1.379483938217163086e+00 2.022852003574371338e-01
1.611362397670745850e-01 1.451752424240112305e+00
1.711939871311187744e-01 1.107314229011535645e+00
1.984037399291992188e+00 3.010806441307067871e-02
7.447511553764343262e-01 4.487277567386627197e-01
1.597444713115692139e-01 8.920060396194458008e-01
6.093244552612304688e-01 8.868941068649291992e-01
1.889311313629150391e+00 2.882997393608093262e-01
1.010867238044738770e+00 5.865218639373779297e-01
1.201276063919067383e+00 4.422194957733154297e-01
1.600320219993591309e+00 6.512137502431869507e-02
1.252923250198364258e+00 4.183627068996429443e-01
1.310180187225341797e+00 1.076624393463134766e+00
1.080628156661987305e+00 1.980257332324981689e-01
1.322928190231323242e+00 1.466986089944839478e-01
9.441649913787841797e-01 0.000000000000000000e+00
9.638828635215759277e-01 3.963661491870880127e-01
1.214200019836425781e+00 5.833857059478759766e-01
1.201748490333557129e+00 1.899757087230682373e-01
6.546948552131652832e-01 0.000000000000000000e+00
5.363323092460632324e-01 3.034775555133819580e-01
5.590286850929260254e-01 1.060870885848999023e-01
4.543292820453643799e-01 2.975833415985107422e-02
5.487578511238098145e-01 1.833285391330718994e-01
2.551296353340148926e-01 7.604330778121948242e-01
4.277996718883514404e-01 3.830337524414062500e-01
7.263666391372680664e-01 7.254896163940429688e-01
8.485282063484191895e-01 3.056072592735290527e-01
1.273445010185241699e+00 1.662043631076812744e-01
5.249273180961608887e-01 6.365710496902465820e-01
0.000000000000000000e+00 1.704976916313171387e+00
0.000000000000000000e+00 1.172666430473327637e+00
2.558499276638031006e-01 1.394662380218505859e+00
5.012085288763046265e-02 1.445006370544433594e+00
0.000000000000000000e+00 1.484351754188537598e+00
1.023583650588989258e+00 6.485115289688110352e-01
5.483028888702392578e-01 3.777710199356079102e-01
3.614932000637054443e-01 2.809248864650726318e-01
7.671941518783569336e-01 1.255350410938262939e-01
6.326777935028076172e-01 8.075025081634521484e-01
8.049436211585998535e-01 5.730990171432495117e-01
2.346425950527191162e-01 6.579157710075378418e-01
2.162314951419830322e-01 3.792492449283599854e-01
6.002135574817657471e-03 5.230180025100708008e-01
3.518950194120407104e-02 5.345034599304199219e-01
1.908671855926513672e-01 3.605420887470245361e-01
1.321127414703369141e-01 4.102881848812103271e-01
8.587661385536193848e-01 2.796760201454162598e-01
8.493140339851379395e-01 2.155996561050415039e-01
7.906262278556823730e-01 4.225802719593048096e-01
2.749080657958984375e-01 1.080322146415710449e+00
4.860734641551971436e-01 2.864416837692260742e-01
1.461119055747985840e-01 5.401484966278076172e-01
4.813867509365081787e-01 1.016303658485412598e+00
6.048845648765563965e-01 3.645122051239013672e-01
1.408574879169464111e-01 7.271883487701416016e-01
2.603782415390014648e-01 6.014999151229858398e-01
4.275043904781341553e-01 5.635211467742919922e-01
2.955659478902816772e-02 7.315498590469360352e-01
1.858310401439666748e-01 6.731132268905639648e-01
0.000000000000000000e+00 2.561861276626586914e-01
2.611035704612731934e-01 7.966517210006713867e-01
3.125863969326019287e-01 8.917773962020874023e-01
0.000000000000000000e+00 1.530267000198364258e-01
1.829683780670166016e-01 2.375871241092681885e-01
1.424576938152313232e-01 5.794352293014526367e-01
3.831811249256134033e-01 6.160939931869506836e-01
3.475451171398162842e-01 7.077491283416748047e-01
3.225280642509460449e-01 3.696318268775939941e-01
5.020488500595092773e-01 6.283565759658813477e-01
4.439845383167266846e-01 5.914539098739624023e-01
2.148563265800476074e-01 6.329491138458251953e-01
2.109606862068176270e-01 6.621721982955932617e-01
0.000000000000000000e+00 4.898212552070617676e-01
