1	19
1	70
1	335
1	504
2	914
2	979
2	991
2	992
3	387
3	791
3	792
3	908
4	161
4	316
4	437
4	513
5	962
5	987
5	988
5	989
6	46
6	696
6	754
6	773
7	448
7	474
7	596
7	599
8	716
8	937
8	949
8	970
9	796
9	830
9	868
9	898
10	107
10	155
10	254
10	794
11	951
11	982
11	983
11	984
12	774
12	813
12	816
12	835
13	375
13	866
13	888
13	902
14	50
14	115
14	392
14	682
15	890
15	921
15	961
15	966
16	901
16	982
16	983
16	984
17	955
17	973
17	975
17	985
18	914
18	979
18	991
18	992
19	1
19	393
19	504
19	542
20	485
20	683
20	728
20	916
21	877
21	887
21	903
21	952
22	456
22	759
22	833
22	856
23	382
23	494
23	512
23	587
24	842
24	876
24	906
24	909
25	557
25	895
25	906
25	909
26	454
26	544
26	560
26	594
27	99
27	290
27	307
27	333
28	763
28	844
28	863
28	952
29	114
29	393
29	504
29	542
30	170
30	253
30	562
30	580
31	961
31	966
31	968
31	971
32	52
32	90
32	136
32	295
33	97
33	189
33	336
33	570
34	844
34	874
34	903
34	952
35	293
35	315
35	759
35	856
36	899
36	967
36	974
36	978
37	55
37	253
37	562
37	580
38	445
38	846
38	850
38	925
39	948
39	982
39	983
39	984
40	602
40	918
40	945
40	956
41	659
41	665
41	762
41	789
42	953
42	967
42	974
42	978
43	84
43	121
43	159
43	231
44	879
44	899
44	967
44	978
45	914
45	979
45	991
45	992
46	6
46	140
46	754
46	773
47	921
47	938
47	954
47	961
48	725
48	730
48	906
48	909
49	772
49	782
49	862
49	898
50	14
50	266
50	594
50	682
51	52
51	90
51	136
51	295
52	32
52	51
52	90
52	136
53	209
53	717
53	834
53	902
54	939
54	976
54	991
54	992
55	37
55	132
55	562
55	580
56	130
56	621
56	646
56	908
57	105
57	497
57	650
57	956
58	370
58	664
58	692
58	789
59	162
59	233
59	497
59	650
60	687
60	844
60	877
60	952
61	674
61	932
61	949
61	970
62	640
62	781
62	817
62	1000
63	893
63	972
63	977
63	981
64	137
64	420
64	449
64	554
65	658
65	766
65	892
65	916
66	705
66	883
66	904
66	928
67	713
67	729
67	756
67	817
68	878
68	953
68	974
68	978
69	591
69	696
69	754
69	773
70	1
70	393
70	542
71	942
71	973
71	975
71	985
72	561
72	575
72	590
72	608
73	489
73	500
73	888
73	902
74	723
74	785
74	925
74	928
75	288
75	716
75	911
75	923
76	588
76	622
76	669
76	679
77	421
77	764
77	866
77	888
78	890
78	954
78	961
78	971
79	894
79	973
79	975
79	985
80	927
80	937
80	949
80	970
81	561
81	575
81	590
81	601
82	825
82	927
82	932
82	970
83	183
83	490
83	516
83	582
84	43
84	121
84	218
84	231
85	948
85	982
85	983
85	984
86	947
86	982
86	983
86	984
87	449
87	524
87	554
87	573
88	212
88	242
88	245
88	289
89	943
89	945
89	956
89	959
90	32
90	51
90	52
90	295
91	853
91	897
91	956
91	959
92	955
92	969
92	975
92	985
93	917
93	921
93	966
93	971
94	561
94	590
94	601
94	608
95	894
95	973
95	975
95	985
96	996
96	997
96	998
96	1000
97	33
97	281
97	426
97	570
98	939
98	976
98	991
98	992
99	27
99	203
99	290
99	333
100	535
100	634
100	669
100	679
101	997
101	998
101	999
101	1000
102	893
102	919
102	977
102	981
103	913
103	930
103	977
103	981
104	965
104	987
104	988
104	989
105	57
105	162
105	233
105	650
106	942
106	969
106	975
106	985
107	10
107	559
107	586
107	809
108	757
108	867
108	871
108	936
109	772
109	803
109	830
109	898
110	969
110	973
110	975
110	985
111	158
111	192
111	497
111	650
112	920
112	929
112	931
112	934
113	751
113	803
113	868
113	898
114	29
114	335
114	504
114	542
115	14
115	544
115	594
115	682
116	880
116	962
116	988
116	989
117	893
117	944
117	977
117	981
118	944
118	972
118	977
118	981
119	575
119	590
119	601
119	608
120	944
120	972
120	977
120	981
121	43
121	84
121	159
121	231
122	800
122	879
122	953
122	978
123	857
123	972
123	977
123	981
124	212
124	242
124	245
124	289
125	701
125	759
125	833
125	856
126	357
126	427
126	471
126	472
127	927
127	937
127	949
127	970
128	897
128	918
128	956
128	959
129	155
129	455
129	559
129	809
130	56
130	519
130	703
130	908
131	706
131	920
131	931
131	934
132	55
132	253
132	562
132	580
133	675
133	779
133	790
133	851
134	221
134	421
134	517
134	888
135	963
135	976
135	991
135	992
136	32
136	51
136	52
136	295
137	64
137	449
137	524
137	573
138	881
138	893
138	972
138	981
139	487
139	696
139	754
139	773
140	46
140	583
140	696
140	773
141	944
141	977
141	981
142	878
142	922
142	967
142	978
143	683
143	884
143	892
143	916
144	210
144	524
144	554
144	573
145	957
145	987
145	988
145	989
146	918
146	943
146	945
146	959
147	830
147	862
147	868
147	898
148	443
148	876
148	895
148	909
149	823
149	887
149	903
149	952
150	905
150	969
150	973
150	985
151	863
151	874
151	887
151	952
152	161
152	307
152	437
152	513
153	165
153	270
153	296
153	359
154	872
154	915
154	943
154	959
155	10
155	129
155	794
155	809
156	938
156	954
156	961
156	968
157	997
157	998
157	999
157	1000
158	111
158	192
158	497
158	650
159	43
159	121
159	218
159	231
160	537
160	688
160	851
160	852
161	4
161	152
161	251
161	513
162	59
162	105
162	233
162	650
163	947
163	982
163	983
163	984
164	861
164	882
164	907
164	946
165	153
165	176
165	261
165	359
166	830
166	862
166	868
166	898
167	845
167	929
167	931
167	934
168	410
168	411
168	620
168	888
169	617
169	907
169	941
169	946
170	30
170	223
170	562
170	580
171	796
171	862
171	868
171	898
172	947
172	982
172	983
172	984
173	251
173	316
173	437
173	513
174	295
174	696
174	754
174	773
175	947
175	982
175	983
175	984
176	165
176	261
176	270
176	296
177	963
177	979
177	991
177	992
178	922
178	953
178	974
178	978
179	495
179	777
179	851
179	852
180	491
180	593
180	884
180	892
181	357
181	427
181	471
181	472
182	263
182	882
182	941
182	946
183	83
183	425
183	516
183	619
184	965
184	987
184	988
184	989
185	713
185	756
185	781
185	817
186	976
186	979
186	991
186	992
187	950
187	982
187	983
187	984
188	996
188	997
188	999
188	1000
189	33
189	371
189	426
189	570
190	860
190	953
190	974
190	978
191	279
191	441
191	794
191	809
192	111
192	158
192	497
192	650
193	912
193	953
193	974
193	978
194	955
194	969
194	975
194	985
195	777
195	790
195	851
195	852
196	782
196	862
196	868
196	898
197	799
197	937
197	949
197	970
198	997
198	998
198	999
198	1000
199	938
199	954
199	966
199	971
200	942
200	973
200	975
200	985
201	729
201	756
201	781
201	817
202	445
202	494
202	512
202	587
203	99
203	290
203	307
203	333
204	996
204	998
204	999
204	1000
205	301
205	474
205	596
205	599
206	919
206	972
206	977
206	981
207	454
207	560
207	594
207	682
208	965
208	987
208	988
208	989
209	53
209	498
209	834
209	866
210	144
210	420
210	524
210	573
211	693
211	807
211	953
211	974
212	88
212	124
212	245
212	289
213	243
213	445
213	512
213	550
214	922
214	953
214	967
214	978
215	279
215	455
215	673
215	794
216	758
216	859
216	891
216	936
217	930
217	944
217	972
217	981
218	84
218	159
218	231
218	575
219	643
219	884
219	892
219	916
220	969
220	973
220	975
220	985
221	134
221	492
221	888
221	902
222	997
222	998
222	999
222	1000
223	170
223	562
223	580
224	863
224	874
224	903
224	952
225	425
225	490
225	582
225	619
226	913
226	944
226	972
226	977
227	622
227	634
227	669
227	679
228	774
228	813
228	816
228	835
229	427
229	471
229	472
230	938
230	961
230	966
230	968
230	971
231	43
231	84
231	121
231	159
231	218
232	733
232	757
232	761
232	871
232	936
233	59
233	105
233	162
233	497
233	650
234	593
234	728
234	884
234	892
234	916
235	763
235	874
235	887
235	903
235	952
236	398
236	744
236	861
236	941
236	946
237	464
237	640
237	713
237	781
237	817
238	880
238	962
238	987
238	988
238	989
239	917
239	938
239	954
239	966
239	968
240	889
240	932
240	937
240	949
240	970
241	722
241	918
241	943
241	945
241	959
242	88
242	124
242	245
242	289
242	453
243	213
243	382
243	494
243	550
243	587
244	671
244	896
244	929
244	931
244	934
245	88
245	124
245	212
245	242
245	289
246	588
246	622
246	634
246	669
246	679
247	957
247	965
247	987
247	988
247	989
248	683
248	709
248	884
248	892
248	916
249	659
249	664
249	692
249	762
249	789
250	603
250	805
250	824
250	827
251	161
251	173
251	316
251	437
251	513
252	432
252	715
252	844
252	874
252	952
253	30
253	37
253	132
253	562
253	580
254	10
254	428
254	673
254	794
254	809
255	441
255	586
255	673
255	794
255	809
256	815
256	920
256	929
256	931
256	934
257	954
257	961
257	966
257	968
257	971
258	917
258	921
258	954
258	968
258	971
259	881
259	913
259	944
259	977
259	981
260	585
260	660
260	805
260	824
260	827
261	165
261	176
261	270
261	296
261	359
262	399
262	659
262	664
262	692
262	789
263	182
263	793
263	907
263	941
263	946
264	880
264	962
264	987
264	988
264	989
265	890
265	938
265	961
265	968
265	971
266	50
266	451
266	454
266	560
266	682
267	661
267	761
267	769
267	859
267	936
268	865
268	942
268	955
268	973
268	985
269	942
269	955
269	969
269	973
269	985
270	153
270	176
270	261
270	296
270	359
271	611
271	715
271	823
271	877
271	952
272	844
272	863
272	887
272	903
272	952
273	921
273	954
273	961
273	966
273	968
274	915
274	943
274	945
274	956
274	959
275	901
275	947
275	982
275	983
275	984
276	546
276	861
276	907
276	941
276	946
277	860
277	912
277	953
277	974
277	978
278	546
278	861
278	882
278	907
278	946
279	191
279	215
279	559
279	673
279	809
280	955
280	969
280	973
280	975
280	985
281	97
281	283
281	336
281	426
281	570
282	340
282	769
282	867
282	891
282	936
283	281
283	336
283	371
283	426
283	570
284	785
284	850
284	883
284	925
284	928
285	517
285	525
285	834
285	848
285	866
286	698
286	836
286	858
286	925
286	928
287	458
287	707
287	847
287	867
287	936
288	75
288	889
288	923
288	927
288	949
289	88
289	124
289	212
289	242
289	245
290	27
290	99
290	203
290	307
290	333
291	818
291	880
291	987
291	988
291	989
292	963
292	976
292	979
292	991
292	992
293	35
293	624
293	701
293	759
293	856
294	886
294	976
294	979
294	991
294	992
295	32
295	51
295	90
295	136
295	174
296	153
296	176
296	261
296	270
296	359
297	899
297	953
297	967
297	974
297	978
298	366
298	509
298	624
298	833
298	856
299	713
299	729
299	756
299	781
299	817
300	864
300	965
300	987
300	988
300	989
301	205
301	322
301	429
301	596
301	599
302	614
302	763
302	811
302	877
302	952
303	784
303	957
303	987
303	988
303	989
304	684
304	764
304	834
304	888
304	902
305	938
305	954
305	966
305	968
305	971
306	879
306	922
306	967
306	974
306	978
307	27
307	152
307	203
307	290
307	333
308	421
308	717
308	848
308	866
308	888
309	996
309	997
309	998
309	999
309	1000
310	921
310	954
310	966
310	968
310	971
311	926
311	930
311	972
311	977
311	981
312	327
312	711
312	861
312	941
312	946
313	783
313	872
313	918
313	943
313	959
314	703
314	721
314	765
314	791
314	908
315	35
315	339
315	759
315	833
315	856
316	4
316	173
316	251
316	437
316	513
317	889
317	932
317	937
317	949
317	970
318	577
318	707
318	712
318	750
318	835
319	511
319	603
319	666
319	676
319	824
320	996
320	997
320	998
320	999
320	1000
321	688
321	777
321	790
321	851
321	852
322	301
322	429
322	448
322	596
322	599
323	668
323	920
323	929
323	931
323	934
324	821
324	842
324	895
324	906
324	909
325	919
325	926
325	972
325	977
325	981
326	846
326	883
326	904
326	925
326	928
327	312
327	546
327	747
327	941
327	946
328	711
328	793
328	882
328	941
328	946
329	839
329	923
329	927
329	937
329	970
330	878
330	922
330	967
330	974
330	978
331	456
331	521
331	624
331	833
331	856
332	428
332	586
332	673
332	794
332	809
333	27
333	99
333	203
333	290
333	307
334	811
334	863
334	887
334	903
334	952
335	1
335	114
335	393
335	504
335	542
336	33
336	281
336	283
336	371
336	570
337	796
337	803
337	862
337	868
337	898
338	942
338	955
338	973
338	975
338	985
339	315
339	505
339	701
339	833
339	856
340	282
340	787
340	847
340	859
340	936
341	658
341	709
341	884
341	892
341	916
342	407
342	643
342	766
342	884
342	916
343	939
343	963
343	979
343	991
343	992
344	712
344	727
344	741
344	813
344	835
345	881
345	926
345	972
345	977
345	981
346	843
346	962
346	987
346	988
346	989
347	886
347	976
347	979
347	991
347	992
348	438
348	574
348	664
348	762
348	789
349	491
349	623
349	766
349	884
349	916
350	996
350	997
350	998
350	999
350	1000
351	947
351	950
351	951
351	982
351	984
352	900
352	976
352	979
352	991
352	992
353	440
353	490
353	582
353	619
354	463
354	861
354	907
354	941
354	946
355	597
355	740
355	777
355	779
355	852
356	694
356	703
356	735
356	765
356	908
357	126
357	181
357	427
357	471
357	472
358	873
358	947
358	951
358	983
358	984
359	153
359	165
359	261
359	270
359	296
360	841
360	926
360	972
360	977
360	981
361	915
361	943
361	945
361	956
361	959
362	918
362	943
362	945
362	956
362	959
363	913
363	926
363	930
363	977
363	981
364	837
364	938
364	961
364	966
364	971
365	948
365	950
365	982
365	983
365	984
366	298
366	505
366	759
366	833
366	856
367	926
367	930
367	944
367	972
367	981
368	752
368	758
368	769
368	891
368	936
369	640
369	729
369	756
369	781
369	817
370	58
370	438
370	665
370	762
370	789
371	189
371	283
371	336
371	426
371	570
372	561
372	575
372	590
372	601
372	608
373	885
373	939
373	979
373	991
373	992
374	865
374	955
374	969
374	975
374	985
375	13
375	411
375	551
375	848
375	866
376	815
376	896
376	920
376	929
376	934
377	900
377	910
377	976
377	991
377	992
378	854
378	953
378	967
378	974
378	978
379	782
379	803
379	862
379	868
379	898
380	519
380	670
380	732
380	791
380	908
381	384
381	489
381	500
381	620
381	902
382	23
382	243
382	512
382	550
382	587
383	511
383	555
383	641
383	666
383	824
383	827
384	381
384	689
384	717
384	764
384	888
384	902
385	897
385	915
385	943
385	945
385	956
385	959
386	487
386	530
386	583
386	591
386	754
386	773
387	3
387	523
387	621
387	670
387	792
387	908
388	914
388	963
388	976
388	979
388	991
388	992
389	398
389	747
389	793
389	907
389	941
389	946
390	995
390	996
390	997
390	998
390	999
390	1000
391	837
391	921
391	961
391	966
391	968
391	971
392	14
392	451
392	544
392	560
392	594
392	682
393	19
393	29
393	70
393	335
393	504
393	542
394	890
394	954
394	961
394	966
394	968
394	971
395	640
395	713
395	729
395	756
395	781
395	817
396	511
396	585
396	676
396	805
396	824
396	827
397	725
397	821
397	876
397	895
397	906
397	909
398	236
398	389
398	744
398	882
398	941
398	946
399	262
399	574
399	665
399	692
399	762
399	789
400	957
400	962
400	965
400	987
400	988
400	989
401	535
401	588
401	622
401	634
401	669
401	679
402	483
402	853
402	918
402	943
402	945
402	956
403	917
403	954
403	961
403	966
403	968
403	971
404	501
404	749
404	761
404	847
404	871
404	936
405	459
405	711
405	882
405	907
405	941
405	946
406	607
406	912
406	953
406	967
406	974
406	978
407	342
407	658
407	709
407	728
407	892
407	916
408	543
408	706
408	920
408	929
408	931
408	934
409	655
409	712
409	727
409	750
409	816
409	835
410	168
410	689
410	848
410	866
410	888
410	902
411	168
411	375
411	498
411	517
411	834
411	866
412	897
412	915
412	943
412	945
412	956
412	959
413	719
413	733
413	757
413	867
413	871
413	936
414	995
414	996
414	997
414	998
414	999
414	1000
415	910
415	939
415	963
415	976
415	991
415	992
416	473
416	896
416	920
416	929
416	931
416	934
417	800
417	854
417	912
417	953
417	967
417	974
418	702
418	821
418	842
418	895
418	906
418	909
419	948
419	950
419	951
419	982
419	983
419	984
420	64
420	210
420	449
420	524
420	554
420	573
421	77
421	134
421	308
421	620
421	834
421	848
422	775
422	841
422	944
422	972
422	977
422	981
423	726
423	737
423	897
423	945
423	956
423	959
424	995
424	996
424	997
424	998
424	999
424	1000
425	183
425	225
425	440
425	516
425	582
425	619
426	97
426	189
426	281
426	283
426	371
426	570
427	126
427	181
427	229
427	357
427	471
427	472
428	254
428	332
428	586
428	673
428	794
428	809
429	301
429	322
429	448
429	474
429	596
429	599
430	910
430	963
430	976
430	979
430	991
430	992
431	681
431	962
431	965
431	987
431	988
431	989
432	252
432	863
432	874
432	877
432	903
432	952
433	810
433	846
433	883
433	904
433	925
433	928
434	947
434	950
434	951
434	982
434	983
434	984
435	948
435	950
435	951
435	982
435	983
435	984
436	948
436	950
436	951
436	982
436	983
436	984
437	4
437	152
437	173
437	251
437	316
437	513
438	348
438	370
438	574
438	665
438	762
438	789
439	864
439	962
439	965
439	987
439	988
439	989
440	353
440	425
440	490
440	516
440	582
440	619
441	191
441	255
441	455
441	586
441	794
441	809
442	551
442	764
442	834
442	866
442	888
442	902
443	148
443	842
443	876
443	895
443	906
443	909
444	797
444	845
444	896
444	929
444	931
444	934
445	38
445	202
445	213
445	494
445	550
445	587
446	646
446	703
446	721
446	735
446	792
446	908
447	829
447	864
447	957
447	987
447	988
447	989
448	7
448	322
448	429
448	474
448	596
448	599
449	64
449	87
449	137
449	420
449	554
449	573
450	853
450	915
450	918
450	945
450	956
450	959
451	266
451	392
451	454
451	544
451	560
451	682
452	915
452	918
452	943
452	945
452	956
452	959
453	242
453	948
453	950
453	982
453	983
453	984
454	26
454	207
454	266
454	451
454	544
454	594
455	129
455	215
455	441
455	559
455	673
455	794
456	22
456	331
456	701
456	759
456	833
456	856
457	725
457	842
457	876
457	895
457	906
457	909
458	287
458	501
458	859
458	867
458	891
458	936
459	405
459	747
459	882
459	907
459	941
459	946
460	917
460	938
460	954
460	966
460	968
460	971
461	957
461	962
461	965
461	987
461	988
461	989
462	606
462	699
462	861
462	882
462	941
462	946
463	354
463	617
463	793
463	882
463	907
463	946
464	237
464	713
464	729
464	756
464	781
464	817
465	995
465	996
465	997
465	998
465	999
465	1000
466	917
466	954
466	961
466	966
466	968
466	971
467	838
467	942
467	969
467	973
467	975
467	985
468	776
468	860
468	878
468	922
468	974
468	978
469	818
469	829
469	957
469	965
469	987
469	989
470	618
470	927
470	932
470	937
470	949
470	970
471	126
471	181
471	229
471	357
471	427
471	472
472	126
472	181
472	229
472	357
472	427
472	471
473	416
473	668
473	896
473	929
473	931
473	934
474	7
474	205
474	429
474	448
474	596
474	599
475	872
475	897
475	915
475	943
475	956
475	959
476	763
476	811
476	874
476	877
476	887
476	952
477	860
477	878
477	922
477	967
477	974
477	978
478	783
478	872
478	943
478	945
478	956
478	959
479	894
479	942
479	955
479	969
479	975
479	985
480	812
480	955
480	969
480	973
480	975
480	985
481	995
481	996
481	997
481	998
481	999
481	1000
482	821
482	842
482	876
482	895
482	906
482	909
483	402
483	897
483	915
483	943
483	956
483	959
484	709
484	728
484	766
484	884
484	892
484	916
485	20
485	623
485	683
485	884
485	892
485	916
486	948
486	950
486	951
486	982
486	983
486	984
487	139
487	386
487	530
487	583
487	591
487	754
487	773
488	656
488	839
488	923
488	927
488	937
488	949
488	970
489	73
489	381
489	525
489	717
489	848
489	888
489	902
490	83
490	225
490	353
490	440
490	516
490	582
490	619
491	180
491	349
491	658
491	766
491	884
491	892
491	916
492	221
492	498
492	834
492	848
492	866
492	888
492	902
493	798
493	957
493	962
493	965
493	987
493	988
493	989
494	23
494	202
494	243
494	445
494	512
494	550
494	587
495	179
495	675
495	684
495	779
495	790
495	851
495	852
496	675
496	684
496	740
496	777
496	779
496	851
496	852
497	57
497	59
497	111
497	158
497	192
497	233
497	650
498	209
498	411
498	492
498	620
498	689
498	764
498	848
499	865
499	905
499	942
499	969
499	973
499	975
499	985
500	73
500	381
500	689
500	717
500	848
500	888
500	902
501	404
501	458
501	757
501	761
501	787
501	859
501	936
502	797
502	845
502	896
502	920
502	929
502	931
502	934
503	702
503	730
503	821
503	842
503	876
503	906
503	909
504	1
504	19
504	29
504	114
504	335
504	393
504	542
505	339
505	366
505	509
505	624
505	759
505	833
505	856
506	687
506	763
506	844
506	863
506	874
506	903
506	952
507	822
507	957
507	962
507	965
507	987
507	988
507	989
508	820
508	942
508	955
508	969
508	973
508	975
508	985
509	298
509	505
509	521
509	624
509	701
509	833
509	856
510	839
510	911
510	923
510	932
510	937
510	949
510	970
511	319
511	383
511	396
511	585
511	805
511	824
511	827
512	23
512	202
512	213
512	382
512	494
512	550
512	587
513	4
513	152
513	161
513	173
513	251
513	316
513	437
514	785
514	836
514	850
514	869
514	904
514	925
514	928
515	870
515	910
515	963
515	976
515	979
515	991
515	992
516	83
516	183
516	425
516	440
516	490
516	582
516	619
517	134
517	285
517	411
517	689
517	834
517	866
517	888
518	870
518	939
518	963
518	976
518	979
518	991
518	992
519	130
519	380
519	639
519	703
519	791
519	792
519	908
520	890
520	917
520	921
520	938
520	961
520	968
520	971
521	331
521	509
521	624
521	701
521	759
521	833
521	856
522	751
522	782
522	796
522	830
522	862
522	868
522	898
523	387
523	646
523	703
523	721
523	735
523	791
523	908
524	87
524	137
524	144
524	210
524	420
524	554
524	573
525	285
525	489
525	764
525	834
525	848
525	888
525	902
526	994
526	995
526	996
526	997
526	998
526	999
526	1000
527	905
527	942
527	955
527	969
527	973
527	975
527	985
528	947
528	948
528	950
528	951
528	982
528	983
528	984
529	744
529	793
529	861
529	882
529	907
529	941
529	946
530	386
530	487
530	583
530	591
530	696
530	754
530	773
531	815
531	845
531	896
531	920
531	929
531	931
531	934
532	555
532	613
532	660
532	666
532	805
532	824
532	827
533	849
533	939
533	963
533	976
533	979
533	991
533	992
534	807
534	899
534	912
534	922
534	953
534	967
534	978
535	100
535	401
535	588
535	622
535	634
535	669
535	679
536	900
536	910
536	963
536	976
536	979
536	991
536	992
537	160
537	597
537	675
537	777
537	790
537	851
537	852
538	724
538	839
538	889
538	923
538	927
538	949
538	970
539	994
539	995
539	996
539	997
539	998
539	999
539	1000
540	919
540	926
540	930
540	944
540	972
540	977
540	981
541	695
541	878
541	899
541	953
541	967
541	974
541	978
542	19
542	29
542	70
542	114
542	335
542	393
542	504
543	408
543	738
543	797
543	920
543	929
543	931
543	934
544	26
544	115
544	392
544	451
544	454
544	560
544	682
545	910
545	939
545	963
545	976
545	979
545	991
545	992
546	276
546	278
546	327
546	617
546	699
546	907
546	941
547	901
547	948
547	950
547	951
547	982
547	983
547	984
548	917
548	938
548	954
548	961
548	966
548	968
548	971
549	802
549	839
549	911
549	923
549	927
549	932
549	970
550	213
550	243
550	382
550	445
550	494
550	512
550	587
551	375
551	442
551	717
551	764
551	848
551	866
551	902
552	947
552	948
552	950
552	951
552	982
552	983
552	984
553	637
553	730
553	821
553	876
553	895
553	906
553	909
554	64
554	87
554	144
554	420
554	449
554	524
554	573
555	383
555	532
555	585
555	641
555	676
555	805
555	827
556	894
556	905
556	942
556	955
556	969
556	973
556	985
557	25
557	702
557	821
557	876
557	895
557	906
557	909
558	890
558	938
558	954
558	961
558	966
558	968
558	971
559	107
559	129
559	279
559	455
559	673
559	794
559	809
560	26
560	207
560	266
560	392
560	451
560	544
560	594
560	682
561	72
561	81
561	94
561	372
561	575
561	590
561	601
561	608
562	30
562	37
562	55
562	132
562	170
562	223
562	253
562	580
563	814
563	829
563	864
563	957
563	962
563	987
563	988
563	989
564	711
564	747
564	793
564	861
564	882
564	907
564	941
564	946
565	814
565	818
565	957
565	962
565	965
565	987
565	988
565	989
566	893
566	913
566	919
566	930
566	944
566	972
566	977
566	981
567	653
567	841
567	913
567	930
567	944
567	972
567	977
567	981
568	662
568	734
568	846
568	858
568	883
568	904
568	925
568	928
569	849
569	885
569	886
569	900
569	963
569	976
569	991
569	992
570	33
570	97
570	189
570	281
570	283
570	336
570	371
570	426
571	837
571	921
571	938
571	954
571	961
571	966
571	968
571	971
572	807
572	854
572	860
572	922
572	953
572	967
572	974
572	978
573	87
573	137
573	144
573	210
573	420
573	449
573	524
573	554
574	348
574	399
574	438
574	659
574	664
574	692
574	762
574	789
575	72
575	81
575	119
575	218
575	372
575	561
575	601
575	608
576	900
576	910
576	939
576	963
576	976
576	979
576	991
576	992
577	318
577	697
577	727
577	750
577	774
577	813
577	816
577	835
578	726
578	783
578	853
578	872
578	918
578	945
578	956
578	959
579	819
579	901
579	947
579	948
579	951
579	982
579	983
579	984
580	30
580	37
580	55
580	132
580	170
580	223
580	253
580	562
581	917
581	921
581	938
581	954
581	961
581	966
581	968
581	971
582	83
582	225
582	353
582	425
582	440
582	490
582	516
582	619
583	140
583	386
583	487
583	530
583	591
583	696
583	754
583	773
584	687
584	823
584	844
584	863
584	874
584	877
584	887
584	952
585	260
585	396
585	511
585	555
585	613
585	666
585	805
585	827
586	107
586	255
586	332
586	428
586	441
586	673
586	794
586	809
587	23
587	202
587	243
587	382
587	445
587	494
587	512
587	550
588	76
588	246
588	401
588	535
588	622
588	634
588	669
588	679
589	611
589	715
589	763
589	823
589	844
589	887
589	903
589	952
590	72
590	81
590	94
590	119
590	372
590	561
590	601
590	608
591	69
591	386
591	487
591	530
591	583
591	696
591	754
591	773
592	656
592	889
592	911
592	923
592	927
592	932
592	937
592	970
593	180
593	234
593	643
593	658
593	728
593	884
593	892
593	916
594	26
594	50
594	115
594	207
594	392
594	454
594	560
594	682
595	812
595	828
595	894
595	905
595	955
595	969
595	975
595	985
596	7
596	205
596	301
596	322
596	429
596	448
596	474
596	599
597	355
597	537
597	688
597	740
597	779
597	790
597	851
597	852
598	786
598	947
598	948
598	950
598	951
598	982
598	983
598	984
599	7
599	205
599	301
599	322
599	429
599	448
599	474
599	596
600	878
600	879
600	899
600	912
600	953
600	967
600	974
600	978
601	81
601	94
601	119
601	372
601	561
601	575
601	590
601	608
602	40
602	872
602	897
602	915
602	943
602	945
602	956
602	959
603	250
603	319
603	613
603	641
603	666
603	805
603	824
603	827
604	886
604	914
604	939
604	963
604	976
604	979
604	991
604	992
605	725
605	730
605	821
605	842
605	876
605	895
605	906
605	909
606	462
606	711
606	744
606	793
606	861
606	907
606	941
606	946
607	406
607	800
607	879
607	912
607	953
607	967
607	974
607	978
608	72
608	94
608	119
608	372
608	561
608	575
608	590
608	601
609	671
609	797
609	845
609	896
609	920
609	929
609	931
609	934
610	655
610	697
610	741
610	750
610	774
610	813
610	816
610	835
611	271
611	589
611	811
611	844
611	863
611	877
611	903
611	952
612	704
612	894
612	942
612	955
612	969
612	973
612	975
612	985
613	532
613	585
613	603
613	641
613	660
613	676
613	824
613	827
614	302
614	763
614	811
614	823
614	877
614	887
614	903
614	952
615	990
615	994
615	995
615	996
615	997
615	998
615	999
615	1000
616	881
616	913
616	919
616	926
616	930
616	972
616	977
616	981
617	169
617	463
617	546
617	744
617	747
617	907
617	941
617	946
618	470
618	889
618	911
618	923
618	932
618	937
618	949
618	970
619	183
619	225
619	353
619	425
619	440
619	490
619	516
619	582
620	168
620	381
620	421
620	498
620	689
620	764
620	834
620	902
621	56
621	387
621	670
621	732
621	735
621	791
621	792
621	908
622	76
622	227
622	246
622	401
622	535
622	588
622	634
622	669
622	679
623	349
623	485
623	683
623	709
623	728
623	766
623	884
623	892
623	916
624	293
624	298
624	331
624	505
624	509
624	521
624	701
624	833
624	856
625	798
625	814
625	829
625	957
625	962
625	965
625	987
625	988
625	989
626	990
626	993
626	994
626	995
626	996
626	997
626	998
626	999
626	1000
627	890
627	917
627	921
627	938
627	954
627	961
627	966
627	968
627	971
628	645
628	751
628	772
628	782
628	796
628	830
628	862
628	868
628	898
629	990
629	993
629	994
629	995
629	996
629	997
629	998
629	999
629	1000
630	885
630	900
630	910
630	914
630	939
630	976
630	979
630	991
630	992
631	818
631	843
631	880
631	957
631	962
631	965
631	987
631	988
631	989
632	990
632	993
632	994
632	995
632	996
632	997
632	998
632	999
632	1000
633	788
633	810
633	836
633	846
633	850
633	858
633	869
633	883
633	904
634	100
634	227
634	246
634	401
634	535
634	588
634	622
634	669
634	679
635	885
635	886
635	900
635	910
635	963
635	976
635	979
635	991
635	992
636	873
636	901
636	947
636	948
636	950
636	951
636	982
636	983
636	984
637	553
637	702
637	725
637	730
637	821
637	876
637	895
637	906
637	909
638	820
638	838
638	865
638	905
638	955
638	969
638	973
638	975
638	985
639	519
639	646
639	694
639	703
639	721
639	732
639	735
639	791
639	908
640	62
640	237
640	369
640	395
640	713
640	729
640	756
640	781
640	817
641	383
641	555
641	603
641	613
641	660
641	676
641	805
641	824
641	827
642	860
642	878
642	879
642	899
642	912
642	922
642	967
642	974
642	978
643	219
643	342
643	593
643	683
643	728
643	766
643	884
643	892
643	916
644	801
644	838
644	905
644	942
644	955
644	969
644	973
644	975
644	985
645	628
645	751
645	772
645	796
645	803
645	830
645	862
645	868
645	898
646	56
646	446
646	523
646	639
646	694
646	732
646	765
646	792
646	908
647	775
647	913
647	919
647	926
647	930
647	944
647	972
647	977
647	981
648	870
648	885
648	914
648	939
648	963
648	976
648	979
648	991
648	992
649	752
649	758
649	787
649	847
649	859
649	867
649	871
649	891
649	936
650	57
650	59
650	105
650	111
650	158
650	162
650	192
650	233
650	497
651	822
651	843
651	864
651	957
651	962
651	965
651	987
651	988
651	989
652	873
652	901
652	947
652	948
652	950
652	951
652	982
652	983
652	984
653	567
653	841
653	919
653	926
653	930
653	944
653	972
653	977
653	981
654	738
654	797
654	815
654	845
654	896
654	920
654	929
654	931
654	934
655	409
655	610
655	697
655	741
655	750
655	774
655	813
655	816
655	835
656	488
656	592
656	826
656	911
656	927
656	932
656	937
656	949
656	970
657	990
657	993
657	994
657	995
657	996
657	997
657	998
657	999
657	1000
658	65
658	341
658	407
658	491
658	593
658	709
658	766
658	892
658	916
659	41
659	249
659	262
659	574
659	664
659	665
659	692
659	762
659	789
660	260
660	532
660	613
660	641
660	666
660	676
660	805
660	824
660	827
661	267
661	707
661	719
661	733
661	758
661	787
661	867
661	871
661	936
662	568
662	691
662	785
662	810
662	846
662	883
662	904
662	925
662	928
663	990
663	993
663	994
663	995
663	996
663	997
663	998
663	999
663	1000
664	58
664	249
664	262
664	348
664	574
664	659
664	665
664	692
664	762
665	41
665	370
665	399
665	438
665	659
665	664
665	692
665	762
665	789
666	319
666	383
666	532
666	585
666	603
666	660
666	676
666	805
666	824
667	668
667	738
667	815
667	845
667	896
667	920
667	929
667	931
667	934
668	323
668	473
668	667
668	815
668	845
668	896
668	920
668	929
668	931
668	934
669	76
669	100
669	227
669	246
669	401
669	535
669	588
669	622
669	634
669	679
670	380
670	387
670	621
670	694
670	721
670	732
670	765
670	791
670	792
670	908
671	244
671	609
671	738
671	815
671	845
671	896
671	920
671	929
671	931
671	934
672	857
672	881
672	893
672	913
672	919
672	926
672	930
672	972
672	977
672	981
673	215
673	254
673	255
673	279
673	332
673	428
673	455
673	559
673	586
673	809
674	61
674	808
674	826
674	889
674	923
674	927
674	932
674	937
674	949
674	970
675	133
675	495
675	496
675	537
675	740
675	777
675	779
675	790
675	851
675	852
676	319
676	396
676	555
676	613
676	641
676	660
676	666
676	805
676	824
676	827
677	870
677	885
677	910
677	914
677	939
677	963
677	976
677	979
677	991
677	992
678	691
678	698
678	734
678	810
678	836
678	846
678	850
678	883
678	925
678	928
679	76
679	100
679	227
679	246
679	401
679	535
679	588
679	622
679	634
679	669
680	707
680	749
680	752
680	757
680	769
680	787
680	859
680	867
680	871
680	891
681	431
681	784
681	798
681	880
681	957
681	962
681	965
681	987
681	988
681	989
682	14
682	50
682	115
682	207
682	266
682	392
682	451
682	544
682	560
682	594
683	20
683	143
683	248
683	485
683	623
683	643
683	728
683	766
683	884
683	916
684	304
684	495
684	496
684	688
684	740
684	777
684	779
684	790
684	851
684	852
685	807
685	854
685	879
685	899
685	912
685	922
685	953
685	967
685	974
685	978
686	825
686	826
686	839
686	911
686	923
686	927
686	932
686	937
686	949
686	970
687	60
687	506
687	584
687	823
687	863
687	874
687	877
687	887
687	903
687	952
688	160
688	321
688	597
688	684
688	740
688	777
688	779
688	790
688	851
688	852
689	384
689	410
689	498
689	500
689	517
689	620
689	834
689	848
689	866
689	888
690	828
690	838
690	865
690	905
690	942
690	955
690	969
690	973
690	975
690	985
691	662
691	678
691	723
691	788
691	858
691	869
691	883
691	904
691	925
691	928
692	58
692	249
692	262
692	399
692	574
692	659
692	664
692	665
692	762
692	789
693	211
693	776
693	807
693	854
693	860
693	899
693	953
693	967
693	974
693	978
694	356
694	639
694	646
694	670
694	721
694	732
694	765
694	791
694	792
694	908
695	541
695	776
695	800
695	854
695	899
695	912
695	922
695	967
695	974
695	978
696	6
696	69
696	139
696	140
696	174
696	530
696	583
696	591
696	754
696	773
697	577
697	610
697	655
697	712
697	727
697	741
697	774
697	813
697	816
697	835
698	286
698	678
698	705
698	836
698	850
698	858
698	869
698	904
698	925
698	928
699	462
699	546
699	711
699	744
699	747
699	793
699	882
699	907
699	941
699	946
700	841
700	857
700	893
700	913
700	926
700	930
700	944
700	972
700	977
700	981
701	125
701	293
701	339
701	456
701	509
701	521
701	624
701	759
701	833
701	856
702	418
702	503
702	557
702	637
702	725
702	842
702	876
702	895
702	906
702	909
703	130
703	314
703	356
703	446
703	519
703	523
703	639
703	735
703	765
703	908
704	612
704	820
704	894
704	905
704	942
704	955
704	969
704	973
704	975
704	985
705	66
705	698
705	785
705	846
705	850
705	869
705	883
705	904
705	925
705	928
706	131
706	408
706	797
706	815
706	845
706	896
706	920
706	929
706	931
706	934
707	287
707	318
707	661
707	680
707	752
707	757
707	859
707	871
707	891
707	936
708	722
708	853
708	872
708	897
708	915
708	918
708	943
708	945
708	956
708	959
709	248
709	341
709	407
709	484
709	623
709	658
709	728
709	884
709	892
709	916
710	870
710	886
710	900
710	914
710	939
710	963
710	976
710	979
710	991
710	992
711	312
711	328
711	405
711	564
711	606
711	699
711	747
711	793
711	861
711	941
711	946
712	318
712	344
712	409
712	697
712	727
712	741
712	750
712	774
712	813
712	816
712	835
713	67
713	185
713	237
713	299
713	395
713	464
713	640
713	729
713	756
713	781
713	817
714	832
714	837
714	890
714	917
714	921
714	938
714	954
714	961
714	966
714	968
714	971
715	252
715	271
715	589
715	811
715	823
715	863
715	874
715	877
715	887
715	903
715	952
716	8
716	75
716	799
716	826
716	889
716	911
716	923
716	927
716	932
716	949
716	970
717	53
717	308
717	384
717	489
717	500
717	551
717	764
717	848
717	866
717	888
717	902
718	760
718	804
718	873
718	901
718	947
718	948
718	950
718	951
718	982
718	983
718	984
719	413
719	661
719	733
719	749
719	758
719	761
719	847
719	859
719	867
719	891
719	936
720	832
720	837
720	890
720	917
720	921
720	938
720	954
720	961
720	966
720	968
720	971
721	314
721	446
721	523
721	639
721	670
721	694
721	732
721	735
721	765
721	792
721	908
722	241
722	708
722	853
722	872
722	897
722	915
722	918
722	943
722	945
722	956
722	959
723	74
723	691
723	734
723	810
723	850
723	858
723	869
723	883
723	904
723	925
723	928
724	538
724	799
724	802
724	825
724	889
724	911
724	927
724	932
724	937
724	949
724	970
725	48
725	397
725	457
725	605
725	637
725	702
725	842
725	876
725	895
725	906
725	909
726	423
726	578
726	853
726	872
726	897
726	915
726	918
726	943
726	945
726	956
726	959
727	344
727	409
727	577
727	697
727	712
727	741
727	750
727	774
727	813
727	816
727	835
728	20
728	234
728	407
728	484
728	593
728	623
728	643
728	683
728	709
728	892
728	916
729	67
729	201
729	299
729	369
729	395
729	464
729	640
729	713
729	756
729	781
729	817
730	48
730	503
730	553
730	605
730	637
730	821
730	842
730	876
730	895
730	906
730	909
731	832
731	837
731	890
731	917
731	921
731	938
731	954
731	961
731	966
731	968
731	971
732	380
732	621
732	639
732	646
732	670
732	694
732	721
732	765
732	791
732	792
732	908
733	232
733	413
733	661
733	719
733	749
733	757
733	787
733	847
733	871
733	891
733	936
734	568
734	678
734	723
734	788
734	810
734	836
734	858
734	869
734	904
734	925
734	928
735	356
735	446
735	523
735	621
735	639
735	703
735	721
735	765
735	791
735	792
735	908
736	802
736	808
736	826
736	889
736	911
736	923
736	927
736	932
736	937
736	949
736	970
737	423
737	783
737	853
737	872
737	897
737	915
737	918
737	943
737	945
737	956
737	959
738	543
738	654
738	667
738	671
738	797
738	845
738	896
738	920
738	929
738	931
738	934
739	770
739	814
739	818
739	843
739	864
739	957
739	962
739	965
739	987
739	988
739	989
740	355
740	496
740	597
740	675
740	684
740	688
740	777
740	779
740	790
740	851
740	852
741	344
741	610
741	655
741	697
741	712
741	727
741	750
741	774
741	813
741	816
741	835
742	849
742	870
742	886
742	900
742	914
742	939
742	963
742	976
742	979
742	991
742	992
743	760
743	804
743	873
743	901
743	947
743	948
743	950
743	951
743	982
743	983
743	984
744	236
744	398
744	529
744	606
744	617
744	699
744	861
744	882
744	907
744	941
744	946
745	775
745	857
745	881
745	893
745	913
745	919
745	926
745	930
745	944
745	972
745	977
745	981
746	770
746	784
746	822
746	843
746	864
746	880
746	957
746	962
746	965
746	987
746	988
746	989
747	327
747	389
747	459
747	564
747	617
747	699
747	711
747	861
747	882
747	907
747	941
747	946
748	778
748	804
748	819
748	873
748	901
748	947
748	948
748	950
748	951
748	982
748	983
748	984
749	404
749	680
749	719
749	733
749	752
749	758
749	787
749	859
749	867
749	871
749	891
749	936
750	318
750	409
750	577
750	610
750	655
750	712
750	727
750	741
750	774
750	813
750	816
750	835
751	113
751	522
751	628
751	645
751	772
751	782
751	796
751	803
751	830
751	862
751	868
751	898
752	368
752	649
752	680
752	707
752	749
752	761
752	769
752	787
752	847
752	867
752	871
752	891
753	964
753	980
753	986
753	990
753	993
753	994
753	995
753	996
753	997
753	998
753	999
753	1000
754	6
754	46
754	69
754	139
754	174
754	386
754	487
754	530
754	583
754	591
754	696
754	773
755	964
755	980
755	986
755	990
755	993
755	994
755	995
755	996
755	997
755	998
755	999
755	1000
756	67
756	185
756	201
756	299
756	369
756	395
756	464
756	640
756	713
756	729
756	781
756	817
757	108
757	232
757	413
757	501
757	680
757	707
757	733
757	758
757	847
757	871
757	891
757	936
758	216
758	368
758	649
758	661
758	719
758	749
758	757
758	847
758	859
758	871
758	891
758	936
759	22
759	35
759	125
759	293
759	315
759	366
759	456
759	505
759	521
759	701
759	833
759	856
760	718
760	743
760	778
760	819
760	873
760	947
760	948
760	950
760	951
760	982
760	983
760	984
761	232
761	267
761	404
761	501
761	719
761	752
761	769
761	847
761	859
761	867
761	891
761	936
762	41
762	249
762	348
762	370
762	399
762	438
762	574
762	659
762	664
762	665
762	692
762	789
763	28
763	235
763	302
763	476
763	506
763	589
763	614
763	844
763	863
763	874
763	877
763	952
764	77
764	304
764	384
764	442
764	498
764	525
764	551
764	620
764	717
764	834
764	848
764	902
765	314
765	356
765	646
765	670
765	694
765	703
765	721
765	732
765	735
765	791
765	792
765	908
766	65
766	342
766	349
766	484
766	491
766	623
766	643
766	658
766	683
766	884
766	892
766	916
767	841
767	857
767	881
767	893
767	913
767	919
767	926
767	930
767	944
767	972
767	977
767	981
768	964
768	980
768	986
768	990
768	993
768	994
768	995
768	996
768	997
768	998
768	999
768	1000
769	267
769	282
769	368
769	680
769	752
769	761
769	847
769	859
769	867
769	871
769	891
769	936
770	739
770	746
770	814
770	822
770	829
770	864
770	957
770	962
770	965
770	987
770	988
770	989
771	849
771	870
771	885
771	886
771	910
771	914
771	939
771	963
771	976
771	979
771	991
771	992
772	49
772	109
772	628
772	645
772	751
772	782
772	796
772	803
772	830
772	862
772	868
772	898
773	6
773	46
773	69
773	139
773	140
773	174
773	386
773	487
773	530
773	583
773	591
773	696
773	754
774	12
774	228
774	577
774	610
774	655
774	697
774	712
774	727
774	741
774	750
774	813
774	816
774	835
775	422
775	647
775	745
775	857
775	881
775	913
775	919
775	926
775	930
775	944
775	972
775	977
775	981
776	468
776	693
776	695
776	800
776	854
776	860
776	879
776	899
776	912
776	953
776	967
776	974
776	978
777	179
777	195
777	321
777	355
777	496
777	537
777	675
777	684
777	688
777	740
777	779
777	851
777	852
778	748
778	760
778	786
778	819
778	873
778	901
778	947
778	948
778	950
778	951
778	982
778	983
778	984
779	133
779	355
779	495
779	496
779	597
779	675
779	684
779	688
779	740
779	777
779	790
779	851
779	852
780	960
780	964
780	980
780	986
780	990
780	993
780	994
780	995
780	996
780	997
780	998
780	999
780	1000
781	62
781	185
781	201
781	237
781	299
781	369
781	395
781	464
781	640
781	713
781	729
781	756
781	817
782	49
782	196
782	379
782	522
782	628
782	751
782	772
782	796
782	803
782	830
782	862
782	868
782	898
783	313
783	478
783	578
783	737
783	853
783	872
783	897
783	915
783	918
783	943
783	945
783	956
783	959
784	303
784	681
784	746
784	818
784	822
784	829
784	843
784	957
784	962
784	965
784	987
784	988
784	989
785	74
785	284
785	514
785	662
785	705
785	836
785	846
785	850
785	858
785	869
785	904
785	925
785	928
786	598
786	778
786	804
786	819
786	873
786	901
786	947
786	948
786	950
786	951
786	982
786	983
786	984
787	340
787	501
787	649
787	661
787	680
787	733
787	749
787	752
787	847
787	867
787	871
787	891
787	936
788	633
788	691
788	734
788	810
788	836
788	846
788	850
788	858
788	869
788	883
788	904
788	925
788	928
789	41
789	58
789	249
789	262
789	348
789	370
789	399
789	438
789	574
789	659
789	665
789	692
789	762
790	133
790	195
790	321
790	495
790	537
790	597
790	675
790	684
790	688
790	740
790	779
790	851
790	852
791	3
791	314
791	380
791	519
791	523
791	621
791	639
791	670
791	694
791	732
791	735
791	765
791	908
792	3
792	387
792	446
792	519
792	621
792	646
792	670
792	694
792	721
792	732
792	735
792	765
792	908
793	263
793	328
793	389
793	463
793	529
793	564
793	606
793	699
793	711
793	861
793	882
793	941
793	946
794	10
794	155
794	191
794	215
794	254
794	255
794	332
794	428
794	441
794	455
794	559
794	586
794	809
795	960
795	964
795	980
795	986
795	990
795	993
795	994
795	995
795	996
795	997
795	998
795	999
795	1000
796	9
796	171
796	337
796	522
796	628
796	645
796	751
796	772
796	782
796	803
796	830
796	862
796	898
797	444
797	502
797	543
797	609
797	654
797	706
797	738
797	815
797	845
797	920
797	929
797	931
797	934
798	493
798	625
798	681
798	822
798	829
798	843
798	864
798	880
798	957
798	965
798	987
798	988
798	989
799	197
799	716
799	724
799	802
799	825
799	839
799	889
799	911
799	923
799	932
799	937
799	949
799	970
800	122
800	417
800	607
800	695
800	776
800	879
800	899
800	912
800	922
800	953
800	967
800	974
800	978
801	644
801	820
801	828
801	838
801	865
801	894
801	905
801	942
801	955
801	969
801	973
801	975
801	985
802	549
802	724
802	736
802	799
802	808
802	825
802	826
802	911
802	923
802	927
802	937
802	949
802	970
803	109
803	113
803	337
803	379
803	645
803	751
803	772
803	782
803	796
803	830
803	862
803	868
803	898
804	718
804	743
804	748
804	786
804	819
804	873
804	901
804	947
804	948
804	950
804	951
804	982
804	983
804	984
805	250
805	260
805	396
805	511
805	532
805	555
805	585
805	603
805	641
805	660
805	666
805	676
805	824
805	827
806	958
806	960
806	964
806	980
806	986
806	990
806	993
806	994
806	995
806	996
806	997
806	998
806	999
806	1000
807	211
807	534
807	572
807	685
807	693
807	854
807	860
807	878
807	899
807	912
807	922
807	967
807	974
807	978
808	674
808	736
808	802
808	825
808	826
808	839
808	889
808	911
808	923
808	927
808	932
808	937
808	949
808	970
809	107
809	129
809	155
809	191
809	254
809	255
809	279
809	332
809	428
809	441
809	559
809	586
809	673
809	794
810	433
810	633
810	662
810	678
810	723
810	734
810	788
810	836
810	850
810	869
810	883
810	904
810	925
810	928
811	302
811	334
811	476
811	611
811	614
811	715
811	823
811	844
811	863
811	874
811	877
811	887
811	903
811	952
812	480
812	595
812	820
812	828
812	838
812	865
812	894
812	905
812	942
812	955
812	969
812	973
812	975
812	985
813	12
813	228
813	344
813	577
813	610
813	655
813	697
813	712
813	727
813	741
813	750
813	774
813	816
813	835
814	563
814	565
814	625
814	739
814	770
814	818
814	822
814	864
814	957
814	962
814	965
814	987
814	988
814	989
815	256
815	376
815	531
815	654
815	667
815	668
815	671
815	706
815	797
815	896
815	920
815	929
815	931
815	934
816	12
816	228
816	409
816	577
816	610
816	655
816	697
816	712
816	727
816	741
816	750
816	774
816	813
816	835
817	62
817	67
817	185
817	201
817	237
817	299
817	369
817	395
817	464
817	640
817	713
817	729
817	756
817	781
818	291
818	469
818	565
818	631
818	739
818	784
818	814
818	843
818	880
818	957
818	962
818	965
818	987
818	988
818	989
819	579
819	748
819	760
819	778
819	786
819	804
819	873
819	901
819	947
819	948
819	950
819	951
819	982
819	983
819	984
820	508
820	638
820	704
820	801
820	812
820	828
820	865
820	894
820	905
820	942
820	955
820	969
820	973
820	975
820	985
821	324
821	397
821	418
821	482
821	503
821	553
821	557
821	605
821	637
821	730
821	842
821	876
821	895
821	906
821	909
822	507
822	651
822	746
822	770
822	784
822	798
822	814
822	864
822	880
822	957
822	962
822	965
822	987
822	988
822	989
823	149
823	271
823	584
823	589
823	614
823	687
823	715
823	811
823	844
823	863
823	874
823	877
823	887
823	903
823	952
824	250
824	260
824	319
824	383
824	396
824	511
824	532
824	603
824	613
824	641
824	660
824	666
824	676
824	805
824	827
825	82
825	686
825	724
825	799
825	802
825	808
825	826
825	839
825	889
825	911
825	923
825	927
825	932
825	937
825	970
826	656
826	674
826	686
826	716
826	736
826	802
826	808
826	825
826	889
826	911
826	923
826	932
826	937
826	949
826	970
827	250
827	260
827	383
827	396
827	511
827	532
827	555
827	585
827	603
827	613
827	641
827	660
827	676
827	805
827	824
828	595
828	690
828	801
828	812
828	820
828	838
828	865
828	894
828	905
828	942
828	955
828	969
828	973
828	975
828	985
829	447
829	469
829	563
829	625
829	770
829	784
829	798
829	843
829	880
829	957
829	962
829	965
829	987
829	988
829	989
830	9
830	109
830	147
830	166
830	522
830	628
830	645
830	751
830	772
830	782
830	796
830	803
830	862
830	868
830	898
831	940
831	958
831	960
831	964
831	980
831	986
831	990
831	993
831	994
831	995
831	996
831	997
831	998
831	999
831	1000
832	714
832	720
832	731
832	837
832	890
832	917
832	921
832	938
832	954
832	961
832	966
832	968
832	971
833	22
833	125
833	298
833	315
833	331
833	339
833	366
833	456
833	505
833	509
833	521
833	624
833	701
833	759
833	856
834	53
834	209
834	285
834	304
834	411
834	421
834	442
834	492
834	517
834	525
834	620
834	689
834	764
834	848
834	866
834	902
835	12
835	228
835	318
835	344
835	409
835	577
835	610
835	655
835	697
835	712
835	727
835	741
835	750
835	774
835	813
835	816
836	286
836	514
836	633
836	678
836	698
836	734
836	785
836	788
836	810
836	846
836	858
836	869
836	883
836	904
836	925
836	928
837	364
837	391
837	571
837	714
837	720
837	731
837	832
837	890
837	917
837	921
837	938
837	954
837	961
837	966
837	968
837	971
838	467
838	638
838	644
838	690
838	801
838	812
838	828
838	865
838	894
838	905
838	942
838	955
838	969
838	973
838	975
838	985
839	329
839	488
839	510
839	538
839	549
839	686
839	799
839	808
839	825
839	889
839	911
839	927
839	932
839	937
839	949
839	970
840	935
840	940
840	958
840	960
840	964
840	980
840	986
840	990
840	993
840	994
840	995
840	996
840	997
840	998
840	999
840	1000
841	360
841	422
841	567
841	653
841	700
841	767
841	857
841	881
841	893
841	919
841	926
841	930
841	944
841	972
841	977
841	981
842	24
842	324
842	418
842	443
842	457
842	482
842	503
842	605
842	702
842	725
842	730
842	821
842	876
842	895
842	906
842	909
843	346
843	631
843	651
843	739
843	746
843	784
843	798
843	818
843	829
843	880
843	957
843	962
843	965
843	987
843	988
843	989
844	28
844	34
844	60
844	252
844	272
844	506
844	584
844	589
844	611
844	763
844	811
844	823
844	863
844	874
844	877
844	887
844	952
845	167
845	444
845	502
845	531
845	609
845	654
845	667
845	668
845	671
845	706
845	738
845	797
845	896
845	920
845	929
845	931
845	934
846	38
846	326
846	433
846	568
846	633
846	662
846	678
846	705
846	785
846	788
846	836
846	850
846	858
846	869
846	883
846	904
846	928
847	287
847	340
847	404
847	649
847	719
847	733
847	752
847	757
847	758
847	761
847	769
847	787
847	859
847	867
847	871
847	891
847	936
848	285
848	308
848	375
848	410
848	421
848	489
848	492
848	498
848	500
848	525
848	551
848	689
848	717
848	764
848	834
848	866
848	902
849	533
849	569
849	742
849	771
849	870
849	885
849	886
849	900
849	910
849	914
849	939
849	963
849	976
849	979
849	991
849	992
850	38
850	284
850	514
850	633
850	678
850	698
850	705
850	723
850	785
850	788
850	810
850	846
850	858
850	869
850	904
850	925
850	928
851	133
851	160
851	179
851	195
851	321
851	495
851	496
851	537
851	597
851	675
851	684
851	688
851	740
851	777
851	779
851	790
851	852
852	160
852	179
852	195
852	321
852	355
852	495
852	496
852	537
852	597
852	675
852	684
852	688
852	740
852	777
852	779
852	790
852	851
853	91
853	402
853	450
853	578
853	708
853	722
853	726
853	737
853	783
853	872
853	897
853	915
853	918
853	943
853	945
853	956
853	959
854	378
854	417
854	572
854	685
854	693
854	695
854	776
854	807
854	878
854	879
854	899
854	912
854	922
854	953
854	967
854	974
854	978
855	933
855	935
855	940
855	958
855	960
855	964
855	980
855	986
855	990
855	993
855	994
855	995
855	996
855	997
855	998
855	999
855	1000
856	22
856	35
856	125
856	293
856	298
856	315
856	331
856	339
856	366
856	456
856	505
856	509
856	521
856	624
856	701
856	759
856	833
857	123
857	672
857	700
857	745
857	767
857	775
857	841
857	881
857	893
857	913
857	919
857	926
857	930
857	944
857	972
857	977
857	981
858	286
858	568
858	633
858	691
858	698
858	723
858	734
858	785
858	788
858	836
858	846
858	850
858	869
858	883
858	904
858	925
858	928
859	216
859	267
859	340
859	458
859	501
859	649
859	680
859	707
859	719
859	749
859	758
859	761
859	769
859	847
859	867
859	871
859	936
860	190
860	277
860	468
860	477
860	572
860	642
860	693
860	776
860	807
860	878
860	879
860	912
860	922
860	953
860	967
860	974
860	978
861	164
861	236
861	276
861	278
861	312
861	354
861	462
861	529
861	564
861	606
861	711
861	744
861	747
861	793
861	882
861	907
861	941
861	946
862	49
862	147
862	166
862	171
862	196
862	337
862	379
862	522
862	628
862	645
862	751
862	772
862	782
862	796
862	803
862	830
862	868
862	898
863	28
863	151
863	224
863	272
863	334
863	432
863	506
863	584
863	611
863	687
863	715
863	763
863	811
863	823
863	844
863	887
863	903
863	952
864	300
864	439
864	447
864	563
864	651
864	739
864	746
864	770
864	798
864	814
864	822
864	880
864	957
864	962
864	965
864	987
864	988
864	989
865	268
865	374
865	499
865	638
865	690
865	801
865	812
865	820
865	828
865	838
865	894
865	905
865	942
865	955
865	969
865	973
865	975
865	985
866	13
866	77
866	209
866	285
866	308
866	375
866	410
866	411
866	442
866	492
866	517
866	551
866	689
866	717
866	834
866	848
866	888
866	902
867	108
867	282
867	287
867	413
867	458
867	649
867	661
867	680
867	719
867	749
867	752
867	761
867	769
867	787
867	847
867	859
867	891
867	936
868	9
868	113
868	147
868	166
868	171
868	196
868	337
868	379
868	522
868	628
868	645
868	751
868	772
868	782
868	803
868	830
868	862
868	898
869	514
869	633
869	691
869	698
869	705
869	723
869	734
869	785
869	788
869	810
869	836
869	846
869	850
869	858
869	883
869	904
869	925
869	928
870	515
870	518
870	648
870	677
870	710
870	742
870	771
870	849
870	885
870	886
870	900
870	910
870	914
870	939
870	963
870	976
870	979
870	991
870	992
871	108
871	232
871	404
871	413
871	649
871	661
871	680
871	707
871	733
871	749
871	752
871	757
871	758
871	769
871	787
871	847
871	859
871	891
871	936
872	154
872	313
872	475
872	478
872	578
872	602
872	708
872	722
872	726
872	737
872	783
872	853
872	897
872	915
872	918
872	943
872	945
872	956
872	959
873	358
873	636
873	652
873	718
873	743
873	748
873	760
873	778
873	786
873	804
873	819
873	901
873	947
873	948
873	950
873	951
873	982
873	983
873	984
874	34
874	151
874	224
874	235
874	252
874	432
874	476
874	506
874	584
874	687
874	715
874	763
874	811
874	823
874	844
874	877
874	887
874	903
874	952
875	924
875	933
875	935
875	940
875	958
875	960
875	964
875	980
875	986
875	990
875	993
875	994
875	995
875	996
875	997
875	998
875	999
875	1000
876	24
876	148
876	397
876	443
876	457
876	482
876	503
876	553
876	557
876	605
876	637
876	702
876	725
876	730
876	821
876	842
876	895
876	906
876	909
877	21
877	60
877	271
877	302
877	432
877	476
877	584
877	611
877	614
877	687
877	715
877	763
877	811
877	823
877	844
877	874
877	887
877	903
877	952
878	68
878	142
878	330
878	468
878	477
878	541
878	600
878	642
878	807
878	854
878	860
878	879
878	899
878	912
878	922
878	953
878	967
878	974
878	978
879	44
879	122
879	306
879	600
879	607
879	642
879	685
879	776
879	800
879	854
879	860
879	878
879	899
879	912
879	922
879	953
879	967
879	974
879	978
880	116
880	238
880	264
880	291
880	631
880	681
880	746
880	798
880	818
880	822
880	829
880	843
880	864
880	957
880	962
880	965
880	987
880	988
880	989
881	138
881	259
881	345
881	616
881	672
881	745
881	767
881	775
881	841
881	857
881	893
881	913
881	919
881	926
881	930
881	944
881	972
881	977
881	981
882	164
882	182
882	278
882	328
882	398
882	405
882	459
882	462
882	463
882	529
882	564
882	699
882	744
882	747
882	793
882	861
882	907
882	941
882	946
883	66
883	284
883	326
883	433
883	568
883	633
883	662
883	678
883	691
883	705
883	723
883	788
883	810
883	836
883	846
883	858
883	869
883	925
883	928
884	143
884	180
884	219
884	234
884	248
884	341
884	342
884	349
884	484
884	485
884	491
884	593
884	623
884	643
884	683
884	709
884	766
884	892
884	916
885	373
885	569
885	630
885	635
885	648
885	677
885	771
885	849
885	870
885	886
885	900
885	910
885	914
885	939
885	963
885	976
885	979
885	991
885	992
886	294
886	347
886	569
886	604
886	635
886	710
886	742
886	771
886	849
886	870
886	885
886	900
886	910
886	914
886	939
886	963
886	976
886	979
886	991
886	992
887	21
887	149
887	151
887	235
887	272
887	334
887	476
887	584
887	589
887	614
887	687
887	715
887	811
887	823
887	844
887	863
887	874
887	877
887	903
887	952
888	13
888	73
888	77
888	134
888	168
888	221
888	304
888	308
888	384
888	410
888	442
888	489
888	492
888	500
888	517
888	525
888	689
888	717
888	866
888	902
889	240
889	288
889	317
889	538
889	592
889	618
889	674
889	716
889	724
889	736
889	799
889	808
889	825
889	826
889	839
889	911
889	923
889	932
889	949
889	970
890	15
890	78
890	265
890	394
890	520
890	558
890	627
890	714
890	720
890	731
890	832
890	837
890	917
890	921
890	938
890	954
890	961
890	966
890	968
890	971
891	216
891	282
891	368
891	458
891	649
891	680
891	707
891	719
891	733
891	749
891	752
891	757
891	758
891	761
891	769
891	787
891	847
891	867
891	871
891	936
892	65
892	143
892	180
892	219
892	234
892	248
892	341
892	407
892	484
892	485
892	491
892	593
892	623
892	643
892	658
892	709
892	728
892	766
892	884
892	916
893	63
893	102
893	117
893	138
893	566
893	672
893	700
893	745
893	767
893	841
893	857
893	881
893	913
893	919
893	926
893	930
893	944
893	972
893	977
893	981
894	79
894	95
894	479
894	556
894	595
894	612
894	704
894	801
894	812
894	820
894	828
894	838
894	865
894	905
894	942
894	955
894	969
894	973
894	975
894	985
895	25
895	148
895	324
895	397
895	418
895	443
895	457
895	482
895	553
895	557
895	605
895	637
895	702
895	725
895	730
895	821
895	842
895	876
895	906
895	909
896	244
896	376
896	416
896	444
896	473
896	502
896	531
896	609
896	654
896	667
896	668
896	671
896	706
896	738
896	815
896	845
896	920
896	929
896	931
896	934
897	91
897	128
897	385
897	412
897	423
897	475
897	483
897	602
897	708
897	722
897	726
897	737
897	783
897	853
897	872
897	915
897	918
897	943
897	945
897	956
897	959
898	9
898	49
898	109
898	113
898	147
898	166
898	171
898	196
898	337
898	379
898	522
898	628
898	645
898	751
898	772
898	782
898	796
898	803
898	830
898	862
898	868
899	36
899	44
899	297
899	534
899	541
899	600
899	642
899	685
899	693
899	695
899	776
899	800
899	807
899	854
899	878
899	879
899	912
899	922
899	953
899	967
899	974
900	352
900	377
900	536
900	569
900	576
900	630
900	635
900	710
900	742
900	849
900	870
900	885
900	886
900	910
900	914
900	939
900	963
900	976
900	979
900	991
900	992
901	16
901	275
901	547
901	579
901	636
901	652
901	718
901	743
901	748
901	778
901	786
901	804
901	819
901	873
901	947
901	948
901	950
901	951
901	982
901	983
901	984
902	13
902	53
902	73
902	221
902	304
902	381
902	384
902	410
902	442
902	489
902	492
902	500
902	525
902	551
902	620
902	717
902	764
902	834
902	848
902	866
902	888
903	21
903	34
903	149
903	224
903	235
903	272
903	334
903	432
903	506
903	589
903	611
903	614
903	687
903	715
903	811
903	823
903	863
903	874
903	877
903	887
903	952
904	66
904	326
904	433
904	514
904	568
904	633
904	662
904	691
904	698
904	705
904	723
904	734
904	785
904	788
904	810
904	836
904	846
904	850
904	858
904	869
904	925
904	928
905	150
905	499
905	527
905	556
905	595
905	638
905	644
905	690
905	704
905	801
905	812
905	820
905	828
905	838
905	865
905	894
905	942
905	955
905	969
905	973
905	975
905	985
906	24
906	25
906	48
906	324
906	397
906	418
906	443
906	457
906	482
906	503
906	553
906	557
906	605
906	637
906	702
906	725
906	730
906	821
906	842
906	876
906	895
906	909
907	164
907	169
907	263
907	276
907	278
907	354
907	389
907	405
907	459
907	463
907	529
907	546
907	564
907	606
907	617
907	699
907	744
907	747
907	861
907	882
907	941
907	946
908	3
908	56
908	130
908	314
908	356
908	380
908	387
908	446
908	519
908	523
908	621
908	639
908	646
908	670
908	694
908	703
908	721
908	732
908	735
908	765
908	791
908	792
909	24
909	25
909	48
909	148
909	324
909	397
909	418
909	443
909	457
909	482
909	503
909	553
909	557
909	605
909	637
909	702
909	725
909	730
909	821
909	842
909	876
909	895
909	906
910	377
910	415
910	430
910	515
910	536
910	545
910	576
910	630
910	635
910	677
910	771
910	849
910	870
910	885
910	886
910	900
910	914
910	939
910	963
910	976
910	979
910	991
910	992
911	75
911	510
911	549
911	592
911	618
911	656
911	686
911	716
911	724
911	736
911	799
911	802
911	808
911	825
911	826
911	839
911	889
911	923
911	927
911	932
911	937
911	949
911	970
912	193
912	277
912	406
912	417
912	534
912	600
912	607
912	642
912	685
912	695
912	776
912	800
912	807
912	854
912	860
912	878
912	879
912	899
912	922
912	953
912	967
912	974
912	978
913	103
913	226
913	259
913	363
913	566
913	567
913	616
913	647
913	672
913	700
913	745
913	767
913	775
913	857
913	881
913	893
913	919
913	926
913	930
913	944
913	972
913	977
913	981
914	2
914	18
914	45
914	388
914	604
914	630
914	648
914	677
914	710
914	742
914	771
914	849
914	870
914	885
914	886
914	900
914	910
914	939
914	963
914	976
914	979
914	991
914	992
915	154
915	274
915	361
915	385
915	412
915	450
915	452
915	475
915	483
915	602
915	708
915	722
915	726
915	737
915	783
915	853
915	872
915	897
915	918
915	943
915	945
915	956
915	959
916	20
916	65
916	143
916	219
916	234
916	248
916	341
916	342
916	349
916	407
916	484
916	485
916	491
916	593
916	623
916	643
916	658
916	683
916	709
916	728
916	766
916	884
916	892
917	93
917	239
917	258
917	403
917	460
917	466
917	520
917	548
917	581
917	627
917	714
917	720
917	731
917	832
917	837
917	890
917	921
917	938
917	954
917	961
917	966
917	968
917	971
918	40
918	128
918	146
918	241
918	313
918	362
918	402
918	450
918	452
918	578
918	708
918	722
918	726
918	737
918	783
918	853
918	872
918	897
918	915
918	943
918	945
918	956
918	959
919	102
919	206
919	325
919	540
919	566
919	616
919	647
919	653
919	672
919	745
919	767
919	775
919	841
919	857
919	881
919	893
919	913
919	926
919	930
919	944
919	972
919	977
919	981
920	112
920	131
920	256
920	323
920	376
920	408
920	416
920	502
920	531
920	543
920	609
920	654
920	667
920	668
920	671
920	706
920	738
920	797
920	815
920	845
920	896
920	929
920	931
920	934
921	15
921	47
921	93
921	258
921	273
921	310
921	391
921	520
921	571
921	581
921	627
921	714
921	720
921	731
921	832
921	837
921	890
921	917
921	938
921	954
921	961
921	966
921	968
921	971
922	142
922	178
922	214
922	306
922	330
922	468
922	477
922	534
922	572
922	642
922	685
922	695
922	800
922	807
922	854
922	860
922	878
922	879
922	899
922	912
922	953
922	967
922	974
922	978
923	75
923	288
923	329
923	488
923	510
923	538
923	549
923	592
923	618
923	674
923	686
923	716
923	736
923	799
923	802
923	808
923	825
923	826
923	889
923	911
923	927
923	932
923	949
923	970
924	875
924	933
924	935
924	940
924	958
924	960
924	964
924	980
924	986
924	990
924	993
924	994
924	995
924	996
924	997
924	998
924	999
924	1000
925	38
925	74
925	284
925	286
925	326
925	433
925	514
925	568
925	662
925	678
925	691
925	698
925	705
925	723
925	734
925	785
925	788
925	810
925	836
925	850
925	858
925	869
925	883
925	904
925	928
926	311
926	325
926	345
926	360
926	363
926	367
926	540
926	616
926	647
926	653
926	672
926	700
926	745
926	767
926	775
926	841
926	857
926	881
926	893
926	913
926	919
926	930
926	944
926	972
926	977
926	981
927	80
927	82
927	127
927	288
927	329
927	470
927	488
927	538
927	549
927	592
927	656
927	674
927	686
927	716
927	724
927	736
927	802
927	808
927	825
927	839
927	911
927	923
927	932
927	937
927	949
927	970
928	66
928	74
928	284
928	286
928	326
928	433
928	514
928	568
928	662
928	678
928	691
928	698
928	705
928	723
928	734
928	785
928	788
928	810
928	836
928	846
928	850
928	858
928	869
928	883
928	904
928	925
929	112
929	167
929	244
929	256
929	323
929	376
929	408
929	416
929	444
929	473
929	502
929	531
929	543
929	609
929	654
929	667
929	668
929	671
929	706
929	738
929	797
929	815
929	845
929	896
929	920
929	931
929	934
930	103
930	217
930	311
930	363
930	367
930	540
930	566
930	567
930	616
930	647
930	653
930	672
930	700
930	745
930	767
930	775
930	841
930	857
930	881
930	893
930	913
930	919
930	926
930	944
930	972
930	977
930	981
931	112
931	131
931	167
931	244
931	256
931	323
931	408
931	416
931	444
931	473
931	502
931	531
931	543
931	609
931	654
931	667
931	668
931	671
931	706
931	738
931	797
931	815
931	845
931	896
931	920
931	929
931	934
932	61
932	82
932	240
932	317
932	470
932	510
932	549
932	592
932	618
932	656
932	674
932	686
932	716
932	724
932	736
932	799
932	808
932	825
932	826
932	839
932	889
932	911
932	923
932	927
932	937
932	949
932	970
933	855
933	875
933	924
933	935
933	940
933	958
933	960
933	964
933	980
933	986
933	990
933	993
933	994
933	995
933	996
933	997
933	998
933	999
933	1000
934	112
934	131
934	167
934	244
934	256
934	323
934	376
934	408
934	416
934	444
934	473
934	502
934	531
934	543
934	609
934	654
934	667
934	668
934	671
934	706
934	738
934	797
934	815
934	845
934	896
934	920
934	929
934	931
935	840
935	855
935	875
935	924
935	933
935	940
935	958
935	960
935	964
935	980
935	986
935	990
935	993
935	994
935	995
935	996
935	997
935	998
935	999
935	1000
936	108
936	216
936	232
936	267
936	282
936	287
936	340
936	368
936	404
936	413
936	458
936	501
936	649
936	661
936	707
936	719
936	733
936	749
936	757
936	758
936	761
936	769
936	787
936	847
936	859
936	867
936	871
936	891
937	8
937	80
937	127
937	197
937	240
937	317
937	329
937	470
937	488
937	510
937	592
937	618
937	656
937	674
937	686
937	724
937	736
937	799
937	802
937	808
937	825
937	826
937	839
937	911
937	927
937	932
937	949
937	970
938	47
938	156
938	199
938	230
938	239
938	265
938	305
938	364
938	460
938	520
938	548
938	558
938	571
938	581
938	627
938	714
938	720
938	731
938	832
938	837
938	890
938	917
938	921
938	954
938	961
938	966
938	968
938	971
939	54
939	98
939	343
939	373
939	415
939	518
939	533
939	545
939	576
939	604
939	630
939	648
939	677
939	710
939	742
939	771
939	849
939	870
939	885
939	886
939	900
939	910
939	914
939	963
939	976
939	979
939	991
939	992
940	831
940	840
940	855
940	875
940	924
940	933
940	935
940	958
940	960
940	964
940	980
940	986
940	990
940	993
940	994
940	995
940	996
940	997
940	998
940	999
940	1000
941	169
941	182
941	236
941	263
941	276
941	312
941	327
941	328
941	354
941	389
941	398
941	405
941	459
941	462
941	529
941	546
941	564
941	606
941	617
941	699
941	711
941	744
941	747
941	793
941	861
941	882
941	907
941	946
942	71
942	106
942	200
942	268
942	269
942	338
942	467
942	479
942	499
942	508
942	527
942	556
942	612
942	644
942	690
942	704
942	801
942	812
942	820
942	828
942	838
942	865
942	894
942	905
942	955
942	969
942	973
942	975
942	985
943	89
943	146
943	154
943	241
943	274
943	313
943	361
943	362
943	385
943	402
943	412
943	452
943	475
943	478
943	483
943	602
943	708
943	722
943	726
943	737
943	783
943	853
943	872
943	897
943	915
943	918
943	945
943	956
943	959
944	117
944	118
944	120
944	141
944	217
944	226
944	259
944	367
944	422
944	540
944	566
944	567
944	647
944	653
944	700
944	745
944	767
944	775
944	841
944	857
944	881
944	893
944	913
944	919
944	926
944	930
944	972
944	977
944	981
945	40
945	89
945	146
945	241
945	274
945	361
945	362
945	385
945	402
945	412
945	423
945	450
945	452
945	478
945	578
945	602
945	708
945	722
945	726
945	737
945	783
945	853
945	872
945	897
945	915
945	918
945	943
945	956
945	959
946	164
946	169
946	182
946	236
946	263
946	276
946	278
946	312
946	327
946	328
946	354
946	389
946	398
946	405
946	459
946	462
946	463
946	529
946	564
946	606
946	617
946	699
946	711
946	744
946	747
946	793
946	861
946	882
946	907
946	941
947	86
947	163
947	172
947	175
947	275
947	351
947	358
947	434
947	528
947	552
947	579
947	598
947	636
947	652
947	718
947	743
947	748
947	760
947	778
947	786
947	804
947	819
947	873
947	901
947	948
947	950
947	951
947	982
947	983
947	984
948	39
948	85
948	365
948	419
948	435
948	436
948	453
948	486
948	528
948	547
948	552
948	579
948	598
948	636
948	652
948	718
948	743
948	748
948	760
948	778
948	786
948	804
948	819
948	873
948	901
948	947
948	950
948	951
948	982
948	983
948	984
949	8
949	61
949	80
949	127
949	197
949	240
949	288
949	317
949	470
949	488
949	510
949	538
949	618
949	656
949	674
949	686
949	716
949	724
949	736
949	799
949	802
949	808
949	826
949	839
949	889
949	911
949	923
949	927
949	932
949	937
949	970
950	187
950	351
950	365
950	419
950	434
950	435
950	436
950	453
950	486
950	528
950	547
950	552
950	598
950	636
950	652
950	718
950	743
950	748
950	760
950	778
950	786
950	804
950	819
950	873
950	901
950	947
950	948
950	951
950	982
950	983
950	984
951	11
951	351
951	358
951	419
951	434
951	435
951	436
951	486
951	528
951	547
951	552
951	579
951	598
951	636
951	652
951	718
951	743
951	748
951	760
951	778
951	786
951	804
951	819
951	873
951	901
951	947
951	948
951	950
951	982
951	983
951	984
952	21
952	28
952	34
952	60
952	149
952	151
952	224
952	235
952	252
952	271
952	272
952	302
952	334
952	432
952	476
952	506
952	584
952	589
952	611
952	614
952	687
952	715
952	763
952	811
952	823
952	844
952	863
952	874
952	877
952	887
952	903
953	42
953	68
953	122
953	178
953	190
953	193
953	211
953	214
953	277
953	297
953	378
953	406
953	417
953	534
953	541
953	572
953	600
953	607
953	685
953	693
953	776
953	800
953	854
953	860
953	878
953	879
953	899
953	912
953	922
953	967
953	974
953	978
954	47
954	78
954	156
954	199
954	239
954	257
954	258
954	273
954	305
954	310
954	394
954	403
954	460
954	466
954	548
954	558
954	571
954	581
954	627
954	714
954	720
954	731
954	832
954	837
954	890
954	917
954	921
954	938
954	961
954	966
954	968
954	971
955	17
955	92
955	194
955	268
955	269
955	280
955	338
955	374
955	479
955	480
955	508
955	527
955	556
955	595
955	612
955	638
955	644
955	690
955	704
955	801
955	812
955	820
955	828
955	838
955	865
955	894
955	905
955	942
955	969
955	973
955	975
955	985
956	40
956	57
956	89
956	91
956	128
956	274
956	361
956	362
956	385
956	402
956	412
956	423
956	450
956	452
956	475
956	478
956	483
956	578
956	602
956	708
956	722
956	726
956	737
956	783
956	853
956	872
956	897
956	915
956	918
956	943
956	945
956	959
957	145
957	247
957	303
957	400
957	447
957	461
957	469
957	493
957	507
957	563
957	565
957	625
957	631
957	651
957	681
957	739
957	746
957	770
957	784
957	798
957	814
957	818
957	822
957	829
957	843
957	864
957	880
957	962
957	965
957	987
957	988
957	989
958	806
958	831
958	840
958	855
958	875
958	924
958	933
958	935
958	940
958	960
958	964
958	980
958	986
958	990
958	993
958	994
958	995
958	996
958	997
958	998
958	999
958	1000
959	89
959	91
959	128
959	146
959	154
959	241
959	274
959	313
959	361
959	362
959	385
959	412
959	423
959	450
959	452
959	475
959	478
959	483
959	578
959	602
959	708
959	722
959	726
959	737
959	783
959	853
959	872
959	897
959	915
959	918
959	943
959	945
959	956
960	780
960	795
960	806
960	831
960	840
960	855
960	875
960	924
960	933
960	935
960	940
960	958
960	964
960	980
960	986
960	990
960	993
960	994
960	995
960	996
960	997
960	998
960	999
960	1000
961	15
961	31
961	47
961	78
961	156
961	230
961	257
961	265
961	273
961	364
961	391
961	394
961	403
961	466
961	520
961	548
961	558
961	571
961	581
961	627
961	714
961	720
961	731
961	832
961	837
961	890
961	917
961	921
961	938
961	954
961	966
961	968
961	971
962	5
962	116
962	238
962	264
962	346
962	400
962	431
962	439
962	461
962	493
962	507
962	563
962	565
962	625
962	631
962	651
962	681
962	739
962	746
962	770
962	784
962	814
962	818
962	822
962	829
962	843
962	864
962	880
962	957
962	965
962	987
962	988
962	989
963	135
963	177
963	292
963	343
963	388
963	415
963	430
963	515
963	518
963	533
963	536
963	545
963	569
963	576
963	604
963	635
963	648
963	677
963	710
963	742
963	771
963	849
963	870
963	885
963	886
963	900
963	910
963	914
963	939
963	976
963	979
963	991
963	992
964	753
964	755
964	768
964	780
964	795
964	806
964	831
964	840
964	855
964	875
964	924
964	933
964	935
964	940
964	958
964	960
964	980
964	986
964	990
964	993
964	994
964	995
964	996
964	997
964	998
964	999
964	1000
965	104
965	184
965	208
965	247
965	300
965	400
965	431
965	439
965	461
965	469
965	493
965	507
965	565
965	625
965	631
965	651
965	681
965	739
965	746
965	770
965	784
965	798
965	814
965	818
965	822
965	829
965	843
965	864
965	880
965	957
965	962
965	987
965	988
965	989
966	15
966	31
966	93
966	199
966	230
966	239
966	257
966	273
966	305
966	310
966	364
966	391
966	394
966	403
966	460
966	466
966	548
966	558
966	571
966	581
966	627
966	714
966	720
966	731
966	832
966	837
966	890
966	917
966	921
966	938
966	954
966	961
966	968
966	971
967	36
967	42
967	44
967	142
967	214
967	297
967	306
967	330
967	378
967	406
967	417
967	477
967	534
967	541
967	572
967	600
967	607
967	642
967	685
967	693
967	695
967	776
967	800
967	807
967	854
967	860
967	878
967	879
967	899
967	912
967	922
967	953
967	974
967	978
968	31
968	156
968	230
968	239
968	257
968	258
968	265
968	273
968	305
968	310
968	391
968	394
968	403
968	460
968	466
968	520
968	548
968	558
968	571
968	581
968	627
968	714
968	720
968	731
968	832
968	837
968	890
968	917
968	921
968	938
968	954
968	961
968	966
968	971
969	92
969	106
969	110
969	150
969	194
969	220
969	269
969	280
969	374
969	467
969	479
969	480
969	499
969	508
969	527
969	556
969	595
969	612
969	638
969	644
969	690
969	704
969	801
969	812
969	820
969	828
969	838
969	865
969	894
969	905
969	942
969	955
969	973
969	975
969	985
970	8
970	61
970	80
970	82
970	127
970	197
970	240
970	317
970	329
970	470
970	488
970	510
970	538
970	549
970	592
970	618
970	656
970	674
970	686
970	716
970	724
970	736
970	799
970	802
970	808
970	825
970	826
970	839
970	889
970	911
970	923
970	927
970	932
970	937
970	949
971	31
971	78
971	93
971	199
971	230
971	257
971	258
971	265
971	305
971	310
971	364
971	391
971	394
971	403
971	460
971	466
971	520
971	548
971	558
971	571
971	581
971	627
971	714
971	720
971	731
971	832
971	837
971	890
971	917
971	921
971	938
971	954
971	961
971	966
971	968
972	63
972	118
972	120
972	123
972	138
972	206
972	217
972	226
972	311
972	325
972	345
972	360
972	367
972	422
972	540
972	566
972	567
972	616
972	647
972	653
972	672
972	700
972	745
972	767
972	775
972	841
972	857
972	881
972	893
972	913
972	919
972	926
972	930
972	944
972	977
972	981
973	17
973	71
973	79
973	95
973	110
973	150
973	200
973	220
973	268
973	269
973	280
973	338
973	467
973	480
973	499
973	508
973	527
973	556
973	612
973	638
973	644
973	690
973	704
973	801
973	812
973	820
973	828
973	838
973	865
973	894
973	905
973	942
973	955
973	969
973	975
973	985
974	36
974	42
974	68
974	178
974	190
974	193
974	211
974	277
974	297
974	306
974	330
974	378
974	406
974	417
974	468
974	477
974	541
974	572
974	600
974	607
974	642
974	685
974	693
974	695
974	776
974	800
974	807
974	854
974	860
974	878
974	879
974	899
974	912
974	922
974	953
974	967
974	978
975	17
975	71
975	79
975	92
975	95
975	106
975	110
975	194
975	200
975	220
975	280
975	338
975	374
975	467
975	479
975	480
975	499
975	508
975	527
975	595
975	612
975	638
975	644
975	690
975	704
975	801
975	812
975	820
975	828
975	838
975	865
975	894
975	905
975	942
975	955
975	969
975	973
975	985
976	54
976	98
976	135
976	186
976	292
976	294
976	347
976	352
976	377
976	388
976	415
976	430
976	515
976	518
976	533
976	536
976	545
976	569
976	576
976	604
976	630
976	635
976	648
976	677
976	710
976	742
976	771
976	849
976	870
976	885
976	886
976	900
976	910
976	914
976	939
976	963
976	979
976	991
976	992
977	63
977	102
977	103
977	117
977	118
977	120
977	123
977	141
977	206
977	226
977	259
977	311
977	325
977	345
977	360
977	363
977	422
977	540
977	566
977	567
977	616
977	647
977	653
977	672
977	700
977	745
977	767
977	775
977	841
977	857
977	881
977	893
977	913
977	919
977	926
977	930
977	944
977	972
977	981
978	36
978	42
978	44
978	68
978	122
978	142
978	178
978	190
978	193
978	214
978	277
978	297
978	306
978	330
978	378
978	406
978	468
978	477
978	534
978	541
978	572
978	600
978	607
978	642
978	685
978	693
978	695
978	776
978	800
978	807
978	854
978	860
978	878
978	879
978	912
978	922
978	953
978	967
978	974
979	2
979	18
979	45
979	177
979	186
979	292
979	294
979	343
979	347
979	352
979	373
979	388
979	430
979	515
979	518
979	533
979	536
979	545
979	576
979	604
979	630
979	635
979	648
979	677
979	710
979	742
979	771
979	849
979	870
979	885
979	886
979	900
979	910
979	914
979	939
979	963
979	976
979	991
979	992
980	753
980	755
980	768
980	780
980	795
980	806
980	831
980	840
980	855
980	875
980	924
980	933
980	935
980	940
980	958
980	960
980	964
980	986
980	990
980	993
980	994
980	995
980	996
980	997
980	998
980	999
980	1000
981	63
981	102
981	103
981	117
981	118
981	120
981	123
981	138
981	141
981	206
981	217
981	259
981	311
981	325
981	345
981	360
981	363
981	367
981	422
981	540
981	566
981	567
981	616
981	647
981	653
981	672
981	700
981	745
981	767
981	775
981	841
981	857
981	881
981	893
981	913
981	919
981	926
981	930
981	944
981	972
981	977
982	11
982	16
982	39
982	85
982	86
982	163
982	172
982	175
982	187
982	275
982	351
982	365
982	419
982	434
982	435
982	436
982	453
982	486
982	528
982	547
982	552
982	579
982	598
982	636
982	652
982	718
982	743
982	748
982	760
982	778
982	786
982	804
982	819
982	873
982	901
982	947
982	948
982	950
982	951
982	983
982	984
983	11
983	16
983	39
983	85
983	86
983	163
983	172
983	175
983	187
983	275
983	358
983	365
983	419
983	434
983	435
983	436
983	453
983	486
983	528
983	547
983	552
983	579
983	598
983	636
983	652
983	718
983	743
983	748
983	760
983	778
983	786
983	804
983	819
983	873
983	901
983	947
983	948
983	950
983	951
983	982
983	984
984	11
984	16
984	39
984	85
984	86
984	163
984	172
984	175
984	187
984	275
984	351
984	358
984	365
984	419
984	434
984	435
984	436
984	453
984	486
984	528
984	547
984	552
984	579
984	598
984	636
984	652
984	718
984	743
984	748
984	760
984	778
984	786
984	804
984	819
984	873
984	901
984	947
984	948
984	950
984	951
984	982
984	983
985	17
985	71
985	79
985	92
985	95
985	106
985	110
985	150
985	194
985	200
985	220
985	268
985	269
985	280
985	338
985	374
985	467
985	479
985	480
985	499
985	508
985	527
985	556
985	595
985	612
985	638
985	644
985	690
985	704
985	801
985	812
985	820
985	828
985	838
985	865
985	894
985	905
985	942
985	955
985	969
985	973
985	975
986	753
986	755
986	768
986	780
986	795
986	806
986	831
986	840
986	855
986	875
986	924
986	933
986	935
986	940
986	958
986	960
986	964
986	980
986	990
986	993
986	994
986	995
986	996
986	997
986	998
986	999
986	1000
987	5
987	104
987	145
987	184
987	208
987	238
987	247
987	264
987	291
987	300
987	303
987	346
987	400
987	431
987	439
987	447
987	461
987	469
987	493
987	507
987	563
987	565
987	625
987	631
987	651
987	681
987	739
987	746
987	770
987	784
987	798
987	814
987	818
987	822
987	829
987	843
987	864
987	880
987	957
987	962
987	965
987	988
987	989
988	5
988	104
988	116
988	145
988	184
988	208
988	238
988	247
988	264
988	291
988	300
988	303
988	346
988	400
988	431
988	439
988	447
988	461
988	493
988	507
988	563
988	565
988	625
988	631
988	651
988	681
988	739
988	746
988	770
988	784
988	798
988	814
988	818
988	822
988	829
988	843
988	864
988	880
988	957
988	962
988	965
988	987
988	989
989	5
989	104
989	116
989	145
989	184
989	208
989	238
989	247
989	264
989	291
989	300
989	303
989	346
989	400
989	431
989	439
989	447
989	461
989	469
989	493
989	507
989	563
989	565
989	625
989	631
989	651
989	681
989	739
989	746
989	770
989	784
989	798
989	814
989	818
989	822
989	829
989	843
989	864
989	880
989	957
989	962
989	965
989	987
989	988
990	615
990	626
990	629
990	632
990	657
990	663
990	753
990	755
990	768
990	780
990	795
990	806
990	831
990	840
990	855
990	875
990	924
990	933
990	935
990	940
990	958
990	960
990	964
990	980
990	986
990	993
990	994
990	995
990	996
990	997
990	998
990	999
990	1000
991	2
991	18
991	45
991	54
991	98
991	135
991	177
991	186
991	292
991	294
991	343
991	347
991	352
991	373
991	377
991	388
991	415
991	430
991	515
991	518
991	533
991	536
991	545
991	569
991	576
991	604
991	630
991	635
991	648
991	677
991	710
991	742
991	771
991	849
991	870
991	885
991	886
991	900
991	910
991	914
991	939
991	963
991	976
991	979
991	992
992	2
992	18
992	45
992	54
992	98
992	135
992	177
992	186
992	292
992	294
992	343
992	347
992	352
992	373
992	377
992	388
992	415
992	430
992	515
992	518
992	533
992	536
992	545
992	569
992	576
992	604
992	630
992	635
992	648
992	677
992	710
992	742
992	771
992	849
992	870
992	885
992	886
992	900
992	910
992	914
992	939
992	963
992	976
992	979
992	991
993	626
993	629
993	632
993	657
993	663
993	753
993	755
993	768
993	780
993	795
993	806
993	831
993	840
993	855
993	875
993	924
993	933
993	935
993	940
993	958
993	960
993	964
993	980
993	986
993	990
993	994
993	995
993	996
993	997
993	998
993	999
993	1000
994	526
994	539
994	615
994	626
994	629
994	632
994	657
994	663
994	753
994	755
994	768
994	780
994	795
994	806
994	831
994	840
994	855
994	875
994	924
994	933
994	935
994	940
994	958
994	960
994	964
994	980
994	986
994	990
994	993
994	995
994	996
994	997
994	998
994	999
994	1000
995	390
995	414
995	424
995	465
995	481
995	526
995	539
995	615
995	626
995	629
995	632
995	657
995	663
995	753
995	755
995	768
995	780
995	795
995	806
995	831
995	840
995	855
995	875
995	924
995	933
995	935
995	940
995	958
995	960
995	964
995	980
995	986
995	990
995	993
995	994
995	996
995	997
995	998
995	999
995	1000
996	96
996	188
996	204
996	309
996	320
996	350
996	390
996	414
996	424
996	465
996	481
996	526
996	539
996	615
996	626
996	629
996	632
996	657
996	663
996	753
996	755
996	768
996	780
996	795
996	806
996	831
996	840
996	855
996	875
996	924
996	933
996	935
996	940
996	958
996	960
996	964
996	980
996	986
996	990
996	993
996	994
996	995
996	997
996	998
996	999
996	1000
997	96
997	101
997	157
997	188
997	198
997	222
997	309
997	320
997	350
997	390
997	414
997	424
997	465
997	481
997	526
997	539
997	615
997	626
997	629
997	632
997	657
997	663
997	753
997	755
997	768
997	780
997	795
997	806
997	831
997	840
997	855
997	875
997	924
997	933
997	935
997	940
997	958
997	960
997	964
997	980
997	986
997	990
997	993
997	994
997	995
997	996
997	998
997	999
997	1000
998	96
998	101
998	157
998	198
998	204
998	222
998	309
998	320
998	350
998	390
998	414
998	424
998	465
998	481
998	526
998	539
998	615
998	626
998	629
998	632
998	657
998	663
998	753
998	755
998	768
998	780
998	795
998	806
998	831
998	840
998	855
998	875
998	924
998	933
998	935
998	940
998	958
998	960
998	964
998	980
998	986
998	990
998	993
998	994
998	995
998	996
998	997
998	999
998	1000
999	101
999	157
999	188
999	198
999	204
999	222
999	309
999	320
999	350
999	390
999	414
999	424
999	465
999	481
999	526
999	539
999	615
999	626
999	629
999	632
999	657
999	663
999	753
999	755
999	768
999	780
999	795
999	806
999	831
999	840
999	855
999	875
999	924
999	933
999	935
999	940
999	958
999	960
999	964
999	980
999	986
999	990
999	993
999	994
999	995
999	996
999	997
999	998
999	1000
1000	62
1000	96
1000	101
1000	157
1000	188
1000	198
1000	204
1000	222
1000	309
1000	320
1000	350
1000	390
1000	414
1000	424
1000	465
1000	481
1000	526
1000	539
1000	615
1000	626
1000	629
1000	632
1000	657
1000	663
1000	753
1000	755
1000	768
1000	780
1000	795
1000	806
1000	831
1000	840
1000	855
1000	875
1000	924
1000	933
1000	935
1000	940
1000	958
1000	960
1000	964
1000	980
1000	986
1000	990
1000	993
1000	994
1000	995
1000	996
1000	997
1000	998
1000	999
