1	97
1	261
1	600
1	696
2	198
2	210
2	300
2	389
3	86
3	337
3	572
3	650
4	858
4	865
4	871
4	891
5	498
5	697
5	745
5	805
6	967
6	988
6	989
6	994
7	770
7	889
7	934
7	950
8	733
8	759
8	775
8	924
9	660
9	832
9	860
9	873
10	418
10	865
10	871
10	891
11	136
11	184
11	201
11	203
12	614
12	893
12	908
12	921
13	464
13	654
13	940
13	943
14	172
14	317
14	401
14	704
15	218
15	291
15	506
15	610
16	246
16	301
16	607
16	620
17	953
17	958
17	967
17	968
18	510
18	524
18	561
18	744
19	906
19	932
19	942
19	949
20	795
20	912
20	984
20	986
21	358
21	424
21	592
21	774
22	816
22	916
22	920
22	924
23	685
23	789
23	861
23	921
24	770
24	934
24	950
24	971
25	423
25	431
25	534
25	805
26	635
26	651
26	772
26	876
27	50
27	295
27	340
27	620
28	918
28	937
28	974
28	986
29	424
29	472
29	592
29	774
30	903
30	919
30	939
30	940
31	633
31	995
31	998
31	999
32	561
32	578
32	656
32	672
33	198
33	266
33	300
33	389
34	858
34	865
34	871
34	891
35	826
35	861
35	893
35	908
36	800
36	822
36	899
36	928
37	116
37	303
37	414
37	439
38	663
38	839
38	869
38	900
39	277
39	430
39	473
39	671
40	603
40	639
40	776
40	900
41	223
41	270
41	295
41	340
42	127
42	221
42	364
42	541
43	242
43	378
43	689
43	704
44	521
44	686
44	769
44	779
45	922
45	932
45	942
45	943
46	959
46	965
46	976
46	981
47	903
47	919
47	939
47	940
48	847
48	920
48	951
48	979
49	948
49	961
49	976
49	981
50	27
50	270
50	295
50	340
51	351
51	424
51	592
51	774
52	260
52	358
52	472
52	774
53	897
53	915
53	939
53	940
54	954
54	955
54	963
54	966
55	954
55	955
55	960
55	963
56	518
56	547
56	786
56	797
57	985
57	988
57	989
57	994
58	995
58	996
58	998
58	999
59	733
59	840
59	846
59	884
60	978
60	987
60	997
60	1000
61	453
61	545
61	555
61	646
62	720
62	786
62	792
62	828
63	147
63	783
63	881
63	899
64	67
64	635
64	772
64	876
65	993
65	995
65	996
65	999
66	515
66	651
66	749
66	876
67	64
67	651
67	765
67	876
68	273
68	428
68	507
68	935
69	790
69	906
69	934
69	950
70	956
70	960
70	963
70	966
71	947
71	954
71	963
71	966
72	197
72	246
72	607
72	620
73	682
73	711
73	830
73	900
74	308
74	464
74	482
74	654
75	334
75	727
75	731
75	758
76	982
76	990
76	997
76	1000
77	967
77	980
77	983
77	994
78	983
78	985
78	988
78	994
79	691
79	795
79	974
79	986
80	752
80	840
80	852
80	884
81	636
81	832
81	860
81	873
82	150
82	163
82	182
82	533
83	150
83	163
83	283
83	533
84	877
84	961
84	965
84	975
85	681
85	683
85	794
85	801
86	3
86	422
86	572
86	650
87	771
87	879
87	984
87	986
88	230
88	415
88	572
88	650
89	790
89	878
89	906
89	950
90	954
90	956
90	960
90	966
91	749
91	765
91	772
91	876
92	139
92	276
92	488
92	529
93	394
93	679
93	706
93	907
94	322
94	532
94	605
94	618
95	131
95	692
95	707
95	738
96	209
96	357
96	419
96	611
97	1
97	479
97	623
97	696
98	195
98	345
98	398
98	556
99	532
99	551
99	618
99	619
100	322
100	532
100	551
100	618
101	215
101	713
101	714
101	842
102	783
102	875
102	899
102	928
103	181
103	865
103	871
103	891
104	897
104	919
104	939
104	940
105	503
105	676
105	794
105	801
106	221
106	241
106	364
106	541
107	866
107	872
107	895
107	913
108	853
108	875
108	899
108	928
109	244
109	332
109	461
109	470
110	880
110	918
110	984
110	986
111	754
111	988
111	989
111	994
112	177
112	697
112	745
112	805
113	209
113	335
113	357
113	611
114	847
114	916
114	930
114	951
115	557
115	681
115	794
115	801
116	37
116	311
116	339
116	439
117	347
117	368
117	529
117	982
118	561
118	591
118	672
118	744
119	698
119	858
119	865
119	871
120	947
120	954
120	955
120	956
121	959
121	961
121	976
121	981
122	441
122	506
122	544
122	610
123	947
123	954
123	960
123	966
124	355
124	767
124	776
124	900
125	386
125	692
125	707
125	738
126	570
126	590
126	652
126	921
127	42
127	241
127	364
127	541
128	874
128	892
128	923
128	929
129	897
129	919
129	939
129	940
130	766
130	953
130	958
130	968
131	95
131	505
131	707
131	738
132	978
132	992
132	997
132	1000
133	548
133	560
133	731
133	907
134	335
134	350
134	419
134	611
135	441
135	544
135	610
135	993
136	11
136	152
136	201
136	203
137	821
137	913
137	923
137	929
138	955
138	960
138	963
138	966
139	92
139	368
139	488
139	529
140	239
140	259
140	555
140	646
141	710
141	846
141	852
141	884
142	299
142	343
142	464
142	654
143	570
143	670
143	861
143	921
144	355
144	767
144	869
144	900
145	260
145	323
145	592
145	774
146	494
146	585
146	595
146	599
147	63
147	322
147	551
147	618
148	285
148	336
148	475
148	481
149	175
149	329
149	398
149	840
150	82
150	83
150	283
150	533
151	711
151	830
151	869
151	900
152	136
152	201
152	203
152	731
153	327
153	511
153	554
153	626
154	331
154	675
154	689
154	704
155	686
155	748
155	769
155	779
156	233
156	302
156	407
156	617
157	585
157	595
157	599
158	781
158	906
158	934
158	950
159	639
159	830
159	869
159	900
160	237
160	673
160	819
160	842
161	249
161	253
161	282
161	507
162	922
162	942
162	943
162	949
163	82
163	83
163	182
163	283
164	547
164	786
164	797
164	828
165	437
165	445
165	656
165	672
166	800
166	881
166	899
166	928
167	853
167	875
167	899
167	928
168	523
168	878
168	934
168	950
169	815
169	892
169	923
169	929
170	914
170	938
170	953
170	968
171	409
171	651
171	749
171	876
172	14
172	331
172	689
172	704
173	500
173	518
173	792
173	797
174	289
174	376
174	597
174	617
175	149
175	345
175	460
175	556
176	323
176	351
176	424
176	774
177	112
177	392
177	745
177	805
178	532
178	551
178	618
178	901
179	498
179	697
179	805
179	894
180	914
180	926
180	958
180	968
181	103
181	858
181	871
181	891
182	82
182	163
182	283
182	533
183	664
183	856
183	924
183	951
184	11
184	201
184	203
184	396
185	244
185	262
185	461
185	470
186	652
186	861
186	908
186	921
187	246
187	486
187	620
187	821
188	271
188	418
188	491
188	891
189	205
189	315
189	379
189	393
190	320
190	327
190	473
190	496
191	892
191	913
191	923
191	929
192	987
192	990
192	992
192	1000
193	697
193	717
193	745
193	805
194	859
194	874
194	892
194	929
195	98
195	345
195	460
195	556
196	921
196	992
196	997
196	1000
197	72
197	486
197	607
197	620
198	2
198	33
198	266
198	389
199	565
199	776
199	869
199	900
200	952
200	965
200	976
200	981
201	11
201	136
201	152
201	184
202	932
202	942
202	943
202	949
203	11
203	136
203	152
203	184
204	904
204	948
204	952
204	965
205	189
205	316
205	353
205	562
206	410
206	972
206	992
206	997
207	757
207	866
207	872
207	895
208	513
208	570
208	789
208	893
209	96
209	113
209	350
209	611
210	2
210	980
210	988
210	994
211	239
211	454
211	646
211	978
212	681
212	683
212	801
212	955
213	861
213	908
213	921
213	952
214	266
214	315
214	316
214	562
215	101
215	699
215	763
215	842
216	392
216	534
216	745
216	805
217	811
217	996
217	998
217	999
218	15
218	506
218	544
218	610
219	839
219	866
219	872
219	895
220	848
220	913
220	923
220	929
221	42
221	106
221	241
221	541
222	995
222	996
222	998
222	999
223	41
223	270
223	295
223	340
224	937
224	990
224	997
224	1000
225	880
225	912
225	918
225	986
226	954
226	956
226	960
226	966
227	993
227	996
227	998
227	999
228	932
228	942
228	943
228	949
229	985
229	988
229	989
229	994
230	88
230	387
230	422
230	650
231	846
231	852
231	884
231	993
232	915
232	939
232	940
232	959
233	156
233	407
233	597
233	617
234	435
234	479
234	546
234	696
235	979
235	980
235	989
235	994
236	287
236	320
236	511
236	517
236	554
237	160
237	713
237	758
237	819
237	823
238	549
238	757
238	767
238	843
238	895
239	140
239	211
239	545
239	637
239	646
240	993
240	995
240	996
240	998
240	999
241	106
241	127
241	221
241	364
241	541
242	43
242	401
242	689
242	704
242	829
243	465
243	494
243	585
243	595
243	599
244	109
244	185
244	262
244	332
244	461
245	289
245	302
245	376
245	597
245	617
246	16
246	72
246	187
246	607
246	620
247	952
247	959
247	965
247	976
247	981
248	917
248	932
248	942
248	943
248	949
249	161
249	253
249	282
249	428
249	507
250	728
250	787
250	878
250	934
250	950
251	967
251	979
251	983
251	985
251	994
252	757
252	839
252	843
252	866
252	895
253	161
253	249
253	273
253	428
253	507
254	710
254	840
254	846
254	852
254	884
255	980
255	985
255	988
255	989
255	994
256	374
256	749
256	772
256	876
256	977
257	615
257	622
257	660
257	812
257	873
258	770
258	781
258	878
258	906
258	950
259	140
259	453
259	454
259	555
259	646
260	52
260	145
260	323
260	592
260	774
261	1
261	435
261	600
261	623
261	696
262	185
262	244
262	332
262	461
262	470
263	590
263	664
263	775
263	916
263	951
264	500
264	645
264	776
264	869
264	900
265	659
265	790
265	889
265	934
265	950
266	33
266	198
266	214
266	300
266	389
267	890
267	937
267	974
267	984
267	986
268	903
268	915
268	919
268	939
268	940
269	947
269	955
269	956
269	960
269	963
270	41
270	50
270	223
270	295
270	340
271	188
271	858
271	865
271	871
271	891
272	621
272	765
272	772
272	876
272	929
273	68
273	253
273	282
273	428
273	507
274	917
274	922
274	932
274	943
274	949
275	711
275	830
275	869
275	890
275	900
276	92
276	347
276	438
276	488
276	529
277	39
277	287
277	496
277	514
277	517
278	280
278	336
278	475
278	481
278	671
279	979
279	980
279	983
279	985
279	989
280	278
280	285
280	333
280	538
280	985
281	349
281	749
281	772
281	859
281	876
282	161
282	249
282	273
282	428
282	952
283	83
283	150
283	163
283	182
283	533
284	739
284	851
284	853
284	899
284	928
285	148
285	280
285	481
285	538
285	805
286	313
286	752
286	840
286	852
286	884
287	236
287	277
287	416
287	514
287	626
288	831
288	910
288	937
288	974
288	984
289	174
289	245
289	302
289	597
289	617
290	575
290	878
290	906
290	934
290	950
291	15
291	441
291	506
291	544
291	610
292	435
292	527
292	600
292	623
292	696
293	897
293	915
293	919
293	939
293	940
294	557
294	681
294	683
294	794
294	801
295	27
295	41
295	50
295	223
295	270
296	576
296	736
296	804
296	819
296	823
297	903
297	915
297	919
297	939
297	940
298	922
298	932
298	942
298	943
298	949
299	142
299	308
299	343
299	482
299	654
300	2
300	33
300	266
300	389
300	970
301	16
301	486
301	607
301	620
301	877
302	156
302	245
302	289
302	407
302	617
303	37
303	311
303	339
303	384
303	414
304	468
304	858
304	865
304	871
304	891
305	897
305	903
305	915
305	939
305	940
306	352
306	720
306	792
306	828
306	950
307	468
307	491
307	858
307	871
307	891
308	74
308	299
308	464
308	482
308	654
309	917
309	922
309	942
309	943
309	949
310	699
310	763
310	804
310	823
310	842
311	116
311	303
311	384
311	414
311	439
312	622
312	667
312	860
312	873
312	976
313	286
313	752
313	840
313	852
313	884
314	455
314	826
314	893
314	908
314	921
315	189
315	214
315	316
315	393
315	562
316	205
316	214
316	315
316	353
316	379
317	14
317	331
317	381
317	689
317	704
318	879
318	912
318	974
318	984
318	986
319	687
319	826
319	861
319	908
319	921
320	190
320	236
320	430
320	508
320	626
321	917
321	932
321	942
321	943
321	949
322	94
322	100
322	147
322	532
322	618
323	145
323	176
323	260
323	472
323	774
324	909
324	926
324	938
324	953
324	968
325	500
325	624
325	786
325	797
325	828
326	993
326	995
326	996
326	998
326	999
327	153
327	190
327	430
327	626
327	671
328	433
328	456
328	748
328	769
328	779
329	149
329	398
329	460
329	556
329	774
330	528
330	557
330	676
330	683
330	801
331	154
331	172
331	317
331	689
331	704
332	109
332	244
332	262
332	461
332	470
333	280
333	362
333	475
333	538
333	885
334	75
334	484
334	548
334	731
334	758
335	113
335	134
335	350
335	357
335	611
336	148
336	278
336	362
336	475
336	481
337	3
337	680
337	920
337	930
337	951
338	715
338	773
338	839
338	872
338	895
339	116
339	303
339	384
339	414
339	439
340	27
340	41
340	50
340	223
340	270
341	467
341	767
341	776
341	830
341	869
342	700
342	880
342	910
342	984
342	986
343	142
343	299
343	482
343	654
343	800
344	628
344	979
344	983
344	988
344	989
345	98
345	175
345	195
345	398
345	460
346	890
346	912
346	974
346	984
346	986
347	117
347	276
347	368
347	438
347	529
348	394
348	474
348	633
348	679
348	690
349	281
349	374
349	765
349	876
349	962
350	134
350	209
350	335
350	419
350	611
351	51
351	176
351	424
351	472
351	774
352	306
352	786
352	792
352	797
352	933
353	205
353	316
353	379
353	393
353	562
354	724
354	735
354	799
354	920
354	951
355	124
355	144
355	830
355	869
355	900
356	878
356	889
356	906
356	934
356	950
357	96
357	113
357	335
357	419
357	611
358	21
358	52
358	424
358	592
358	774
359	760
359	862
359	926
359	958
359	968
360	649
360	692
360	707
360	738
360	999
361	835
361	948
361	965
361	976
361	981
362	333
362	336
362	475
362	481
362	538
363	903
363	915
363	919
363	939
363	940
364	42
364	106
364	127
364	241
364	541
365	686
365	748
365	769
365	779
365	996
366	859
366	892
366	913
366	923
366	929
367	477
367	589
367	858
367	865
367	891
368	117
368	139
368	347
368	438
368	488
369	909
369	926
369	953
369	958
369	968
370	465
370	494
370	585
370	595
370	599
371	889
371	947
371	960
371	963
371	966
372	910
372	937
372	974
372	984
372	986
373	827
373	855
373	910
373	984
373	986
374	256
374	349
374	621
374	635
374	876
375	684
375	839
375	866
375	872
375	895
376	174
376	245
376	407
376	597
376	617
377	877
377	959
377	961
377	976
377	981
378	43
378	381
378	401
378	689
378	704
379	189
379	316
379	353
379	393
379	562
380	993
380	995
380	996
380	998
380	999
381	317
381	378
381	401
381	689
381	869
382	485
382	851
382	853
382	875
382	928
383	456
383	522
383	748
383	769
383	779
384	303
384	311
384	339
384	414
384	439
385	570
385	687
385	893
385	908
385	921
386	125
386	505
386	649
386	692
386	738
387	230
387	415
387	422
387	572
387	650
388	980
388	983
388	989
388	993
388	994
389	2
389	33
389	198
389	266
389	300
390	901
390	952
390	959
390	965
390	976
391	589
391	698
391	865
391	871
391	891
392	177
392	216
392	423
392	697
392	745
392	805
393	189
393	315
393	353
393	379
393	562
393	563
394	93
394	348
394	580
394	690
394	706
394	960
395	699
395	714
395	736
395	804
395	819
395	842
396	184
396	993
396	995
396	996
396	998
396	999
397	917
397	922
397	932
397	942
397	943
397	949
398	98
398	149
398	329
398	345
398	460
398	556
399	791
399	926
399	938
399	953
399	958
399	968
400	733
400	840
400	846
400	852
400	865
400	884
401	14
401	242
401	378
401	381
401	689
401	704
402	484
402	523
402	558
402	560
402	727
402	758
403	442
403	548
403	558
403	727
403	731
403	758
404	848
404	859
404	874
404	913
404	923
404	929
405	684
405	839
405	843
405	866
405	872
405	895
406	515
406	621
406	635
406	749
406	765
406	876
407	156
407	233
407	302
407	376
407	597
407	617
408	732
408	993
408	995
408	996
408	998
408	999
409	171
409	567
409	889
409	906
409	934
409	950
410	206
410	789
410	826
410	861
410	893
410	921
411	854
411	909
411	914
411	953
411	958
411	968
412	420
412	505
412	564
412	649
412	707
412	738
413	433
413	522
413	686
413	748
413	769
413	779
414	37
414	303
414	311
414	339
414	384
414	439
415	88
415	387
415	422
415	526
415	572
415	650
416	287
416	496
416	511
416	514
416	554
416	671
417	474
417	580
417	598
417	629
417	633
417	706
418	10
418	188
418	858
418	865
418	871
418	891
419	96
419	134
419	350
419	357
419	611
419	690
420	412
420	540
420	564
420	692
420	707
420	738
421	736
421	763
421	804
421	819
421	823
421	842
422	86
422	230
422	387
422	415
422	572
422	650
423	25
423	392
423	498
423	697
423	745
423	805
424	21
424	29
424	51
424	176
424	351
424	358
425	512
425	665
425	752
425	840
425	846
425	884
426	437
426	510
426	578
426	656
426	672
426	744
427	946
427	987
427	990
427	992
427	997
427	1000
428	68
428	249
428	253
428	273
428	282
428	507
429	634
429	658
429	755
429	812
429	860
429	873
430	39
430	320
430	327
430	473
430	514
430	671
431	25
431	534
431	603
431	697
431	745
431	805
432	971
432	987
432	990
432	992
432	997
432	1000
433	328
433	413
433	686
433	748
433	769
433	779
434	901
434	948
434	952
434	959
434	961
434	981
435	234
435	261
435	292
435	457
435	527
435	623
436	537
436	713
436	714
436	804
436	823
436	842
437	165
437	426
437	524
437	591
437	672
437	744
438	276
438	347
438	368
438	488
438	529
438	562
439	37
439	116
439	311
439	339
439	384
439	414
440	597
440	827
440	890
440	912
440	937
440	984
441	122
441	135
441	291
441	506
441	544
441	610
442	403
442	548
442	560
442	727
442	731
442	758
443	754
443	874
443	892
443	913
443	923
443	929
444	722
444	879
444	912
444	974
444	984
444	986
445	165
445	561
445	578
445	591
445	672
445	744
446	760
446	838
446	938
446	953
446	958
446	968
447	451
447	839
447	843
447	866
447	872
447	895
448	735
448	845
448	860
448	920
448	924
448	930
449	645
449	818
449	948
449	961
449	965
449	981
450	897
450	903
450	915
450	919
450	939
450	940
451	447
451	773
451	843
451	866
451	872
451	895
452	978
452	982
452	987
452	992
452	997
452	1000
453	61
453	259
453	454
453	545
453	555
453	646
454	211
454	259
454	453
454	545
454	555
454	646
455	314
455	513
455	789
455	893
455	908
455	921
456	328
456	383
456	686
456	748
456	769
456	779
457	435
457	527
457	600
457	623
457	696
457	744
458	947
458	955
458	956
458	960
458	963
458	966
459	862
459	870
459	909
459	938
459	953
459	968
460	175
460	195
460	329
460	345
460	398
460	556
461	109
461	185
461	244
461	262
461	332
461	470
462	917
462	922
462	932
462	942
462	943
462	949
463	542
463	667
463	812
463	832
463	860
463	873
464	13
464	74
464	142
464	308
464	482
464	654
465	243
465	370
465	494
465	585
465	595
465	599
466	892
466	952
466	959
466	961
466	976
466	981
467	341
467	603
467	663
467	776
467	830
467	900
468	304
468	307
468	698
468	858
468	865
468	891
469	982
469	987
469	990
469	992
469	997
469	1000
470	109
470	185
470	262
470	332
470	461
470	863
471	922
471	932
471	942
471	943
471	949
471	983
472	29
472	52
472	323
472	351
472	592
472	774
473	39
473	190
473	430
473	511
473	626
473	671
474	348
474	417
474	598
474	629
474	690
474	706
475	148
475	278
475	333
475	336
475	362
475	538
476	559
476	613
476	687
476	893
476	908
476	921
477	367
477	589
477	698
477	858
477	871
477	891
478	495
478	659
478	889
478	906
478	934
478	950
479	97
479	234
479	527
479	600
479	623
479	696
480	879
480	890
480	918
480	974
480	984
480	986
481	148
481	278
481	285
481	336
481	362
481	538
482	74
482	299
482	308
482	343
482	464
482	654
483	917
483	922
483	932
483	942
483	943
483	949
484	334
484	402
484	558
484	560
484	727
484	731
485	382
485	829
485	851
485	881
485	899
485	928
486	187
486	197
486	301
486	607
486	620
486	924
487	796
487	831
487	855
487	879
487	918
487	986
488	92
488	139
488	276
488	368
488	438
488	529
488	818
489	803
489	904
489	948
489	952
489	959
489	976
489	981
490	714
490	736
490	763
490	804
490	819
490	823
490	842
491	188
491	307
491	535
491	698
491	858
491	865
491	871
492	964
492	979
492	983
492	985
492	988
492	989
492	994
493	695
493	712
493	724
493	825
493	920
493	930
493	951
494	146
494	243
494	370
494	465
494	585
494	595
494	599
495	478
495	728
495	878
495	889
495	906
495	934
495	950
496	190
496	277
496	416
496	511
496	517
496	626
496	671
497	567
497	781
497	787
497	906
497	934
497	950
497	991
498	5
498	179
498	423
498	534
498	697
498	745
498	805
499	977
499	991
499	993
499	995
499	996
499	998
499	999
500	173
500	264
500	325
500	559
500	786
500	792
500	828
501	766
501	854
501	926
501	938
501	953
501	958
501	968
502	969
502	978
502	982
502	987
502	992
502	997
502	1000
503	105
503	530
503	606
503	676
503	794
503	801
503	899
504	782
504	783
504	822
504	829
504	875
504	881
504	928
505	131
505	386
505	412
505	564
505	649
505	707
505	738
506	15
506	122
506	218
506	291
506	441
506	544
506	610
507	68
507	161
507	249
507	253
507	273
507	428
507	657
508	320
508	695
508	712
508	724
508	856
508	930
508	951
509	680
509	816
509	845
509	847
509	924
509	930
509	951
510	18
510	426
510	524
510	561
510	578
510	591
510	744
511	153
511	236
511	416
511	473
511	496
511	517
511	554
512	425
512	702
512	710
512	733
512	846
512	852
512	884
513	208
513	455
513	826
513	861
513	893
513	908
513	921
514	277
514	287
514	416
514	430
514	517
514	554
514	671
515	66
515	406
515	621
515	749
515	765
515	772
515	876
516	781
516	798
516	878
516	889
516	906
516	934
516	950
517	236
517	277
517	496
517	511
517	514
517	554
517	671
518	56
518	173
518	720
518	792
518	797
518	828
518	838
519	552
519	559
519	786
519	792
519	797
519	828
519	942
520	622
520	791
520	862
520	909
520	938
520	953
520	958
521	44
521	522
521	540
521	748
521	769
521	779
521	945
522	383
522	413
522	521
522	686
522	748
522	779
522	991
523	168
523	402
523	548
523	558
523	727
523	731
523	758
524	18
524	437
524	510
524	591
524	656
524	744
524	925
525	977
525	991
525	993
525	995
525	996
525	998
525	999
526	415
526	979
526	983
526	985
526	988
526	989
526	994
527	292
527	435
527	457
527	479
527	600
527	623
527	696
528	330
528	530
528	676
528	683
528	794
528	801
528	997
529	92
529	117
529	139
529	276
529	347
529	438
529	488
530	503
530	528
530	606
530	676
530	683
530	794
530	801
531	947
531	954
531	955
531	956
531	960
531	963
531	966
532	94
532	99
532	100
532	178
532	322
532	551
532	618
533	82
533	83
533	150
533	182
533	283
533	721
533	842
534	25
534	216
534	431
534	498
534	697
534	745
534	805
535	491
535	698
535	782
535	858
535	865
535	871
535	891
536	681
536	948
536	959
536	961
536	965
536	976
536	981
537	436
537	713
537	763
537	804
537	819
537	842
537	849
538	280
538	285
538	333
538	362
538	475
538	481
538	996
539	770
539	787
539	790
539	889
539	906
539	934
539	950
540	420
540	521
540	644
540	914
540	926
540	953
540	968
541	42
541	106
541	127
541	221
541	241
541	364
541	998
542	463
542	615
542	658
542	667
542	755
542	860
542	873
543	820
543	855
543	879
543	912
543	974
543	984
543	986
544	122
544	135
544	218
544	291
544	441
544	506
544	626
545	61
545	239
545	453
545	454
545	555
545	646
545	938
546	234
546	803
546	904
546	952
546	959
546	976
546	981
547	56
547	164
547	624
547	786
547	792
547	797
547	828
548	133
548	334
548	403
548	442
548	523
548	727
548	758
549	238
549	773
549	843
549	866
549	872
549	895
549	921
550	967
550	979
550	980
550	985
550	988
550	989
550	994
551	99
551	100
551	147
551	178
551	532
551	618
551	929
552	519
552	624
552	720
552	786
552	792
552	797
552	828
553	977
553	991
553	993
553	995
553	996
553	998
553	999
554	153
554	236
554	416
554	511
554	514
554	517
554	626
555	61
555	140
555	259
555	453
555	454
555	545
555	646
556	98
556	175
556	195
556	329
556	398
556	460
556	650
557	115
557	294
557	330
557	606
557	683
557	794
557	801
558	402
558	403
558	484
558	523
558	727
558	731
558	758
559	476
559	500
559	519
559	720
559	786
559	797
559	828
560	133
560	402
560	442
560	484
560	727
560	731
560	758
561	18
561	32
561	118
561	445
561	510
561	578
561	744
562	205
562	214
562	315
562	353
562	379
562	393
562	438
563	393
563	584
563	680
563	759
563	847
563	924
563	930
564	412
564	420
564	505
564	649
564	692
564	707
564	738
565	199
565	639
565	645
565	767
565	830
565	869
565	900
566	787
566	947
566	954
566	955
566	956
566	960
566	963
566	966
567	409
567	497
567	770
567	787
567	878
567	889
567	934
567	950
568	850
568	863
568	897
568	903
568	915
568	919
568	939
568	940
569	679
569	947
569	954
569	955
569	956
569	960
569	963
569	966
570	126
570	143
570	208
570	385
570	670
570	893
570	908
570	921
571	973
571	975
571	991
571	993
571	995
571	996
571	998
571	999
572	3
572	86
572	88
572	387
572	415
572	422
572	650
572	868
573	647
573	827
573	855
573	880
573	937
573	974
573	984
573	986
574	850
574	863
574	897
574	903
574	915
574	919
574	939
574	940
575	290
575	967
575	979
575	980
575	983
575	985
575	988
575	994
576	296
576	699
576	713
576	736
576	763
576	819
576	823
576	842
577	854
577	862
577	914
577	926
577	938
577	953
577	958
577	968
578	32
578	426
578	445
578	510
578	561
578	656
578	672
578	744
579	945
579	947
579	954
579	955
579	956
579	960
579	963
579	966
580	394
580	417
580	598
580	629
580	633
580	679
580	690
580	706
581	588
581	838
581	862
581	909
581	914
581	938
581	958
581	968
582	975
582	977
582	991
582	993
582	995
582	996
582	998
582	999
583	945
583	947
583	954
583	955
583	956
583	960
583	963
583	966
584	563
584	847
584	856
584	916
584	920
584	924
584	930
584	951
585	146
585	157
585	243
585	370
585	465
585	494
585	595
585	599
586	715
586	854
586	862
586	909
586	914
586	926
586	958
586	968
587	630
587	945
587	947
587	954
587	955
587	956
587	963
587	966
588	581
588	760
588	909
588	914
588	938
588	953
588	958
588	968
589	367
589	391
589	477
589	698
589	865
589	871
589	891
589	973
590	126
590	263
590	596
590	775
590	845
590	920
590	924
590	951
591	118
591	437
591	445
591	510
591	524
591	656
591	672
591	857
592	21
592	29
592	51
592	145
592	260
592	358
592	472
592	774
593	867
593	886
593	917
593	922
593	932
593	942
593	943
593	949
594	673
594	723
594	757
594	839
594	843
594	866
594	872
594	895
595	146
595	157
595	243
595	370
595	465
595	494
595	585
595	599
596	590
596	657
596	695
596	816
596	916
596	920
596	951
596	982
597	174
597	233
597	245
597	289
597	376
597	407
597	440
597	617
598	417
598	474
598	580
598	629
598	633
598	679
598	690
598	706
599	146
599	157
599	243
599	370
599	465
599	494
599	585
599	595
600	1
600	261
600	292
600	457
600	479
600	527
600	623
600	696
601	685
601	789
601	826
601	861
601	893
601	895
601	908
601	921
602	775
602	845
602	847
602	916
602	920
602	930
602	951
602	957
603	40
603	431
603	467
603	639
603	645
603	776
603	830
603	900
604	728
604	770
604	781
604	790
604	889
604	906
604	934
604	950
605	94
605	909
605	914
605	926
605	938
605	953
605	958
605	968
606	503
606	530
606	557
606	676
606	681
606	683
606	794
606	801
607	16
607	72
607	197
607	246
607	301
607	486
607	620
607	631
608	867
608	886
608	917
608	922
608	932
608	942
608	943
608	949
609	874
609	947
609	954
609	955
609	956
609	960
609	963
609	966
610	15
610	122
610	135
610	218
610	291
610	441
610	506
610	995
611	96
611	113
611	134
611	209
611	335
611	350
611	357
611	419
612	850
612	863
612	897
612	903
612	915
612	919
612	939
612	940
613	476
613	685
613	789
613	826
613	861
613	883
613	893
613	908
614	12
614	687
614	789
614	861
614	893
614	908
614	921
614	1000
615	257
615	542
615	631
615	634
615	812
615	832
615	860
615	873
616	793
616	808
616	880
616	890
616	912
616	937
616	974
616	984
616	986
617	156
617	174
617	233
617	245
617	289
617	302
617	376
617	407
617	597
618	94
618	99
618	100
618	147
618	178
618	322
618	532
618	551
618	670
619	99
619	818
619	904
619	948
619	952
619	961
619	965
619	976
619	981
620	16
620	27
620	72
620	187
620	197
620	246
620	301
620	486
620	607
621	272
621	374
621	406
621	515
621	651
621	749
621	765
621	772
621	876
622	257
622	312
622	520
622	636
622	755
622	812
622	832
622	860
622	873
623	97
623	261
623	292
623	435
623	457
623	479
623	527
623	600
623	696
624	325
624	547
624	552
624	720
624	786
624	792
624	797
624	828
624	886
625	739
625	822
625	841
625	851
625	853
625	875
625	881
625	899
625	928
626	153
626	287
626	320
626	327
626	473
626	496
626	544
626	554
626	671
627	801
627	867
627	886
627	917
627	922
627	932
627	942
627	943
627	949
628	344
628	975
628	977
628	991
628	993
628	995
628	996
628	998
628	999
629	417
629	474
629	580
629	598
629	633
629	679
629	690
629	706
629	959
630	587
630	702
630	710
630	733
630	752
630	840
630	846
630	852
630	884
631	607
631	615
631	658
631	660
631	755
631	812
631	832
631	860
631	873
632	973
632	975
632	977
632	991
632	993
632	995
632	996
632	998
632	999
633	31
633	348
633	417
633	580
633	598
633	629
633	679
633	690
633	706
634	429
634	615
634	658
634	660
634	755
634	812
634	832
634	860
634	873
635	26
635	64
635	374
635	406
635	651
635	749
635	765
635	772
635	876
636	81
636	622
636	660
636	667
636	755
636	812
636	832
636	860
636	873
637	239
637	838
637	909
637	914
637	926
637	938
637	953
637	958
637	968
638	795
638	796
638	862
638	910
638	918
638	937
638	974
638	984
638	986
639	40
639	159
639	565
639	603
639	767
639	830
639	852
639	869
639	900
640	969
640	970
640	971
640	972
640	978
640	982
640	990
640	997
640	1000
641	964
641	967
641	979
641	980
641	983
641	985
641	988
641	989
641	994
642	973
642	975
642	977
642	991
642	993
642	995
642	996
642	998
642	999
643	964
643	967
643	979
643	980
643	983
643	985
643	988
643	989
643	994
644	540
644	862
644	909
644	914
644	926
644	938
644	953
644	958
644	968
645	264
645	449
645	565
645	603
645	663
645	711
645	767
645	869
645	900
646	61
646	140
646	211
646	239
646	259
646	453
646	454
646	545
646	555
647	573
647	700
647	792
647	879
647	880
647	937
647	974
647	984
647	986
648	957
648	969
648	971
648	972
648	978
648	987
648	990
648	997
648	1000
649	360
649	386
649	412
649	505
649	564
649	692
649	707
649	738
649	927
650	3
650	86
650	88
650	230
650	387
650	415
650	422
650	556
650	572
651	26
651	66
651	67
651	171
651	621
651	635
651	765
651	772
651	876
652	126
652	186
652	685
652	687
652	789
652	861
652	893
652	908
652	921
653	747
653	877
653	891
653	901
653	948
653	959
653	965
653	976
653	981
654	13
654	74
654	142
654	299
654	308
654	343
654	464
654	482
654	711
655	935
655	970
655	978
655	982
655	987
655	990
655	992
655	997
655	1000
656	32
656	165
656	426
656	524
656	578
656	591
656	672
656	744
656	978
657	507
657	596
657	695
657	799
657	916
657	920
657	924
657	930
657	951
658	429
658	542
658	631
658	634
658	755
658	795
658	812
658	832
658	860
658	873
659	265
659	478
659	728
659	781
659	854
659	878
659	889
659	906
659	934
659	950
660	9
660	257
660	631
660	634
660	636
660	755
660	812
660	832
660	860
660	873
661	833
661	841
661	850
661	863
661	897
661	903
661	915
661	919
661	939
661	940
662	946
662	957
662	970
662	972
662	982
662	987
662	990
662	992
662	997
662	1000
663	38
663	467
663	645
663	711
663	767
663	776
663	830
663	869
663	900
663	916
664	183
664	263
664	775
664	799
664	847
664	856
664	916
664	920
664	930
664	951
665	425
665	702
665	710
665	733
665	752
665	840
665	846
665	852
665	867
665	884
666	962
666	973
666	975
666	977
666	991
666	993
666	995
666	996
666	998
666	999
667	312
667	463
667	542
667	636
667	755
667	758
667	812
667	832
667	860
667	873
668	883
668	898
668	945
668	947
668	954
668	955
668	956
668	960
668	963
668	966
669	941
669	964
669	967
669	979
669	980
669	983
669	985
669	988
669	989
669	994
670	143
670	570
670	618
670	685
670	687
670	789
670	826
670	893
670	908
670	921
671	39
671	278
671	327
671	416
671	430
671	473
671	496
671	514
671	517
671	626
672	32
672	118
672	165
672	426
672	437
672	445
672	578
672	591
672	656
672	744
673	160
673	594
673	684
673	715
673	773
673	839
673	843
673	866
673	872
673	895
674	778
674	815
674	821
674	848
674	859
674	874
674	892
674	913
674	923
674	929
675	154
675	898
675	945
675	947
675	954
675	955
675	956
675	960
675	963
675	966
676	105
676	330
676	503
676	528
676	530
676	606
676	681
676	794
676	801
676	968
677	682
677	739
677	782
677	783
677	800
677	851
677	875
677	881
677	899
677	928
678	941
678	964
678	967
678	979
678	980
678	983
678	985
678	988
678	989
678	994
679	93
679	348
679	569
679	580
679	598
679	629
679	633
679	690
679	706
679	784
680	337
680	509
680	563
680	735
680	845
680	856
680	916
680	920
680	930
680	951
681	85
681	115
681	212
681	294
681	536
681	606
681	676
681	683
681	794
681	801
682	73
682	677
682	782
682	822
682	829
682	851
682	853
682	875
682	881
682	928
683	85
683	212
683	294
683	330
683	528
683	530
683	557
683	606
683	681
683	794
684	375
684	405
684	673
684	715
684	757
684	773
684	839
684	843
684	872
684	895
685	23
685	601
685	613
685	652
685	670
685	687
685	826
685	893
685	908
685	931
686	44
686	155
686	365
686	413
686	433
686	456
686	522
686	748
686	769
686	779
687	319
687	385
687	476
687	614
687	652
687	670
687	685
687	826
687	861
687	908
688	741
688	815
688	821
688	848
688	859
688	874
688	892
688	913
688	923
688	929
689	43
689	154
689	172
689	242
689	317
689	331
689	378
689	381
689	401
689	704
690	348
690	394
690	419
690	474
690	580
690	598
690	629
690	633
690	679
690	706
691	79
691	898
691	945
691	947
691	954
691	955
691	956
691	960
691	963
691	966
692	95
692	125
692	360
692	386
692	420
692	564
692	649
692	707
692	738
692	965
693	941
693	944
693	964
693	967
693	979
693	980
693	983
693	985
693	988
693	989
693	994
694	739
694	783
694	800
694	822
694	829
694	851
694	853
694	875
694	881
694	899
694	928
695	493
695	508
695	596
695	657
695	759
695	775
695	816
695	916
695	920
695	924
695	930
696	1
696	97
696	234
696	261
696	292
696	457
696	479
696	527
696	600
696	623
696	948
697	5
697	112
697	179
697	193
697	392
697	423
697	431
697	498
697	534
697	745
697	805
698	119
698	391
698	468
698	477
698	491
698	535
698	589
698	858
698	865
698	871
698	891
699	215
699	310
699	395
699	576
699	714
699	763
699	804
699	819
699	823
699	842
699	904
700	342
700	647
700	726
700	808
700	855
700	910
700	912
700	918
700	974
700	984
700	986
701	933
701	962
701	973
701	975
701	977
701	991
701	993
701	995
701	996
701	998
701	999
702	512
702	630
702	665
702	710
702	733
702	752
702	840
702	846
702	852
702	872
702	884
703	957
703	969
703	970
703	971
703	972
703	982
703	987
703	990
703	992
703	997
703	1000
704	14
704	43
704	154
704	172
704	242
704	317
704	331
704	378
704	401
704	689
704	949
705	935
705	946
705	969
705	970
705	971
705	972
705	978
705	990
705	992
705	997
705	1000
706	93
706	394
706	417
706	474
706	580
706	598
706	629
706	633
706	679
706	690
706	930
707	95
707	125
707	131
707	360
707	412
707	420
707	505
707	564
707	649
707	692
707	738
708	813
708	962
708	973
708	975
708	977
708	991
708	993
708	995
708	996
708	998
708	999
709	718
709	741
709	754
709	778
709	821
709	859
709	874
709	892
709	913
709	923
709	929
710	141
710	254
710	512
710	630
710	665
710	702
710	752
710	840
710	846
710	852
710	884
711	73
711	151
711	275
711	645
711	654
711	663
711	767
711	776
711	830
711	869
711	900
712	493
712	508
712	724
712	775
712	816
712	845
712	856
712	916
712	920
712	924
712	951
713	101
713	237
713	436
713	537
713	576
713	714
713	804
713	819
713	823
713	842
713	910
714	101
714	395
714	436
714	490
714	699
714	713
714	736
714	763
714	804
714	819
714	823
715	338
715	586
715	673
715	684
715	757
715	773
715	839
715	843
715	866
715	872
715	895
716	741
716	778
716	821
716	848
716	859
716	874
716	892
716	913
716	923
716	929
716	976
717	193
717	740
717	803
717	901
717	948
717	952
717	959
717	961
717	965
717	976
717	981
718	709
718	741
718	754
718	778
718	815
718	848
718	874
718	892
718	913
718	923
718	929
719	779
719	883
719	898
719	945
719	947
719	954
719	955
719	956
719	960
719	963
719	966
720	62
720	306
720	518
720	552
720	559
720	624
720	747
720	786
720	792
720	797
720	828
721	533
721	803
721	835
721	904
721	948
721	952
721	959
721	961
721	965
721	976
721	981
722	444
722	969
722	970
722	971
722	978
722	982
722	987
722	990
722	992
722	997
722	1000
723	594
723	957
723	970
723	971
723	972
723	982
723	987
723	990
723	992
723	997
723	1000
724	354
724	493
724	508
724	712
724	735
724	799
724	856
724	916
724	924
724	930
724	951
725	957
725	969
725	970
725	971
725	972
725	978
725	987
725	990
725	992
725	997
725	1000
726	700
726	771
726	808
726	827
726	831
726	910
726	918
726	937
726	974
726	984
726	986
727	75
727	402
727	403
727	442
727	484
727	523
727	548
727	558
727	560
727	731
727	758
728	250
728	495
728	604
728	659
728	781
728	787
728	790
728	878
728	889
728	906
728	934
728	950
729	766
729	791
729	838
729	854
729	862
729	909
729	914
729	926
729	938
729	953
729	958
729	968
730	931
730	941
730	944
730	964
730	967
730	979
730	980
730	983
730	985
730	988
730	989
730	994
731	75
731	133
731	152
731	334
731	403
731	442
731	484
731	523
731	558
731	560
731	727
731	758
732	408
732	941
732	944
732	964
732	967
732	979
732	980
732	983
732	985
732	988
732	989
732	994
733	8
733	59
733	400
733	512
733	630
733	665
733	702
733	752
733	840
733	846
733	852
733	884
734	935
734	969
734	970
734	971
734	972
734	978
734	982
734	987
734	990
734	992
734	997
734	1000
735	354
735	448
735	680
735	724
735	759
735	775
735	856
735	916
735	924
735	930
735	951
735	953
736	296
736	395
736	421
736	490
736	576
736	714
736	763
736	804
736	816
736	819
736	823
736	842
737	931
737	941
737	944
737	964
737	967
737	979
737	980
737	983
737	985
737	988
737	989
737	994
738	95
738	125
738	131
738	360
738	386
738	412
738	420
738	505
738	564
738	649
738	692
738	707
739	284
739	625
739	677
739	694
739	782
739	800
739	829
739	853
739	875
739	881
739	899
739	928
740	717
740	817
740	818
740	824
740	901
740	904
740	952
740	959
740	961
740	965
740	976
740	981
741	688
741	709
741	716
741	718
741	815
741	821
741	848
741	859
741	913
741	923
741	929
741	932
742	765
742	946
742	957
742	971
742	972
742	978
742	982
742	987
742	990
742	992
742	997
742	1000
743	902
743	933
743	962
743	973
743	975
743	977
743	991
743	993
743	995
743	996
743	998
743	999
744	18
744	118
744	426
744	437
744	445
744	457
744	510
744	524
744	561
744	578
744	656
744	672
745	5
745	112
745	177
745	193
745	216
745	392
745	423
745	431
745	498
745	534
745	697
745	805
746	933
746	936
746	962
746	973
746	975
746	977
746	991
746	993
746	995
746	996
746	998
746	999
747	653
747	720
747	753
747	762
747	824
747	835
747	901
747	904
747	959
747	961
747	965
747	981
748	155
748	328
748	365
748	383
748	413
748	433
748	456
748	521
748	522
748	686
748	769
748	779
749	66
749	91
749	171
749	256
749	281
749	406
749	515
749	621
749	635
749	765
749	772
749	876
750	888
750	933
750	936
750	962
750	973
750	975
750	977
750	991
750	993
750	995
750	996
750	998
750	999
751	810
751	833
751	841
751	850
751	863
751	897
751	903
751	915
751	919
751	939
751	940
752	80
752	286
752	313
752	425
752	630
752	665
752	702
752	710
752	733
752	840
752	846
752	852
752	884
753	747
753	762
753	817
753	877
753	901
753	904
753	948
753	952
753	959
753	961
753	965
753	976
753	981
754	111
754	443
754	709
754	718
754	778
754	815
754	848
754	859
754	874
754	892
754	913
754	923
754	929
755	429
755	542
755	622
755	631
755	634
755	636
755	658
755	660
755	667
755	812
755	832
755	860
755	873
756	927
756	931
756	941
756	944
756	964
756	967
756	979
756	980
756	983
756	985
756	988
756	989
756	994
757	207
757	238
757	252
757	594
757	684
757	715
757	773
757	839
757	843
757	866
757	872
757	895
757	985
758	75
758	237
758	334
758	402
758	403
758	442
758	523
758	548
758	558
758	560
758	667
758	727
758	731
759	8
759	563
759	695
759	735
759	799
759	845
759	847
759	856
759	916
759	920
759	924
759	930
759	951
760	359
760	446
760	588
760	838
760	854
760	909
760	914
760	926
760	935
760	938
760	953
760	958
760	968
761	768
761	807
761	813
761	835
761	837
761	867
761	886
761	917
761	922
761	932
761	942
761	943
761	949
762	747
762	753
762	777
762	824
762	877
762	901
762	904
762	948
762	952
762	959
762	961
762	965
762	981
763	215
763	310
763	421
763	490
763	537
763	576
763	699
763	714
763	736
763	804
763	819
763	823
763	842
764	931
764	941
764	944
764	964
764	967
764	979
764	980
764	983
764	985
764	988
764	989
764	994
764	999
765	67
765	91
765	272
765	349
765	406
765	515
765	621
765	635
765	651
765	742
765	749
765	772
765	876
766	130
766	501
766	729
766	791
766	838
766	854
766	862
766	873
766	926
766	938
766	953
766	958
766	968
767	124
767	144
767	238
767	341
767	565
767	639
767	645
767	663
767	711
767	776
767	869
767	900
767	944
768	761
768	807
768	810
768	813
768	837
768	867
768	886
768	917
768	922
768	932
768	942
768	943
768	949
769	44
769	155
769	328
769	365
769	383
769	413
769	433
769	456
769	521
769	686
769	748
769	779
769	980
770	7
770	24
770	258
770	539
770	567
770	604
770	781
770	787
770	790
770	878
770	889
770	934
770	950
771	87
771	726
771	795
771	796
771	808
771	855
771	880
771	910
771	918
771	937
771	974
771	984
771	986
772	26
772	64
772	91
772	256
772	272
772	281
772	515
772	621
772	635
772	651
772	749
772	765
772	876
773	338
773	451
773	549
773	673
773	684
773	715
773	757
773	839
773	843
773	866
773	872
773	895
773	922
774	21
774	29
774	51
774	52
774	145
774	176
774	260
774	323
774	329
774	351
774	358
774	472
774	592
775	8
775	263
775	590
775	602
775	664
775	695
775	712
775	735
775	799
775	845
775	924
775	930
775	945
775	951
776	40
776	124
776	199
776	264
776	341
776	467
776	603
776	663
776	711
776	767
776	830
776	869
776	900
776	969
777	762
777	817
777	824
777	835
777	877
777	901
777	904
777	948
777	952
777	959
777	961
777	965
777	976
777	981
778	674
778	709
778	716
778	718
778	754
778	821
778	848
778	859
778	874
778	879
778	892
778	913
778	923
778	929
779	44
779	155
779	328
779	365
779	383
779	413
779	433
779	456
779	521
779	522
779	686
779	719
779	748
779	769
780	905
780	907
780	933
780	936
780	962
780	973
780	975
780	977
780	991
780	993
780	995
780	996
780	998
780	999
781	158
781	258
781	497
781	516
781	604
781	659
781	728
781	770
781	787
781	878
781	889
781	906
781	934
781	950
782	504
782	535
782	677
782	682
782	739
782	800
782	822
782	829
782	851
782	853
782	875
782	881
782	899
782	928
783	63
783	102
783	504
783	677
783	694
783	800
783	822
783	829
783	851
783	853
783	875
783	881
783	899
783	928
784	679
784	946
784	957
784	969
784	970
784	971
784	972
784	978
784	982
784	987
784	990
784	992
784	997
784	1000
785	911
785	927
785	931
785	941
785	944
785	964
785	967
785	979
785	980
785	983
785	985
785	988
785	989
785	994
786	56
786	62
786	164
786	325
786	352
786	500
786	519
786	547
786	552
786	559
786	624
786	720
786	792
786	828
787	250
787	497
787	539
787	566
787	567
787	728
787	770
787	781
787	790
787	878
787	889
787	906
787	934
787	950
788	844
788	883
788	885
788	898
788	945
788	947
788	954
788	955
788	956
788	960
788	963
788	966
789	23
789	208
789	410
789	455
789	601
789	613
789	614
789	652
789	670
789	826
789	861
789	893
789	908
789	921
790	69
790	89
790	265
790	539
790	604
790	728
790	770
790	787
790	844
790	878
790	889
790	906
790	934
790	950
791	399
791	520
791	729
791	766
791	838
791	854
791	909
791	914
791	926
791	938
791	953
791	958
791	968
791	973
792	62
792	173
792	306
792	352
792	500
792	518
792	519
792	547
792	552
792	624
792	647
792	720
792	786
792	828
793	616
793	907
793	933
793	936
793	962
793	973
793	975
793	977
793	991
793	993
793	995
793	996
793	998
793	999
794	85
794	105
794	115
794	294
794	503
794	528
794	530
794	557
794	606
794	676
794	681
794	683
794	801
794	897
795	20
795	79
795	638
795	658
795	771
795	820
795	855
795	890
795	910
795	912
795	918
795	974
795	984
795	986
796	487
796	638
796	771
796	827
796	831
796	880
796	890
796	910
796	918
796	937
796	949
796	974
796	984
796	986
797	56
797	164
797	173
797	325
797	352
797	518
797	519
797	547
797	552
797	559
797	624
797	720
797	828
797	855
798	516
798	927
798	931
798	941
798	944
798	964
798	967
798	979
798	980
798	983
798	985
798	988
798	989
798	994
799	354
799	657
799	664
799	724
799	759
799	775
799	816
799	847
799	856
799	875
799	916
799	920
799	924
799	930
799	951
800	36
800	166
800	343
800	677
800	694
800	739
800	782
800	783
800	822
800	829
800	851
800	875
800	881
800	899
800	928
801	85
801	105
801	115
801	212
801	294
801	330
801	503
801	528
801	530
801	557
801	606
801	627
801	676
801	681
801	794
802	925
802	935
802	946
802	957
802	969
802	970
802	971
802	978
802	982
802	986
802	987
802	990
802	992
802	997
802	1000
803	489
803	546
803	717
803	721
803	818
803	835
803	877
803	904
803	948
803	952
803	961
803	963
803	965
803	976
803	981
804	296
804	310
804	395
804	421
804	436
804	490
804	537
804	699
804	713
804	714
804	736
804	763
804	819
804	823
804	842
805	5
805	25
805	112
805	177
805	179
805	193
805	216
805	285
805	392
805	423
805	431
805	498
805	534
805	697
805	745
806	925
806	935
806	946
806	957
806	969
806	970
806	971
806	972
806	978
806	982
806	987
806	990
806	992
806	997
806	1000
807	761
807	768
807	813
807	837
807	867
807	886
807	905
807	917
807	922
807	932
807	942
807	943
807	949
808	616
808	700
808	726
808	771
808	820
808	831
808	879
808	880
808	910
808	912
808	918
808	937
808	974
808	984
808	986
809	887
809	911
809	927
809	931
809	941
809	944
809	964
809	967
809	979
809	980
809	983
809	985
809	988
809	989
809	994
810	751
810	768
810	833
810	841
810	850
810	863
810	897
810	903
810	915
810	919
810	939
810	940
811	217
811	925
811	935
811	946
811	957
811	969
811	970
811	971
811	972
811	982
811	987
811	990
811	992
811	997
811	1000
812	257
812	429
812	463
812	615
812	622
812	631
812	634
812	636
812	658
812	660
812	667
812	755
812	832
812	860
812	873
813	708
813	761
813	768
813	807
813	837
813	867
813	886
813	917
813	922
813	932
813	942
813	943
813	949
814	823
814	935
814	946
814	957
814	969
814	970
814	971
814	972
814	978
814	982
814	987
814	990
814	992
814	997
814	1000
815	169
815	674
815	688
815	718
815	741
815	754
815	821
815	848
815	859
815	874
815	892
815	913
815	923
815	929
815	964
816	22
816	509
816	596
816	695
816	712
816	736
816	799
816	845
816	847
816	856
816	916
816	920
816	924
816	930
816	951
817	740
817	753
817	777
817	824
817	835
817	877
817	901
817	904
817	948
817	952
817	961
817	965
817	976
817	981
817	984
818	449
818	488
818	619
818	740
818	803
818	824
818	877
818	901
818	904
818	948
818	952
818	959
818	961
818	965
818	976
818	981
819	160
819	237
819	296
819	395
819	421
819	490
819	537
819	576
819	699
819	713
819	714
819	736
819	763
819	804
819	823
819	914
820	543
820	795
820	808
820	827
820	855
820	879
820	880
820	890
820	910
820	912
820	918
820	937
820	958
820	974
820	984
820	986
821	137
821	187
821	674
821	688
821	709
821	716
821	741
821	778
821	815
821	848
821	859
821	874
821	892
821	913
821	923
821	929
822	36
822	504
822	625
822	682
822	694
822	782
822	783
822	800
822	829
822	851
822	853
822	875
822	881
822	899
822	928
822	961
823	237
823	296
823	310
823	421
823	436
823	490
823	576
823	699
823	713
823	714
823	736
823	763
823	804
823	814
823	819
823	842
824	740
824	747
824	762
824	777
824	817
824	818
824	835
824	877
824	901
824	948
824	952
824	959
824	961
824	965
824	976
824	981
825	493
825	925
825	935
825	946
825	957
825	969
825	970
825	971
825	972
825	978
825	982
825	987
825	990
825	992
825	997
825	1000
826	35
826	314
826	319
826	410
826	513
826	601
826	613
826	670
826	685
826	687
826	789
826	861
826	893
826	908
826	921
826	995
827	373
827	440
827	573
827	726
827	796
827	820
827	831
827	855
827	910
827	912
827	918
827	937
827	963
827	974
827	984
827	986
828	62
828	164
828	306
828	325
828	500
828	518
828	519
828	547
828	552
828	559
828	624
828	720
828	786
828	792
828	797
828	998
829	242
829	485
829	504
829	682
829	694
829	739
829	782
829	783
829	800
829	822
829	851
829	853
829	875
829	881
829	899
829	928
830	73
830	151
830	159
830	275
830	341
830	355
830	467
830	565
830	603
830	639
830	663
830	711
830	776
830	856
830	869
830	900
831	288
831	487
831	726
831	796
831	808
831	827
831	855
831	880
831	890
831	898
831	910
831	912
831	918
831	937
831	974
831	984
832	9
832	81
832	463
832	615
832	622
832	631
832	634
832	636
832	658
832	660
832	667
832	755
832	812
832	860
832	873
832	887
833	661
833	751
833	810
833	841
833	850
833	863
833	897
833	903
833	915
833	919
833	939
833	940
833	997
834	896
834	905
834	907
834	918
834	933
834	936
834	962
834	973
834	975
834	977
834	991
834	993
834	995
834	996
834	998
834	999
835	361
835	721
835	747
835	761
835	777
835	803
835	817
835	824
835	901
835	948
835	952
835	959
835	961
835	965
835	976
835	981
836	902
836	925
836	935
836	946
836	957
836	969
836	970
836	971
836	972
836	978
836	982
836	987
836	990
836	992
836	997
836	1000
837	761
837	768
837	807
837	813
837	867
837	886
837	917
837	922
837	932
837	942
837	943
837	949
838	446
838	518
838	581
838	637
838	729
838	760
838	766
838	791
838	854
838	862
838	909
838	914
838	926
838	938
838	953
838	958
838	968
839	38
839	219
839	252
839	338
839	375
839	405
839	447
839	594
839	673
839	684
839	715
839	757
839	773
839	843
839	866
839	872
839	895
840	59
840	80
840	149
840	254
840	286
840	313
840	400
840	425
840	630
840	665
840	702
840	710
840	733
840	752
840	846
840	852
840	884
841	625
841	661
841	751
841	810
841	833
841	850
841	863
841	897
841	903
841	915
841	919
841	939
841	940
842	101
842	160
842	215
842	310
842	395
842	421
842	436
842	490
842	533
842	537
842	576
842	699
842	713
842	736
842	763
842	804
842	823
843	238
843	252
843	405
843	447
843	451
843	549
843	594
843	673
843	684
843	715
843	757
843	773
843	839
843	866
843	872
843	895
843	973
844	788
844	790
844	883
844	885
844	898
844	945
844	947
844	954
844	955
844	956
844	960
844	963
844	966
845	448
845	509
845	590
845	602
845	680
845	712
845	759
845	775
845	816
845	847
845	856
845	916
845	920
845	924
845	930
845	951
845	984
846	59
846	141
846	231
846	254
846	400
846	425
846	512
846	630
846	665
846	702
846	710
846	733
846	752
846	840
846	852
846	878
846	884
847	48
847	114
847	509
847	563
847	584
847	602
847	664
847	759
847	799
847	816
847	845
847	916
847	920
847	924
847	930
847	951
847	988
848	220
848	404
848	674
848	688
848	716
848	718
848	741
848	754
848	778
848	815
848	821
848	859
848	874
848	892
848	913
848	923
848	929
848	980
849	537
849	888
849	902
849	925
849	935
849	946
849	957
849	969
849	970
849	971
849	972
849	978
849	982
849	987
849	990
849	992
849	997
849	1000
850	568
850	574
850	612
850	661
850	751
850	810
850	833
850	841
850	863
850	897
850	903
850	915
850	919
850	939
850	940
850	990
851	284
851	382
851	485
851	625
851	677
851	682
851	694
851	782
851	783
851	800
851	822
851	829
851	853
851	875
851	881
851	899
851	928
851	948
852	80
852	141
852	231
852	254
852	286
852	313
852	400
852	512
852	630
852	639
852	665
852	702
852	710
852	733
852	752
852	840
852	846
852	884
853	108
853	167
853	284
853	382
853	625
853	682
853	694
853	739
853	782
853	783
853	822
853	829
853	851
853	875
853	881
853	899
853	917
853	928
854	411
854	501
854	577
854	586
854	659
854	729
854	760
854	766
854	791
854	838
854	862
854	909
854	914
854	926
854	938
854	953
854	958
854	968
855	373
855	487
855	543
855	573
855	700
855	771
855	795
855	797
855	820
855	827
855	831
855	879
855	890
855	912
855	937
855	974
855	984
855	986
856	183
856	508
856	584
856	664
856	680
856	712
856	724
856	735
856	759
856	799
856	816
856	830
856	845
856	916
856	920
856	924
856	930
856	951
857	591
857	882
857	894
857	896
857	905
857	907
857	933
857	936
857	962
857	973
857	975
857	977
857	991
857	993
857	995
857	996
857	998
857	999
858	4
858	34
858	119
858	181
858	271
858	304
858	307
858	367
858	418
858	468
858	477
858	491
858	535
858	698
858	865
858	871
858	891
858	909
859	194
859	281
859	366
859	404
859	674
859	688
859	709
859	716
859	741
859	754
859	778
859	815
859	821
859	848
859	874
859	892
859	913
859	923
859	929
860	9
860	81
860	312
860	429
860	448
860	463
860	542
860	615
860	622
860	631
860	634
860	636
860	658
860	660
860	667
860	755
860	812
860	832
860	873
861	23
861	35
861	143
861	186
861	213
861	319
861	410
861	513
861	601
861	613
861	614
861	652
861	687
861	789
861	826
861	893
861	908
861	921
861	961
862	359
862	459
862	520
862	577
862	581
862	586
862	638
862	644
862	729
862	766
862	838
862	854
862	909
862	914
862	926
862	938
862	953
862	958
862	968
863	470
863	568
863	574
863	612
863	661
863	751
863	810
863	833
863	841
863	850
863	897
863	903
863	915
863	919
863	939
863	940
864	887
864	911
864	927
864	931
864	941
864	944
864	964
864	967
864	979
864	980
864	983
864	985
864	988
864	989
864	994
865	4
865	10
865	34
865	103
865	119
865	271
865	304
865	367
865	391
865	400
865	418
865	468
865	491
865	535
865	589
865	698
865	858
865	871
865	891
866	107
866	207
866	219
866	252
866	375
866	405
866	447
866	451
866	549
866	594
866	673
866	715
866	757
866	773
866	839
866	843
866	872
866	895
866	944
867	593
867	608
867	627
867	665
867	761
867	768
867	807
867	813
867	837
867	886
867	917
867	922
867	932
867	942
867	943
867	949
868	572
868	870
868	882
868	894
868	896
868	905
868	907
868	933
868	936
868	962
868	973
868	975
868	977
868	991
868	993
868	995
868	996
868	998
868	999
869	38
869	144
869	151
869	159
869	199
869	264
869	275
869	341
869	355
869	381
869	565
869	639
869	645
869	663
869	711
869	767
869	776
869	830
869	900
870	459
870	868
870	882
870	894
870	896
870	905
870	907
870	933
870	936
870	962
870	973
870	975
870	977
870	991
870	993
870	995
870	996
870	998
870	999
871	4
871	10
871	34
871	103
871	119
871	181
871	271
871	304
871	307
871	391
871	418
871	477
871	491
871	535
871	589
871	698
871	858
871	865
871	891
872	107
872	207
872	219
872	338
872	375
872	405
872	447
872	451
872	549
872	594
872	673
872	684
872	702
872	715
872	757
872	773
872	839
872	843
872	866
872	895
873	9
873	81
873	257
873	312
873	429
873	463
873	542
873	615
873	622
873	631
873	634
873	636
873	658
873	660
873	667
873	755
873	766
873	812
873	832
873	860
874	128
874	194
874	404
874	443
874	609
874	674
874	688
874	709
874	716
874	718
874	754
874	778
874	815
874	821
874	848
874	859
874	892
874	913
874	923
874	929
875	102
875	108
875	167
875	382
875	504
875	625
875	677
875	682
875	694
875	739
875	782
875	783
875	799
875	800
875	822
875	829
875	851
875	853
875	881
875	928
876	26
876	64
876	66
876	67
876	91
876	171
876	256
876	272
876	281
876	349
876	374
876	406
876	515
876	621
876	635
876	651
876	749
876	765
876	772
876	994
877	84
877	301
877	377
877	653
877	753
877	762
877	777
877	803
877	817
877	818
877	824
877	901
877	904
877	948
877	952
877	959
877	961
877	965
877	976
877	981
878	89
878	168
878	250
878	258
878	290
878	356
878	495
878	516
878	567
878	659
878	728
878	770
878	781
878	787
878	790
878	846
878	889
878	906
878	934
878	950
879	87
879	318
879	444
879	480
879	487
879	543
879	647
879	778
879	808
879	820
879	855
879	880
879	890
879	910
879	912
879	918
879	937
879	974
879	984
879	986
880	110
880	225
880	342
880	573
880	616
880	647
880	771
880	796
880	808
880	820
880	831
880	879
880	890
880	910
880	918
880	937
880	974
880	975
880	984
880	986
881	63
881	166
881	485
881	504
881	625
881	677
881	682
881	694
881	739
881	782
881	783
881	800
881	822
881	829
881	851
881	853
881	875
881	899
881	919
881	928
882	857
882	868
882	870
882	894
882	896
882	905
882	907
882	913
882	933
882	936
882	962
882	973
882	975
882	977
882	991
882	993
882	995
882	996
882	998
882	999
883	613
883	668
883	719
883	788
883	844
883	885
883	898
883	945
883	947
883	954
883	955
883	956
883	960
883	963
883	966
884	59
884	80
884	141
884	231
884	254
884	286
884	313
884	400
884	425
884	512
884	630
884	665
884	702
884	710
884	733
884	752
884	840
884	846
884	852
884	983
885	333
885	788
885	844
885	883
885	898
885	945
885	947
885	954
885	955
885	956
885	960
885	963
885	966
886	593
886	608
886	624
886	627
886	761
886	768
886	807
886	813
886	837
886	867
886	917
886	922
886	932
886	942
886	943
886	949
887	809
887	832
887	864
887	911
887	927
887	931
887	941
887	944
887	964
887	967
887	979
887	980
887	983
887	985
887	988
887	989
887	994
887	1000
888	750
888	849
888	902
888	925
888	935
888	946
888	957
888	969
888	970
888	971
888	972
888	978
888	982
888	987
888	990
888	992
888	997
888	1000
889	7
889	265
889	356
889	371
889	409
889	478
889	495
889	516
889	539
889	567
889	604
889	659
889	728
889	770
889	781
889	787
889	790
889	878
889	906
889	934
889	950
890	267
890	275
890	346
890	440
890	480
890	616
890	795
890	796
890	820
890	831
890	855
890	879
890	880
890	910
890	912
890	918
890	937
890	966
890	974
890	984
890	986
891	4
891	10
891	34
891	103
891	181
891	188
891	271
891	304
891	307
891	367
891	391
891	418
891	468
891	477
891	535
891	589
891	653
891	698
891	858
891	865
891	871
892	128
892	169
892	191
892	194
892	366
892	443
892	466
892	674
892	688
892	709
892	716
892	718
892	754
892	778
892	815
892	821
892	848
892	859
892	874
892	913
892	923
892	929
893	12
893	35
893	208
893	314
893	385
893	410
893	455
893	476
893	513
893	570
893	601
893	613
893	614
893	652
893	670
893	685
893	789
893	826
893	861
893	908
893	921
893	992
894	179
894	857
894	868
894	870
894	882
894	896
894	905
894	907
894	933
894	936
894	962
894	973
894	975
894	977
894	991
894	993
894	995
894	996
894	998
894	999
895	107
895	207
895	219
895	238
895	252
895	338
895	375
895	405
895	447
895	451
895	549
895	594
895	601
895	673
895	684
895	715
895	757
895	773
895	839
895	843
895	866
895	872
896	834
896	857
896	868
896	870
896	882
896	894
896	905
896	907
896	924
896	933
896	936
896	962
896	973
896	975
896	977
896	991
896	993
896	995
896	996
896	998
896	999
897	53
897	104
897	129
897	293
897	305
897	450
897	568
897	574
897	612
897	661
897	751
897	794
897	810
897	833
897	841
897	850
897	863
897	903
897	915
897	919
897	939
897	940
898	668
898	675
898	691
898	719
898	788
898	831
898	844
898	883
898	885
898	945
898	947
898	954
898	955
898	956
898	960
898	963
898	966
899	36
899	63
899	102
899	108
899	166
899	167
899	284
899	485
899	503
899	625
899	677
899	694
899	739
899	782
899	783
899	800
899	822
899	829
899	851
899	853
899	881
899	928
899	981
900	38
900	40
900	73
900	124
900	144
900	151
900	159
900	199
900	264
900	275
900	355
900	467
900	565
900	603
900	639
900	645
900	663
900	711
900	767
900	776
900	830
900	869
900	987
901	178
901	390
901	434
901	653
901	717
901	740
901	747
901	753
901	762
901	777
901	817
901	818
901	824
901	835
901	877
901	904
901	948
901	952
901	959
901	961
901	965
901	976
901	981
902	743
902	836
902	849
902	888
902	925
902	935
902	946
902	957
902	969
902	970
902	971
902	972
902	978
902	982
902	987
902	990
902	992
902	997
902	1000
903	30
903	47
903	268
903	297
903	305
903	363
903	450
903	568
903	574
903	612
903	661
903	751
903	810
903	833
903	841
903	850
903	863
903	897
903	915
903	919
903	920
903	939
903	940
904	204
904	489
904	546
904	619
904	699
904	721
904	740
904	747
904	753
904	762
904	777
904	803
904	817
904	818
904	877
904	901
904	948
904	952
904	959
904	961
904	965
904	976
904	981
905	780
905	807
905	834
905	857
905	868
905	870
905	882
905	894
905	896
905	907
905	933
905	936
905	962
905	973
905	975
905	977
905	991
905	993
905	995
905	996
905	998
905	999
906	19
906	69
906	89
906	158
906	258
906	290
906	356
906	409
906	478
906	495
906	497
906	516
906	539
906	604
906	659
906	728
906	781
906	787
906	790
906	878
906	889
906	934
906	950
907	93
907	133
907	780
907	793
907	834
907	857
907	868
907	870
907	882
907	894
907	896
907	905
907	933
907	936
907	962
907	973
907	975
907	977
907	991
907	993
907	995
907	996
907	998
907	999
908	12
908	35
908	186
908	213
908	314
908	319
908	385
908	455
908	476
908	513
908	570
908	601
908	613
908	614
908	652
908	670
908	685
908	687
908	789
908	826
908	861
908	893
908	921
908	989
909	324
909	369
909	411
909	459
909	520
909	581
909	586
909	588
909	605
909	637
909	644
909	729
909	760
909	791
909	838
909	854
909	858
909	862
909	914
909	926
909	938
909	953
909	958
909	968
910	288
910	342
910	372
910	373
910	638
910	700
910	713
910	726
910	771
910	795
910	796
910	808
910	820
910	827
910	831
910	879
910	880
910	890
910	912
910	918
910	937
910	974
910	984
910	986
911	785
911	809
911	864
911	887
911	912
911	927
911	931
911	941
911	944
911	964
911	967
911	979
911	980
911	983
911	985
911	988
911	989
911	994
912	20
912	225
912	318
912	346
912	440
912	444
912	543
912	616
912	700
912	795
912	808
912	820
912	827
912	831
912	855
912	879
912	890
912	910
912	911
912	918
912	937
912	974
912	984
912	986
913	107
913	137
913	191
913	220
913	366
913	404
913	443
913	674
913	688
913	709
913	716
913	718
913	741
913	754
913	778
913	815
913	821
913	848
913	859
913	874
913	882
913	892
913	923
913	929
914	170
914	180
914	411
914	540
914	577
914	581
914	586
914	588
914	605
914	637
914	644
914	729
914	760
914	791
914	819
914	838
914	854
914	862
914	909
914	926
914	938
914	953
914	958
914	968
915	53
915	232
915	268
915	293
915	297
915	305
915	363
915	450
915	568
915	574
915	612
915	661
915	751
915	810
915	833
915	841
915	850
915	863
915	897
915	903
915	919
915	939
915	940
915	989
916	22
916	114
916	263
916	584
916	596
916	602
916	657
916	663
916	664
916	680
916	695
916	712
916	724
916	735
916	759
916	799
916	816
916	845
916	847
916	856
916	920
916	924
916	930
916	951
917	248
917	274
917	309
917	321
917	397
917	462
917	483
917	593
917	608
917	627
917	761
917	768
917	807
917	813
917	837
917	853
917	867
917	886
917	922
917	932
917	942
917	943
917	949
918	28
918	110
918	225
918	480
918	487
918	638
918	700
918	726
918	771
918	795
918	796
918	808
918	820
918	827
918	831
918	834
918	879
918	880
918	890
918	910
918	912
918	937
918	974
918	984
918	986
919	30
919	47
919	104
919	129
919	268
919	293
919	297
919	363
919	450
919	568
919	574
919	612
919	661
919	751
919	810
919	833
919	841
919	850
919	863
919	881
919	897
919	903
919	915
919	939
919	940
920	22
920	48
920	337
920	354
920	448
920	493
920	584
920	590
920	596
920	602
920	657
920	664
920	680
920	695
920	712
920	759
920	799
920	816
920	845
920	847
920	856
920	903
920	916
920	930
920	951
921	12
921	23
921	126
921	143
921	186
921	196
921	213
921	314
921	319
921	385
921	410
921	455
921	476
921	513
921	549
921	570
921	601
921	614
921	652
921	670
921	789
921	826
921	861
921	893
921	908
922	45
922	162
922	274
922	298
922	309
922	397
922	462
922	471
922	483
922	593
922	608
922	627
922	761
922	768
922	773
922	807
922	813
922	837
922	867
922	886
922	917
922	932
922	942
922	943
922	949
923	128
923	137
923	169
923	191
923	220
923	366
923	404
923	443
923	674
923	688
923	709
923	716
923	718
923	741
923	754
923	778
923	815
923	821
923	848
923	859
923	874
923	892
923	913
923	929
923	954
924	8
924	22
924	183
924	448
924	486
924	509
924	563
924	584
924	590
924	657
924	695
924	712
924	724
924	735
924	759
924	775
924	799
924	816
924	845
924	847
924	856
924	896
924	916
924	930
924	951
925	524
925	802
925	806
925	811
925	825
925	836
925	849
925	888
925	902
925	935
925	946
925	957
925	969
925	970
925	971
925	972
925	978
925	982
925	987
925	990
925	992
925	997
925	1000
926	180
926	324
926	359
926	369
926	399
926	501
926	540
926	577
926	586
926	605
926	637
926	644
926	729
926	760
926	766
926	791
926	838
926	854
926	862
926	909
926	914
926	937
926	938
926	953
926	958
926	968
927	649
927	756
927	785
927	798
927	809
927	864
927	887
927	911
927	931
927	941
927	944
927	956
927	964
927	967
927	979
927	980
927	983
927	985
927	988
927	989
927	994
928	36
928	102
928	108
928	166
928	167
928	284
928	382
928	485
928	504
928	625
928	677
928	682
928	694
928	739
928	782
928	783
928	800
928	822
928	829
928	851
928	853
928	875
928	881
928	899
928	981
928	988
929	128
929	137
929	169
929	191
929	194
929	220
929	272
929	366
929	404
929	443
929	551
929	674
929	688
929	709
929	716
929	718
929	741
929	754
929	778
929	815
929	821
929	848
929	859
929	874
929	892
929	913
929	923
930	114
930	337
930	448
930	493
930	508
930	509
930	563
930	584
930	602
930	657
930	664
930	680
930	695
930	706
930	724
930	735
930	759
930	775
930	799
930	816
930	845
930	847
930	856
930	916
930	920
930	924
930	951
931	685
931	730
931	737
931	756
931	764
931	785
931	798
931	809
931	864
931	887
931	911
931	927
931	941
931	944
931	964
931	967
931	979
931	980
931	983
931	985
931	988
931	989
931	994
932	19
932	45
932	202
932	228
932	248
932	274
932	298
932	321
932	397
932	462
932	471
932	483
932	593
932	608
932	627
932	741
932	761
932	768
932	807
932	813
932	837
932	867
932	886
932	917
932	922
932	942
932	943
932	949
933	352
933	701
933	743
933	746
933	750
933	780
933	793
933	834
933	857
933	868
933	870
933	882
933	894
933	896
933	905
933	907
933	936
933	962
933	973
933	975
933	977
933	991
933	993
933	995
933	996
933	998
933	999
934	7
934	24
934	69
934	158
934	168
934	250
934	265
934	290
934	356
934	409
934	478
934	495
934	497
934	516
934	539
934	567
934	604
934	659
934	728
934	770
934	781
934	787
934	790
934	878
934	889
934	906
934	950
934	957
935	68
935	655
935	705
935	734
935	760
935	802
935	806
935	811
935	814
935	825
935	836
935	849
935	888
935	902
935	925
935	946
935	957
935	969
935	970
935	971
935	972
935	978
935	982
935	987
935	990
935	992
935	997
935	1000
936	746
936	750
936	780
936	793
936	834
936	857
936	868
936	870
936	882
936	894
936	896
936	905
936	907
936	933
936	939
936	962
936	973
936	975
936	977
936	990
936	991
936	993
936	995
936	996
936	998
936	999
937	28
937	224
937	267
937	288
937	372
937	440
937	573
937	616
937	638
937	647
937	726
937	771
937	796
937	808
937	820
937	827
937	831
937	855
937	879
937	880
937	890
937	910
937	912
937	918
937	926
937	974
937	984
937	986
938	170
938	324
938	399
938	446
938	459
938	501
938	520
938	545
938	577
938	581
938	588
938	605
938	637
938	644
938	729
938	760
938	766
938	791
938	838
938	854
938	862
938	909
938	914
938	926
938	953
938	958
938	968
938	974
939	30
939	47
939	53
939	104
939	129
939	232
939	268
939	293
939	297
939	305
939	363
939	450
939	568
939	574
939	612
939	661
939	751
939	810
939	833
939	841
939	850
939	863
939	897
939	903
939	915
939	919
939	936
939	940
940	13
940	30
940	47
940	53
940	104
940	129
940	232
940	268
940	293
940	297
940	305
940	363
940	450
940	568
940	574
940	612
940	661
940	751
940	810
940	833
940	841
940	850
940	863
940	897
940	903
940	915
940	919
940	939
940	987
941	669
941	678
941	693
941	730
941	732
941	737
941	756
941	764
941	785
941	798
941	809
941	864
941	887
941	911
941	927
941	931
941	944
941	964
941	967
941	979
941	980
941	983
941	985
941	988
941	989
941	992
941	994
942	19
942	45
942	162
942	202
942	228
942	248
942	298
942	309
942	321
942	397
942	462
942	471
942	483
942	519
942	593
942	608
942	627
942	761
942	768
942	807
942	813
942	837
942	867
942	886
942	917
942	922
942	932
942	943
942	949
943	13
943	45
943	162
943	202
943	228
943	248
943	274
943	298
943	309
943	321
943	397
943	462
943	471
943	483
943	593
943	608
943	627
943	761
943	768
943	807
943	813
943	837
943	867
943	886
943	917
943	922
943	932
943	942
943	949
944	693
944	730
944	732
944	737
944	756
944	764
944	767
944	785
944	798
944	809
944	864
944	866
944	887
944	911
944	927
944	931
944	941
944	964
944	967
944	979
944	980
944	983
944	985
944	988
944	989
944	994
945	521
945	579
945	583
945	587
945	668
945	675
945	691
945	719
945	775
945	788
945	844
945	883
945	885
945	898
945	947
945	954
945	955
945	956
945	960
945	963
945	966
946	427
946	662
946	705
946	742
946	784
946	802
946	806
946	811
946	814
946	825
946	836
946	849
946	888
946	902
946	925
946	935
946	955
946	957
946	969
946	970
946	971
946	972
946	978
946	982
946	987
946	990
946	992
946	997
946	1000
947	71
947	120
947	123
947	269
947	371
947	458
947	531
947	566
947	569
947	579
947	583
947	587
947	609
947	668
947	675
947	691
947	719
947	788
947	844
947	883
947	885
947	898
947	945
947	954
947	955
947	956
947	960
947	963
947	966
947	969
948	49
948	204
948	361
948	434
948	449
948	489
948	536
948	619
948	653
948	696
948	717
948	721
948	753
948	762
948	777
948	803
948	817
948	818
948	824
948	835
948	851
948	877
948	901
948	904
948	952
948	959
948	961
948	965
948	976
948	981
949	19
949	162
949	202
949	228
949	248
949	274
949	298
949	309
949	321
949	397
949	462
949	471
949	483
949	593
949	608
949	627
949	704
949	761
949	768
949	796
949	807
949	813
949	837
949	867
949	886
949	917
949	922
949	932
949	942
949	943
950	7
950	24
950	69
950	89
950	158
950	168
950	250
950	258
950	265
950	290
950	306
950	356
950	409
950	478
950	495
950	497
950	516
950	539
950	567
950	604
950	659
950	728
950	770
950	781
950	787
950	790
950	878
950	889
950	906
950	934
951	48
951	114
951	183
951	263
951	337
951	354
951	493
951	508
951	509
951	584
951	590
951	596
951	602
951	657
951	664
951	680
951	712
951	724
951	735
951	759
951	775
951	799
951	816
951	845
951	847
951	856
951	916
951	920
951	924
951	930
951	972
952	200
952	204
952	213
952	247
952	282
952	390
952	434
952	466
952	489
952	546
952	619
952	717
952	721
952	740
952	753
952	762
952	777
952	803
952	817
952	818
952	824
952	835
952	877
952	901
952	904
952	948
952	959
952	961
952	965
952	976
952	981
953	17
953	130
953	170
953	324
953	369
953	399
953	411
953	446
953	459
953	501
953	520
953	540
953	577
953	588
953	605
953	637
953	644
953	729
953	735
953	760
953	766
953	791
953	838
953	854
953	862
953	909
953	914
953	926
953	938
953	958
953	968
954	54
954	55
954	71
954	90
954	120
954	123
954	226
954	531
954	566
954	569
954	579
954	583
954	587
954	609
954	668
954	675
954	691
954	719
954	788
954	844
954	883
954	885
954	898
954	923
954	945
954	947
954	955
954	956
954	960
954	963
954	966
955	54
955	55
955	120
955	138
955	212
955	269
955	458
955	531
955	566
955	569
955	579
955	583
955	587
955	609
955	668
955	675
955	691
955	719
955	788
955	844
955	883
955	885
955	898
955	945
955	946
955	947
955	954
955	956
955	960
955	963
955	966
956	70
956	90
956	120
956	226
956	269
956	458
956	531
956	566
956	569
956	579
956	583
956	587
956	609
956	668
956	675
956	691
956	719
956	788
956	844
956	883
956	885
956	898
956	927
956	945
956	947
956	954
956	955
956	960
956	963
956	966
956	1000
957	602
957	648
957	662
957	703
957	723
957	725
957	742
957	784
957	802
957	806
957	811
957	814
957	825
957	836
957	849
957	888
957	902
957	925
957	934
957	935
957	946
957	969
957	970
957	971
957	972
957	978
957	982
957	987
957	990
957	992
957	997
957	1000
958	17
958	130
958	180
958	359
958	369
958	399
958	411
958	446
958	501
958	520
958	577
958	581
958	586
958	588
958	605
958	637
958	644
958	729
958	760
958	766
958	791
958	820
958	838
958	854
958	862
958	909
958	914
958	926
958	938
958	953
958	968
958	979
959	46
959	121
959	232
959	247
959	377
959	390
959	434
959	466
959	489
959	536
959	546
959	629
959	653
959	717
959	721
959	740
959	747
959	753
959	762
959	777
959	818
959	824
959	835
959	877
959	901
959	904
959	948
959	952
959	961
959	965
959	976
959	981
960	55
960	70
960	90
960	123
960	138
960	226
960	269
960	371
960	394
960	458
960	531
960	566
960	569
960	579
960	583
960	609
960	668
960	675
960	691
960	719
960	788
960	844
960	883
960	885
960	898
960	945
960	947
960	954
960	955
960	956
960	963
960	966
961	49
961	84
961	121
961	377
961	434
961	449
961	466
961	536
961	619
961	717
961	721
961	740
961	747
961	753
961	762
961	777
961	803
961	817
961	818
961	822
961	824
961	835
961	861
961	877
961	901
961	904
961	948
961	952
961	959
961	965
961	976
961	981
962	349
962	666
962	701
962	708
962	743
962	746
962	750
962	780
962	793
962	834
962	857
962	868
962	870
962	882
962	894
962	896
962	905
962	907
962	933
962	936
962	973
962	975
962	977
962	991
962	993
962	995
962	996
962	998
962	999
963	54
963	55
963	70
963	71
963	138
963	269
963	371
963	458
963	531
963	566
963	569
963	579
963	583
963	587
963	609
963	668
963	675
963	691
963	719
963	788
963	803
963	827
963	844
963	883
963	885
963	898
963	945
963	947
963	954
963	955
963	956
963	960
963	966
964	492
964	641
964	643
964	669
964	678
964	693
964	730
964	732
964	737
964	756
964	764
964	785
964	798
964	809
964	815
964	864
964	887
964	911
964	927
964	931
964	941
964	944
964	967
964	972
964	979
964	980
964	983
964	985
964	988
964	989
964	994
965	46
965	84
965	200
965	204
965	247
965	361
965	390
965	449
965	536
965	619
965	653
965	692
965	717
965	721
965	740
965	747
965	753
965	762
965	777
965	803
965	817
965	818
965	824
965	835
965	877
965	901
965	904
965	948
965	952
965	959
965	961
965	976
965	981
966	54
966	70
966	71
966	90
966	123
966	138
966	226
966	371
966	458
966	531
966	566
966	569
966	579
966	583
966	587
966	609
966	668
966	675
966	691
966	719
966	788
966	844
966	883
966	885
966	890
966	898
966	945
966	947
966	954
966	955
966	956
966	960
966	963
966	974
967	6
967	17
967	77
967	251
967	550
967	575
967	641
967	643
967	669
967	678
967	693
967	730
967	732
967	737
967	756
967	764
967	785
967	798
967	809
967	864
967	887
967	911
967	927
967	931
967	941
967	944
967	964
967	979
967	980
967	983
967	985
967	988
967	989
967	994
968	17
968	130
968	170
968	180
968	324
968	359
968	369
968	399
968	411
968	446
968	459
968	501
968	540
968	577
968	581
968	586
968	588
968	605
968	637
968	644
968	676
968	729
968	760
968	766
968	791
968	838
968	854
968	862
968	909
968	914
968	926
968	938
968	953
968	958
969	502
969	640
969	648
969	703
969	705
969	722
969	725
969	734
969	776
969	784
969	802
969	806
969	811
969	814
969	825
969	836
969	849
969	888
969	902
969	925
969	935
969	946
969	947
969	957
969	970
969	971
969	972
969	978
969	982
969	987
969	990
969	992
969	997
969	1000
970	300
970	640
970	655
970	662
970	703
970	705
970	722
970	723
970	725
970	734
970	784
970	802
970	806
970	811
970	814
970	825
970	836
970	849
970	888
970	902
970	925
970	935
970	946
970	957
970	969
970	971
970	972
970	978
970	982
970	987
970	990
970	992
970	994
970	997
970	1000
971	24
971	432
971	640
971	648
971	703
971	705
971	722
971	723
971	725
971	734
971	742
971	784
971	802
971	806
971	811
971	814
971	825
971	836
971	849
971	888
971	902
971	925
971	935
971	946
971	957
971	969
971	970
971	972
971	978
971	982
971	987
971	990
971	992
971	997
971	1000
972	206
972	640
972	648
972	662
972	703
972	705
972	723
972	725
972	734
972	742
972	784
972	806
972	811
972	814
972	825
972	836
972	849
972	888
972	902
972	925
972	935
972	946
972	951
972	957
972	964
972	969
972	970
972	971
972	978
972	982
972	987
972	990
972	992
972	997
972	1000
973	571
973	589
973	632
973	642
973	666
973	701
973	708
973	743
973	746
973	750
973	780
973	791
973	793
973	834
973	843
973	857
973	868
973	870
973	882
973	894
973	896
973	905
973	907
973	933
973	936
973	962
973	975
973	977
973	991
973	993
973	995
973	996
973	998
973	999
974	28
974	79
974	267
974	288
974	318
974	346
974	372
974	444
974	480
974	543
974	573
974	616
974	638
974	647
974	700
974	726
974	771
974	795
974	796
974	808
974	820
974	827
974	831
974	855
974	879
974	880
974	890
974	910
974	912
974	918
974	937
974	938
974	966
974	984
974	986
975	84
975	571
975	582
975	628
975	632
975	642
975	666
975	701
975	708
975	743
975	746
975	750
975	780
975	793
975	834
975	857
975	868
975	870
975	880
975	882
975	894
975	896
975	905
975	907
975	933
975	936
975	962
975	973
975	977
975	991
975	993
975	995
975	996
975	998
975	999
976	46
976	49
976	121
976	200
976	247
976	312
976	361
976	377
976	390
976	466
976	489
976	536
976	546
976	619
976	653
976	716
976	717
976	721
976	740
976	753
976	777
976	803
976	817
976	818
976	824
976	835
976	877
976	901
976	904
976	948
976	952
976	959
976	961
976	965
976	981
977	256
977	499
977	525
977	553
977	582
977	628
977	632
977	642
977	666
977	701
977	708
977	743
977	746
977	750
977	780
977	793
977	834
977	857
977	868
977	870
977	882
977	894
977	896
977	905
977	907
977	933
977	936
977	962
977	973
977	975
977	991
977	993
977	995
977	996
977	998
977	999
978	60
978	132
978	211
978	452
978	502
978	640
978	648
978	655
978	656
978	705
978	722
978	725
978	734
978	742
978	784
978	802
978	806
978	814
978	825
978	836
978	849
978	888
978	902
978	925
978	935
978	946
978	957
978	969
978	970
978	971
978	972
978	982
978	987
978	990
978	992
978	997
978	1000
979	48
979	235
979	251
979	279
979	344
979	492
979	526
979	550
979	575
979	641
979	643
979	669
979	678
979	693
979	730
979	732
979	737
979	756
979	764
979	785
979	798
979	809
979	864
979	887
979	911
979	927
979	931
979	941
979	944
979	958
979	964
979	967
979	980
979	983
979	985
979	988
979	989
979	994
980	77
980	210
980	235
980	255
980	279
980	388
980	550
980	575
980	641
980	643
980	669
980	678
980	693
980	730
980	732
980	737
980	756
980	764
980	769
980	785
980	798
980	809
980	848
980	864
980	887
980	911
980	927
980	931
980	941
980	944
980	964
980	967
980	979
980	983
980	985
980	988
980	989
980	994
981	46
981	49
981	121
981	200
981	247
981	361
981	377
981	434
981	449
981	466
981	489
981	536
981	546
981	619
981	653
981	717
981	721
981	740
981	747
981	753
981	762
981	777
981	803
981	817
981	818
981	824
981	835
981	877
981	899
981	901
981	904
981	928
981	948
981	952
981	959
981	961
981	965
981	976
982	76
982	117
982	452
982	469
982	502
982	596
982	640
982	655
982	662
982	703
982	722
982	723
982	734
982	742
982	784
982	802
982	806
982	811
982	814
982	825
982	836
982	849
982	888
982	902
982	925
982	935
982	946
982	957
982	969
982	970
982	971
982	972
982	978
982	987
982	990
982	992
982	997
982	1000
983	77
983	78
983	251
983	279
983	344
983	388
983	471
983	492
983	526
983	575
983	641
983	643
983	669
983	678
983	693
983	730
983	732
983	737
983	756
983	764
983	785
983	798
983	809
983	864
983	884
983	887
983	911
983	927
983	931
983	941
983	944
983	964
983	967
983	979
983	980
983	985
983	988
983	989
983	994
984	20
984	87
984	110
984	267
984	288
984	318
984	342
984	346
984	372
984	373
984	440
984	444
984	480
984	543
984	573
984	616
984	638
984	647
984	700
984	726
984	771
984	795
984	796
984	808
984	817
984	820
984	827
984	831
984	845
984	855
984	879
984	880
984	890
984	910
984	912
984	918
984	937
984	974
984	986
985	57
985	78
985	229
985	251
985	255
985	279
985	280
985	492
985	526
985	550
985	575
985	641
985	643
985	669
985	678
985	693
985	730
985	732
985	737
985	756
985	757
985	764
985	785
985	798
985	809
985	864
985	887
985	911
985	927
985	931
985	941
985	944
985	964
985	967
985	979
985	980
985	983
985	988
985	989
985	994
986	20
986	28
986	79
986	87
986	110
986	225
986	267
986	318
986	342
986	346
986	372
986	373
986	444
986	480
986	487
986	543
986	573
986	616
986	638
986	647
986	700
986	726
986	771
986	795
986	796
986	802
986	808
986	820
986	827
986	855
986	879
986	880
986	890
986	910
986	912
986	918
986	937
986	974
986	984
986	994
987	60
987	192
987	427
987	432
987	452
987	469
987	502
987	648
987	655
987	662
987	703
987	722
987	723
987	725
987	734
987	742
987	784
987	802
987	806
987	811
987	814
987	825
987	836
987	849
987	888
987	900
987	902
987	925
987	935
987	940
987	946
987	957
987	969
987	970
987	971
987	972
987	978
987	982
987	990
987	992
987	997
987	1000
988	6
988	57
988	78
988	111
988	210
988	229
988	255
988	344
988	492
988	526
988	550
988	575
988	641
988	643
988	669
988	678
988	693
988	730
988	732
988	737
988	756
988	764
988	785
988	798
988	809
988	847
988	864
988	887
988	911
988	927
988	928
988	931
988	941
988	944
988	964
988	967
988	979
988	980
988	983
988	985
988	989
988	994
989	6
989	57
989	111
989	229
989	235
989	255
989	279
989	344
989	388
989	492
989	526
989	550
989	641
989	643
989	669
989	678
989	693
989	730
989	732
989	737
989	756
989	764
989	785
989	798
989	809
989	864
989	887
989	908
989	911
989	915
989	927
989	931
989	941
989	944
989	964
989	967
989	979
989	980
989	983
989	985
989	988
989	994
990	76
990	192
990	224
990	427
990	432
990	469
990	640
990	648
990	655
990	662
990	703
990	705
990	722
990	723
990	725
990	734
990	742
990	784
990	802
990	806
990	811
990	814
990	825
990	836
990	849
990	850
990	888
990	902
990	925
990	935
990	936
990	946
990	957
990	969
990	970
990	971
990	972
990	978
990	982
990	987
990	992
990	997
990	1000
991	497
991	499
991	522
991	525
991	553
991	571
991	582
991	628
991	632
991	642
991	666
991	701
991	708
991	743
991	746
991	750
991	780
991	793
991	834
991	857
991	868
991	870
991	882
991	894
991	896
991	905
991	907
991	933
991	936
991	962
991	973
991	975
991	977
991	993
991	995
991	996
991	998
991	999
992	132
992	192
992	196
992	206
992	427
992	432
992	452
992	469
992	502
992	655
992	662
992	703
992	705
992	722
992	723
992	725
992	734
992	742
992	784
992	802
992	806
992	811
992	814
992	825
992	836
992	849
992	888
992	893
992	902
992	925
992	935
992	941
992	946
992	957
992	969
992	970
992	971
992	972
992	978
992	982
992	987
992	990
992	997
992	1000
993	65
993	135
993	227
993	231
993	240
993	326
993	380
993	388
993	396
993	408
993	499
993	525
993	553
993	571
993	582
993	628
993	632
993	642
993	666
993	701
993	708
993	743
993	746
993	750
993	780
993	793
993	834
993	857
993	868
993	870
993	882
993	894
993	896
993	905
993	907
993	933
993	936
993	962
993	973
993	975
993	977
993	991
993	995
993	996
993	998
993	999
994	6
994	57
994	77
994	78
994	111
994	210
994	229
994	235
994	251
994	255
994	388
994	492
994	526
994	550
994	575
994	641
994	643
994	669
994	678
994	693
994	730
994	732
994	737
994	756
994	764
994	785
994	798
994	809
994	864
994	876
994	887
994	911
994	927
994	931
994	941
994	944
994	964
994	967
994	970
994	979
994	980
994	983
994	985
994	986
994	988
994	989
995	31
995	58
995	65
995	222
995	240
995	326
995	380
995	396
995	408
995	499
995	525
995	553
995	571
995	582
995	610
995	628
995	632
995	642
995	666
995	701
995	708
995	743
995	746
995	750
995	780
995	793
995	826
995	834
995	857
995	868
995	870
995	882
995	894
995	896
995	905
995	907
995	933
995	936
995	962
995	973
995	975
995	977
995	991
995	993
995	996
995	998
995	999
996	58
996	65
996	217
996	222
996	227
996	240
996	326
996	365
996	380
996	396
996	408
996	499
996	525
996	538
996	553
996	571
996	582
996	628
996	632
996	642
996	666
996	701
996	708
996	743
996	746
996	750
996	780
996	793
996	834
996	857
996	868
996	870
996	882
996	894
996	896
996	905
996	907
996	933
996	936
996	962
996	973
996	975
996	977
996	991
996	993
996	995
996	998
996	999
997	60
997	76
997	132
997	196
997	206
997	224
997	427
997	432
997	452
997	469
997	502
997	528
997	640
997	648
997	655
997	662
997	703
997	705
997	722
997	723
997	725
997	734
997	742
997	784
997	802
997	806
997	811
997	814
997	825
997	833
997	836
997	849
997	888
997	902
997	925
997	935
997	946
997	957
997	969
997	970
997	971
997	972
997	978
997	982
997	987
997	990
997	992
997	1000
998	31
998	58
998	217
998	222
998	227
998	240
998	326
998	380
998	396
998	408
998	499
998	525
998	541
998	553
998	571
998	582
998	628
998	632
998	642
998	666
998	701
998	708
998	743
998	746
998	750
998	780
998	793
998	828
998	834
998	857
998	868
998	870
998	882
998	894
998	896
998	905
998	907
998	933
998	936
998	962
998	973
998	975
998	977
998	991
998	993
998	995
998	996
998	999
999	31
999	58
999	65
999	217
999	222
999	227
999	240
999	326
999	360
999	380
999	396
999	408
999	499
999	525
999	553
999	571
999	582
999	628
999	632
999	642
999	666
999	701
999	708
999	743
999	746
999	750
999	764
999	780
999	793
999	834
999	857
999	868
999	870
999	882
999	894
999	896
999	905
999	907
999	933
999	936
999	962
999	973
999	975
999	977
999	991
999	993
999	995
999	996
999	998
1000	60
1000	76
1000	132
1000	192
1000	196
1000	224
1000	427
1000	432
1000	452
1000	469
1000	502
1000	614
1000	640
1000	648
1000	655
1000	662
1000	703
1000	705
1000	722
1000	723
1000	725
1000	734
1000	742
1000	784
1000	802
1000	806
1000	811
1000	814
1000	825
1000	836
1000	849
1000	887
1000	888
1000	902
1000	925
1000	935
1000	946
1000	956
1000	957
1000	969
1000	970
1000	971
1000	972
1000	978
1000	982
1000	987
1000	990
1000	992
1000	997
