1	13
1	20
1	48
1	224
2	58
2	68
2	173
2	213
3	416
3	508
3	780
3	926
4	188
4	818
4	830
4	966
5	312
5	329
5	362
5	986
6	921
6	950
6	966
6	976
7	936
7	938
7	973
7	992
8	775
8	794
8	795
8	838
9	177
9	190
9	332
9	334
10	59
10	291
10	310
10	675
11	82
11	295
11	358
11	402
12	455
12	799
12	808
12	867
13	1
13	20
13	224
13	440
14	125
14	312
14	329
14	362
15	33
15	79
15	212
15	963
16	86
16	210
16	216
16	950
17	887
17	913
17	951
17	985
18	459
18	528
18	535
18	676
19	398
19	544
19	855
19	901
20	1
20	13
20	48
20	440
21	746
21	850
21	863
21	929
22	509
22	521
22	578
22	580
23	525
23	604
23	732
23	776
24	53
24	80
24	158
24	967
25	800
25	985
25	997
25	1000
26	108
26	249
26	250
26	342
27	228
27	610
27	760
27	780
28	162
28	267
28	389
28	395
29	838
29	968
29	970
29	972
30	723
30	953
30	959
30	963
31	841
31	959
31	961
31	963
32	466
32	642
32	690
32	704
33	15
33	79
33	212
33	986
34	409
34	482
34	549
34	676
35	869
35	913
35	915
35	951
36	391
36	657
36	851
36	908
37	110
37	490
37	491
37	622
38	979
38	982
38	983
38	989
39	910
39	995
39	996
39	999
40	398
40	807
40	855
40	901
41	276
41	290
41	305
41	788
42	124
42	784
42	851
42	908
43	475
43	681
43	713
43	846
44	934
44	968
44	970
44	972
45	465
45	788
45	790
45	808
46	697
46	950
46	956
46	976
47	980
47	981
47	988
47	993
48	1
48	20
48	224
48	440
49	713
49	815
49	846
49	878
50	800
50	845
50	882
50	890
51	792
51	836
51	862
51	878
52	57
52	154
52	288
52	323
53	24
53	80
53	158
53	913
54	693
54	799
54	808
54	867
55	968
55	970
55	972
55	978
56	200
56	625
56	630
56	698
57	52
57	97
57	288
57	323
58	2
58	173
58	213
58	593
59	10
59	184
59	291
59	338
60	921
60	980
60	981
60	993
61	579
61	708
61	886
61	901
62	656
62	835
62	886
62	901
63	803
63	852
63	909
63	923
64	659
64	709
64	762
64	769
65	790
65	836
65	862
65	878
66	488
66	525
66	732
66	776
67	460
67	583
67	725
67	747
68	2
68	916
68	935
68	954
69	921
69	950
69	966
69	976
70	987
70	995
70	996
70	999
71	77
71	356
71	487
71	598
72	368
72	687
72	938
72	992
73	943
73	968
73	970
73	972
74	981
74	982
74	988
74	993
75	352
75	968
75	970
75	972
76	781
76	950
76	966
76	976
77	71
77	133
77	487
77	598
78	281
78	446
78	728
78	757
79	15
79	33
79	212
79	977
80	24
80	53
80	158
80	439
81	658
81	691
81	738
81	766
82	11
82	295
82	402
82	851
83	569
83	832
83	844
83	983
84	830
84	916
84	948
84	949
85	260
85	468
85	728
85	757
86	16
86	210
86	216
86	526
87	710
87	751
87	820
87	878
88	160
88	844
88	884
88	977
89	822
89	900
89	961
89	963
90	431
90	904
90	938
90	992
91	788
91	799
91	808
91	867
92	635
92	726
92	727
92	857
93	806
93	955
93	988
93	992
94	767
94	984
94	988
94	993
95	830
95	921
95	956
95	966
96	898
96	953
96	959
96	963
97	57
97	288
97	323
97	462
98	130
98	232
98	598
98	630
99	880
99	901
99	932
99	937
100	746
100	979
100	983
100	989
101	609
101	792
101	862
101	878
102	924
102	943
102	968
102	970
103	166
103	276
103	290
103	305
104	333
104	625
104	630
104	698
105	863
105	893
105	897
105	928
106	295
106	358
106	402
106	893
107	521
107	578
107	580
107	965
108	26
108	156
108	249
108	250
109	304
109	424
109	488
109	776
110	37
110	265
110	533
110	622
111	691
111	738
111	766
111	932
112	259
112	279
112	307
112	453
113	694
113	718
113	844
113	884
114	201
114	529
114	648
114	672
115	699
115	741
115	826
115	861
116	800
116	845
116	882
116	890
117	916
117	948
117	954
117	963
118	456
118	486
118	508
118	760
119	298
119	489
119	630
119	698
120	979
120	982
120	983
120	989
121	148
121	685
121	793
121	817
122	803
122	876
122	909
122	923
123	481
123	736
123	754
123	760
124	42
124	676
124	784
124	908
125	14
125	312
125	362
125	987
126	980
126	981
126	988
126	993
127	279
127	307
127	453
127	496
128	481
128	610
128	653
128	780
129	765
129	832
129	837
129	884
130	98
130	133
130	487
130	598
131	177
131	190
131	334
131	913
132	881
132	921
132	956
132	976
133	77
133	130
133	598
133	993
134	538
134	854
134	935
134	949
135	796
135	863
135	897
135	928
136	939
136	948
136	949
136	954
137	663
137	820
137	857
137	883
138	787
138	854
138	882
138	890
139	527
139	606
139	611
139	619
140	565
140	606
140	611
140	619
141	944
141	968
141	970
141	972
142	704
142	948
142	949
142	954
143	599
143	660
143	690
143	704
144	176
144	238
144	331
144	576
145	664
145	741
145	819
145	861
146	709
146	762
146	769
146	826
147	275
147	353
147	371
147	386
148	121
148	341
148	684
148	817
149	829
149	860
149	880
149	932
150	805
150	907
150	932
150	937
151	786
151	842
151	880
151	932
152	953
152	959
152	961
152	963
153	461
153	476
153	857
153	883
154	52
154	288
154	323
154	622
155	212
155	982
155	983
155	989
156	108
156	249
156	250
156	342
157	971
157	995
157	996
157	999
158	24
158	53
158	80
158	868
159	560
159	784
159	798
159	908
160	88
160	230
160	844
160	858
161	803
161	876
161	909
161	923
162	28
162	203
162	389
162	395
163	765
163	837
163	844
163	884
164	981
164	984
164	988
164	993
165	794
165	795
165	838
165	923
166	103
166	276
166	290
166	305
167	879
167	907
167	932
167	937
168	811
168	845
168	882
168	890
169	871
169	893
169	897
169	929
170	945
170	968
170	970
170	972
171	985
171	986
171	994
171	997
172	719
172	855
172	886
172	901
173	2
173	58
173	213
173	492
174	656
174	708
174	855
174	901
175	522
175	659
175	762
175	769
176	144
176	328
176	556
176	576
177	9
177	131
177	332
177	334
178	358
178	995
178	996
178	999
179	522
179	659
179	762
179	769
180	215
180	313
180	446
180	757
181	935
181	944
181	968
181	972
182	896
182	959
182	961
182	963
183	743
183	928
183	929
183	962
184	59
184	291
184	310
184	338
185	550
185	879
185	907
185	937
186	788
186	790
186	867
186	912
187	775
187	794
187	795
187	838
188	4
188	830
188	882
188	976
189	758
189	794
189	795
189	838
190	9
190	131
190	332
190	334
191	485
191	653
191	754
191	837
192	950
192	956
192	966
192	976
193	216
193	758
193	775
193	838
194	799
194	953
194	961
194	963
195	253
195	315
195	426
195	640
196	425
196	624
196	648
196	672
197	233
197	238
197	328
197	576
198	248
198	468
198	483
198	757
199	945
199	960
199	982
199	989
200	56
200	452
200	625
200	698
201	114
201	455
201	529
201	590
202	925
202	944
202	968
202	970
203	162
203	267
203	389
203	395
204	976
204	995
204	996
204	999
205	818
205	956
205	966
205	976
206	342
206	986
206	994
206	997
207	608
207	732
207	776
207	897
208	979
208	982
208	983
208	989
209	660
209	690
209	704
209	978
210	16
210	86
210	216
210	978
211	642
211	660
211	704
211	867
212	15
212	33
212	79
212	155
213	2
213	58
213	173
213	967
214	702
214	731
214	735
214	924
215	180
215	483
215	728
215	757
216	16
216	86
216	193
216	210
217	393
217	744
217	815
217	846
218	965
218	997
218	998
218	1000
219	759
219	902
219	910
219	949
220	275
220	277
220	353
220	386
221	225
221	315
221	367
221	902
222	960
222	982
222	983
222	989
223	877
223	935
223	939
223	954
224	1
224	13
224	48
224	440
225	221
225	299
225	367
225	426
226	575
226	729
226	909
226	923
227	744
227	794
227	815
227	846
228	27
228	485
228	610
228	989
229	506
229	687
229	867
229	936
230	160
230	765
230	832
230	837
230	884
231	652
231	888
231	938
231	973
231	992
232	98
232	356
232	487
232	555
232	598
233	197
233	328
233	331
233	576
233	833
234	762
234	980
234	981
234	988
234	993
235	712
235	758
235	775
235	794
235	838
236	685
236	689
236	793
236	817
236	866
237	765
237	832
237	837
237	844
237	884
238	144
238	197
238	331
238	576
238	678
239	480
239	926
239	956
239	966
239	976
240	498
240	746
240	897
240	928
240	929
241	985
241	991
241	994
241	997
241	1000
242	287
242	617
242	663
242	820
242	883
243	962
243	987
243	995
243	996
243	999
244	934
244	943
244	968
244	970
244	972
245	906
245	931
245	955
245	973
245	992
246	766
246	979
246	982
246	983
246	989
247	371
247	871
247	893
247	928
247	929
248	198
248	377
248	763
248	907
248	937
249	26
249	108
249	156
249	250
249	342
250	26
250	108
250	156
250	249
250	342
251	602
251	770
251	800
251	882
251	890
252	896
252	953
252	959
252	961
252	963
253	195
253	315
253	367
253	384
253	426
254	519
254	536
254	628
254	655
254	747
255	722
255	779
255	819
255	826
255	861
256	863
256	885
256	897
256	928
256	929
257	563
257	950
257	956
257	966
257	976
258	927
258	991
258	994
258	998
258	1000
259	112
259	279
259	307
259	453
259	955
260	85
260	468
260	483
260	728
260	757
261	583
261	628
261	713
261	725
261	747
262	499
262	863
262	871
262	893
262	929
263	278
263	980
263	981
263	988
263	993
264	327
264	396
264	406
264	411
264	510
265	110
265	360
265	490
265	533
265	622
266	751
266	836
266	862
266	878
266	918
267	28
267	203
267	272
267	389
267	395
268	760
268	788
268	790
268	799
268	867
269	520
269	559
269	581
269	634
269	647
270	924
270	943
270	947
270	970
270	972
271	292
271	509
271	521
271	578
271	580
272	267
272	668
272	707
272	767
272	908
273	673
273	702
273	731
273	735
273	970
274	659
274	709
274	762
274	763
274	769
275	147
275	220
275	277
275	353
275	386
276	41
276	103
276	166
276	290
276	305
277	220
277	275
277	371
277	386
277	1000
278	263
278	987
278	995
278	996
278	999
279	112
279	127
279	259
279	307
279	453
280	748
280	841
280	953
280	959
280	963
281	78
281	313
281	468
281	728
281	757
282	640
282	831
282	938
282	961
282	963
283	409
283	528
283	535
283	549
283	676
284	555
284	718
284	832
284	844
284	884
285	671
285	673
285	702
285	731
285	735
286	299
286	344
286	438
286	620
286	621
287	242
287	461
287	727
287	857
287	883
288	52
288	57
288	97
288	154
288	323
289	587
289	796
289	871
289	893
289	928
290	41
290	103
290	166
290	276
290	305
291	10
291	59
291	184
291	310
291	338
292	271
292	509
292	521
292	578
292	580
293	360
293	490
293	491
293	533
293	622
294	943
294	944
294	968
294	970
294	972
295	11
295	82
295	106
295	358
295	402
296	734
296	980
296	984
296	988
296	993
297	574
297	985
297	994
297	997
297	998
298	119
298	452
298	625
298	630
298	698
299	225
299	286
299	438
299	620
299	621
300	863
300	893
300	897
300	928
300	929
301	910
301	912
301	916
301	939
301	949
302	743
302	871
302	893
302	928
302	929
303	375
303	659
303	709
303	762
303	769
304	109
304	364
304	413
304	732
304	776
305	41
305	103
305	166
305	276
305	290
306	985
306	990
306	994
306	997
306	998
307	112
307	127
307	259
307	279
307	453
308	593
308	673
308	702
308	731
308	735
309	921
309	926
309	950
309	966
309	976
310	10
310	184
310	291
310	338
310	692
311	633
311	987
311	995
311	996
311	999
312	5
312	14
312	125
312	329
312	362
313	180
313	281
313	468
313	728
313	757
314	687
314	788
314	799
314	808
314	867
315	195
315	221
315	253
315	367
315	648
316	985
316	986
316	991
316	994
316	1000
317	977
317	987
317	995
317	996
317	999
318	977
318	987
318	995
318	996
318	999
319	708
319	719
319	835
319	886
319	901
320	888
320	904
320	914
320	983
320	992
321	577
321	850
321	876
321	909
321	923
322	743
322	893
322	928
322	929
322	984
323	52
323	57
323	97
323	154
323	288
324	853
324	904
324	936
324	973
324	992
325	397
325	658
325	691
325	738
325	766
326	888
326	931
326	936
326	973
326	992
327	264
327	396
327	406
327	411
327	510
328	176
328	197
328	233
328	331
328	576
329	5
329	14
329	312
329	362
329	985
330	980
330	987
330	995
330	996
330	999
331	144
331	233
331	238
331	328
331	576
332	9
332	177
332	190
332	334
332	945
333	104
333	625
333	630
333	698
333	812
334	9
334	131
334	177
334	190
334	332
335	980
335	981
335	984
335	988
335	993
336	847
336	894
336	913
336	915
336	951
337	344
337	345
337	620
337	621
337	995
338	59
338	184
338	291
338	310
338	711
339	407
339	588
339	722
339	819
339	861
340	835
340	855
340	886
340	901
340	920
341	148
341	444
341	685
341	793
341	817
342	26
342	156
342	206
342	249
342	250
343	403
343	684
343	689
343	793
343	817
344	286
344	337
344	370
344	620
344	621
345	337
345	370
345	438
345	620
345	621
346	423
346	596
346	764
346	798
346	908
347	746
347	796
347	897
347	928
347	929
348	659
348	709
348	762
348	769
348	992
349	763
349	842
349	860
349	932
349	937
350	398
350	494
350	907
350	932
350	937
351	779
351	876
351	901
351	909
351	923
352	75
352	481
352	736
352	754
352	780
353	147
353	220
353	275
353	371
353	386
354	407
354	699
354	819
354	826
354	861
355	388
355	869
355	915
355	951
355	991
356	71
356	232
356	487
356	598
356	892
357	853
357	904
357	906
357	931
357	992
358	11
358	106
358	178
358	295
358	402
359	684
359	689
359	793
359	817
359	980
360	265
360	293
360	491
360	533
360	622
361	980
361	981
361	984
361	988
361	993
362	5
362	14
362	125
362	312
362	329
363	536
363	655
363	725
363	747
363	993
364	304
364	387
364	488
364	732
364	776
365	536
365	979
365	982
365	983
365	989
366	779
366	803
366	876
366	909
366	923
367	221
367	225
367	253
367	315
367	426
368	72
368	442
368	938
368	955
368	992
369	934
369	944
369	968
369	970
369	972
370	344
370	345
370	438
370	620
370	621
371	147
371	247
371	277
371	353
371	386
372	975
372	977
372	987
372	995
372	996
372	999
373	375
373	863
373	871
373	897
373	928
373	929
374	390
374	599
374	642
374	660
374	690
374	694
375	303
375	373
375	522
375	709
375	762
375	769
376	975
376	977
376	987
376	995
376	996
376	999
377	248
377	607
377	829
377	879
377	880
377	937
378	410
378	558
378	585
378	681
378	815
378	846
379	403
379	684
379	689
379	793
379	805
379	817
380	705
380	888
380	931
380	936
380	973
380	992
381	435
381	456
381	527
381	606
381	611
381	619
382	751
382	934
382	943
382	944
382	968
382	972
383	868
383	906
383	914
383	955
383	973
383	992
384	253
384	931
384	938
384	955
384	973
384	992
385	712
385	758
385	775
385	794
385	795
385	838
386	147
386	220
386	275
386	277
386	353
386	371
387	364
387	424
387	488
387	714
387	732
387	776
388	355
388	543
388	675
388	852
388	915
388	951
389	28
389	162
389	203
389	267
389	395
389	989
390	374
390	599
390	642
390	660
390	704
390	874
391	36
391	609
391	657
391	764
391	798
391	908
392	975
392	977
392	987
392	995
392	996
392	999
393	217
393	458
393	713
393	744
393	815
393	846
394	444
394	684
394	685
394	689
394	793
394	817
395	28
395	162
395	203
395	267
395	389
395	961
396	264
396	327
396	406
396	411
396	449
396	510
397	325
397	761
397	835
397	855
397	886
397	901
398	19
398	40
398	350
398	855
398	886
398	901
399	402
399	631
399	677
399	751
399	836
399	878
400	670
400	710
400	751
400	792
400	862
400	878
401	425
401	529
401	590
401	624
401	648
401	672
402	11
402	82
402	106
402	295
402	358
402	399
403	343
403	379
403	684
403	685
403	793
403	817
404	934
404	944
404	968
404	970
404	972
404	987
405	617
405	635
405	649
405	726
405	883
405	896
406	264
406	327
406	396
406	411
406	449
406	510
407	339
407	354
407	664
407	819
407	826
407	861
408	707
408	960
408	979
408	982
408	983
408	989
409	34
409	283
409	459
409	528
409	549
409	676
410	378
410	524
410	682
410	713
410	744
410	846
411	264
411	327
411	396
411	406
411	449
411	510
412	914
412	927
412	936
412	955
412	973
412	992
413	304
413	424
413	525
413	732
413	776
413	975
414	588
414	699
414	741
414	819
414	826
414	861
415	854
415	914
415	931
415	936
415	973
415	992
416	3
416	508
416	586
416	736
416	760
416	855
417	814
417	877
417	902
417	939
417	949
417	954
418	693
418	788
418	790
418	799
418	808
418	867
419	930
419	960
419	979
419	982
419	983
419	989
420	975
420	977
420	987
420	995
420	996
420	999
421	664
421	699
421	741
421	819
421	826
421	861
422	669
422	790
422	835
422	855
422	886
422	901
423	346
423	668
423	672
423	707
423	784
423	908
424	109
424	387
424	413
424	525
424	732
424	776
425	196
425	401
425	455
425	624
425	648
425	672
426	195
426	225
426	253
426	367
426	887
426	968
427	974
427	980
427	981
427	984
427	988
427	993
428	722
428	741
428	819
428	826
428	861
428	972
429	985
429	986
429	991
429	994
429	997
429	998
430	476
430	726
430	820
430	847
430	857
430	883
431	90
431	931
431	938
431	955
431	973
431	992
432	611
432	778
432	936
432	955
432	973
432	992
433	556
433	699
433	881
433	956
433	966
433	976
434	924
434	934
434	943
434	944
434	970
434	972
435	381
435	456
435	527
435	606
435	611
435	619
436	921
436	926
436	950
436	956
436	966
436	976
437	974
437	980
437	981
437	984
437	988
437	993
438	286
438	299
438	345
438	370
438	620
438	621
439	80
439	986
439	991
439	994
439	998
439	1000
440	13
440	20
440	48
440	224
440	936
440	984
441	601
441	711
441	850
441	909
441	923
441	997
442	368
442	618
442	764
442	767
442	851
442	908
443	875
443	985
443	986
443	991
443	998
443	1000
444	341
444	394
444	685
444	689
444	793
444	817
445	603
445	879
445	880
445	907
445	932
445	937
446	78
446	180
446	482
446	483
446	728
446	757
447	609
447	683
447	749
447	792
447	836
447	862
448	975
448	977
448	987
448	995
448	996
448	999
449	396
449	406
449	411
449	510
449	855
449	920
450	645
450	980
450	981
450	984
450	988
450	993
451	980
451	981
451	984
451	988
451	990
451	993
452	200
452	298
452	625
452	630
452	698
452	954
453	112
453	127
453	259
453	279
453	307
453	952
454	677
454	749
454	751
454	836
454	862
454	878
455	12
455	201
455	425
455	590
455	624
455	672
456	118
456	381
456	435
456	606
456	611
456	619
457	945
457	960
457	982
457	983
457	986
457	989
458	393
458	558
458	713
458	744
458	815
458	846
459	18
459	409
459	482
459	528
459	549
459	676
460	67
460	628
460	655
460	725
460	747
460	813
461	153
461	287
461	705
461	820
461	857
461	883
462	97
462	717
462	787
462	811
462	882
462	890
463	657
463	764
463	767
463	833
463	851
463	908
464	561
464	700
464	896
464	900
464	953
464	961
465	45
465	693
465	788
465	790
465	808
465	867
465	947
466	32
466	491
466	599
466	642
466	660
466	690
466	704
467	712
467	758
467	775
467	794
467	795
467	838
467	904
468	85
468	198
468	260
468	281
468	313
468	728
468	757
469	474
469	593
469	673
469	702
469	731
469	735
469	952
470	527
470	555
470	667
470	694
470	837
470	844
470	884
471	506
471	687
471	788
471	790
471	799
471	808
471	867
472	815
472	974
472	980
472	981
472	984
472	988
472	993
473	856
473	974
473	980
473	981
473	984
473	988
473	993
474	469
474	593
474	673
474	702
474	731
474	735
474	740
475	43
475	681
475	682
475	744
475	815
475	846
475	982
476	153
476	430
476	562
476	649
476	820
476	857
476	883
477	934
477	943
477	944
477	968
477	970
477	972
477	993
478	877
478	880
478	910
478	916
478	935
478	949
478	954
479	497
479	543
479	587
479	615
479	658
479	738
479	766
480	239
480	816
480	830
480	926
480	956
480	966
480	976
481	123
481	128
481	352
481	486
481	736
481	754
481	760
482	34
482	446
482	459
482	528
482	535
482	549
482	676
483	198
483	215
483	260
483	446
483	728
483	757
483	840
484	636
484	764
484	767
484	798
484	851
484	908
484	956
485	191
485	228
485	584
485	653
485	754
485	760
485	780
486	118
486	481
486	584
486	610
486	653
486	780
486	823
487	71
487	77
487	130
487	232
487	356
487	598
487	739
488	66
488	109
488	364
488	387
488	732
488	769
488	776
489	119
489	934
489	943
489	944
489	968
489	970
489	972
490	37
490	265
490	293
490	491
490	533
490	622
490	985
491	37
491	293
491	360
491	466
491	490
491	533
491	622
492	173
492	796
492	871
492	893
492	897
492	928
492	929
493	839
493	877
493	902
493	912
493	935
493	948
493	949
494	350
494	786
494	879
494	880
494	932
494	937
494	992
495	573
495	579
495	691
495	711
495	779
495	909
495	923
496	127
496	985
496	986
496	991
496	997
496	998
496	1000
497	479
497	615
497	658
497	738
497	750
497	766
497	963
498	240
498	530
498	863
498	897
498	928
498	929
498	994
499	262
499	934
499	943
499	944
499	968
499	970
499	972
500	566
500	680
500	730
500	950
500	956
500	966
500	976
501	856
501	902
501	910
501	916
501	948
501	949
501	954
502	575
502	711
502	803
502	850
502	876
502	909
502	923
503	974
503	978
503	980
503	981
503	984
503	988
503	993
504	675
504	872
504	891
504	913
504	915
504	951
504	993
505	771
505	940
505	960
505	979
505	982
505	983
505	989
506	229
506	471
506	687
506	790
506	799
506	834
506	867
507	986
507	990
507	991
507	994
507	997
507	998
507	1000
508	3
508	118
508	416
508	586
508	610
508	653
508	754
509	22
509	271
509	292
509	521
509	578
509	580
509	998
510	264
510	327
510	396
510	406
510	411
510	449
510	551
511	662
511	800
511	811
511	845
511	882
511	890
511	919
512	941
512	945
512	960
512	979
512	982
512	983
512	989
513	940
513	941
513	960
513	979
513	982
513	983
513	989
514	975
514	977
514	987
514	988
514	995
514	996
514	999
515	520
515	534
515	539
515	559
515	581
515	634
515	647
516	774
516	888
516	931
516	938
516	955
516	973
516	992
517	971
517	986
517	990
517	991
517	997
517	998
517	1000
518	634
518	757
518	852
518	887
518	891
518	915
518	951
519	254
519	536
519	583
519	628
519	655
519	725
519	747
520	269
520	515
520	534
520	539
520	559
520	634
520	647
521	22
521	107
521	271
521	292
521	509
521	578
521	580
522	175
522	179
522	375
522	659
522	709
522	762
522	769
523	773
523	830
523	870
523	948
523	950
523	966
523	976
524	410
524	786
524	829
524	860
524	907
524	932
524	937
525	23
525	66
525	413
525	424
525	732
525	776
525	903
526	86
526	572
526	831
526	953
526	959
526	961
526	963
527	139
527	381
527	435
527	470
527	606
527	611
527	619
528	18
528	283
528	409
528	459
528	482
528	535
528	676
529	114
529	201
529	401
529	590
529	624
529	632
529	672
530	498
530	796
530	871
530	893
530	897
530	928
530	929
531	742
531	842
531	879
531	880
531	907
531	932
531	937
532	546
532	712
532	775
532	794
532	795
532	838
532	876
533	110
533	265
533	293
533	360
533	490
533	491
533	622
534	515
534	520
534	539
534	559
534	581
534	634
534	647
535	18
535	283
535	482
535	528
535	549
535	676
535	992
536	254
536	363
536	365
536	519
536	655
536	725
536	747
537	555
537	667
537	718
537	765
537	832
537	837
537	884
538	134
538	748
538	900
538	953
538	959
538	961
538	963
539	515
539	520
539	534
539	559
539	581
539	634
539	647
540	858
540	887
540	891
540	894
540	915
540	931
540	951
541	870
541	919
541	921
541	926
541	950
541	956
541	976
542	573
542	575
542	601
542	850
542	876
542	909
542	923
543	388
543	479
543	587
543	615
543	691
543	738
543	766
544	19
544	626
544	669
544	761
544	835
544	855
544	886
544	901
545	720
545	839
545	853
545	902
545	935
545	939
545	948
545	954
546	532
546	712
546	758
546	772
546	775
546	794
546	795
546	838
547	631
547	677
547	749
547	751
547	792
547	836
547	862
547	878
548	950
548	986
548	990
548	991
548	994
548	997
548	998
548	1000
549	34
549	283
549	409
549	459
549	482
549	535
549	676
549	964
550	185
550	965
550	975
550	977
550	987
550	995
550	996
550	999
551	510
551	774
551	809
551	906
551	914
551	955
551	973
551	992
552	643
552	930
552	945
552	960
552	979
552	982
552	983
552	989
553	562
553	616
553	635
553	649
553	726
553	820
553	857
553	883
554	662
554	770
554	787
554	800
554	811
554	845
554	882
554	890
555	232
555	284
555	470
555	537
555	832
555	837
555	844
555	884
556	176
556	433
556	818
556	881
556	926
556	950
556	966
556	976
557	740
557	852
557	872
557	887
557	894
557	913
557	951
557	975
558	378
558	458
558	585
558	638
558	682
558	744
558	815
558	846
559	269
559	515
559	520
559	534
559	539
559	581
559	634
559	647
560	159
560	668
560	767
560	784
560	798
560	851
560	895
560	908
561	464
561	706
561	944
561	953
561	954
561	959
561	961
561	963
562	476
562	553
562	564
562	663
562	727
562	820
562	857
562	883
563	257
563	773
563	870
563	881
563	950
563	956
563	966
563	976
564	562
564	608
564	746
564	871
564	893
564	897
564	928
564	929
565	140
565	965
565	975
565	977
565	987
565	995
565	996
565	999
566	500
566	722
566	773
566	921
566	926
566	956
566	966
566	976
567	569
567	667
567	694
567	718
567	832
567	837
567	844
567	884
568	907
568	985
568	986
568	990
568	991
568	994
568	998
568	1000
569	83
569	567
569	667
569	718
569	837
569	844
569	884
569	930
570	613
570	870
570	921
570	926
570	950
570	956
570	966
570	976
571	985
571	986
571	990
571	991
571	994
571	997
571	998
571	1000
572	526
572	706
572	745
572	848
572	900
572	953
572	959
572	961
573	495
573	542
573	779
573	803
573	850
573	876
573	909
573	923
574	297
574	924
574	934
574	943
574	944
574	968
574	970
574	972
575	226
575	502
575	542
575	577
575	803
575	876
575	909
575	923
576	144
576	176
576	197
576	233
576	238
576	328
576	331
576	951
577	321
577	575
577	729
577	779
577	803
577	850
577	909
577	923
578	22
578	107
578	271
578	292
578	509
578	521
578	580
578	903
579	61
579	495
579	645
579	711
579	779
579	876
579	909
579	923
580	22
580	107
580	271
580	292
580	509
580	521
580	578
580	940
581	269
581	515
581	534
581	539
581	559
581	634
581	647
581	940
582	824
582	924
582	934
582	943
582	944
582	968
582	970
582	972
583	67
583	261
583	519
583	628
583	655
583	725
583	747
583	929
584	485
584	486
584	586
584	736
584	754
584	760
584	780
584	889
585	378
585	558
585	681
585	682
585	713
585	734
585	815
585	846
586	416
586	508
586	584
586	664
586	736
586	754
586	760
586	780
587	289
587	479
587	543
587	615
587	658
587	691
587	738
587	766
588	339
588	414
588	594
588	722
588	819
588	826
588	842
588	861
589	684
589	824
589	869
589	887
589	891
589	913
589	915
589	951
590	201
590	401
590	455
590	529
590	624
590	648
590	672
590	783
591	787
591	829
591	842
591	860
591	879
591	880
591	932
591	937
592	787
592	985
592	990
592	991
592	994
592	997
592	998
592	1000
593	58
593	308
593	469
593	474
593	673
593	702
593	731
593	735
594	588
594	664
594	699
594	741
594	819
594	826
594	843
594	861
595	791
595	940
595	941
595	945
595	979
595	982
595	983
595	989
596	346
596	737
596	852
596	872
596	887
596	894
596	915
596	951
597	870
597	881
597	921
597	926
597	956
597	959
597	966
597	976
598	71
598	77
598	98
598	130
598	133
598	232
598	356
598	487
599	143
599	374
599	390
599	466
599	642
599	660
599	690
599	704
599	735
600	856
600	912
600	916
600	935
600	939
600	948
600	949
600	954
600	966
601	441
601	542
601	645
601	803
601	850
601	876
601	909
601	923
601	925
602	251
602	662
602	717
602	770
602	787
602	811
602	882
602	890
602	988
603	445
603	662
603	717
603	770
603	800
603	811
603	845
603	882
603	890
604	23
604	958
604	965
604	975
604	977
604	987
604	995
604	996
604	999
605	870
605	881
605	900
605	921
605	926
605	950
605	956
605	966
605	976
606	139
606	140
606	381
606	435
606	456
606	527
606	611
606	619
606	932
607	377
607	763
607	772
607	805
607	860
607	907
607	922
607	932
607	937
608	207
608	564
608	796
608	863
608	871
608	893
608	897
608	928
608	929
609	101
609	391
609	447
609	710
609	749
609	751
609	792
609	862
609	878
610	27
610	128
610	228
610	486
610	508
610	653
610	736
610	754
610	780
611	139
611	140
611	381
611	432
611	435
611	456
611	527
611	606
611	619
612	639
612	853
612	904
612	928
612	936
612	938
612	955
612	973
612	992
613	570
613	703
613	773
613	881
613	921
613	926
613	950
613	966
613	976
614	793
614	985
614	986
614	990
614	991
614	994
614	997
614	998
614	1000
615	479
615	497
615	543
615	587
615	658
615	674
615	691
615	738
615	766
616	553
616	958
616	965
616	975
616	977
616	987
616	995
616	996
616	999
617	242
617	405
617	649
617	663
617	726
617	727
617	795
617	857
617	883
618	442
618	657
618	707
618	764
618	767
618	798
618	851
618	881
618	908
619	139
619	140
619	381
619	435
619	456
619	527
619	606
619	611
619	967
620	286
620	299
620	337
620	344
620	345
620	370
620	438
620	621
620	939
621	286
621	299
621	337
621	344
621	345
621	370
621	438
621	620
621	673
622	37
622	110
622	154
622	265
622	293
622	360
622	490
622	491
622	533
623	680
623	773
623	818
623	870
623	881
623	921
623	944
623	950
623	976
624	196
624	401
624	425
624	455
624	529
624	590
624	648
624	672
624	972
625	56
625	104
625	200
625	298
625	333
625	452
625	630
625	698
625	780
626	544
626	708
626	719
626	761
626	831
626	835
626	855
626	886
626	901
627	789
627	848
627	859
627	900
627	912
627	953
627	959
627	961
627	963
628	254
628	261
628	460
628	519
628	583
628	655
628	725
628	747
628	983
629	897
629	967
629	974
629	978
629	980
629	981
629	984
629	988
629	993
630	56
630	98
630	104
630	119
630	298
630	333
630	452
630	625
630	698
631	399
631	547
631	710
631	749
631	792
631	836
631	862
631	873
631	878
632	529
632	717
632	770
632	787
632	800
632	811
632	845
632	882
632	890
633	311
633	824
633	847
633	858
633	872
633	891
633	894
633	915
633	951
634	269
634	515
634	518
634	520
634	534
634	539
634	559
634	581
634	647
635	92
635	405
635	553
635	649
635	663
635	820
635	857
635	877
635	883
636	484
636	657
636	707
636	764
636	784
636	798
636	851
636	908
636	949
637	930
637	941
637	945
637	960
637	979
637	982
637	983
637	989
637	999
638	558
638	985
638	986
638	990
638	991
638	994
638	997
638	998
638	1000
639	612
639	868
639	906
639	914
639	938
639	955
639	973
639	979
639	992
640	195
640	282
640	654
640	723
640	752
640	953
640	959
640	961
640	963
641	967
641	974
641	978
641	980
641	981
641	984
641	988
641	993
641	997
642	32
642	211
642	374
642	390
642	466
642	599
642	653
642	690
642	704
643	552
643	985
643	986
643	990
643	991
643	994
643	997
643	998
643	1000
644	745
644	848
644	896
644	900
644	953
644	959
644	961
644	963
644	999
645	450
645	579
645	601
645	729
645	779
645	850
645	876
645	909
645	923
646	680
646	773
646	870
646	921
646	926
646	950
646	956
646	966
646	976
647	269
647	515
647	520
647	534
647	539
647	559
647	581
647	634
647	974
648	114
648	196
648	315
648	401
648	425
648	590
648	624
648	672
648	924
649	405
649	476
649	553
649	617
649	635
649	726
649	727
649	820
649	883
649	987
650	877
650	891
650	910
650	912
650	916
650	935
650	939
650	948
650	949
650	954
651	656
651	669
651	708
651	719
651	761
651	835
651	855
651	886
651	901
651	956
652	231
652	730
652	818
652	830
652	921
652	926
652	950
652	956
652	966
652	976
653	128
653	191
653	485
653	486
653	508
653	610
653	642
653	736
653	754
653	760
654	640
654	706
654	723
654	748
654	877
654	896
654	900
654	953
654	959
654	961
655	254
655	363
655	460
655	519
655	536
655	583
655	628
655	725
655	747
655	942
656	62
656	174
656	651
656	719
656	761
656	835
656	836
656	855
656	886
656	901
657	36
657	391
657	463
657	618
657	636
657	784
657	798
657	851
657	908
657	947
658	81
658	325
658	479
658	497
658	587
658	615
658	691
658	738
658	766
658	841
659	64
659	175
659	179
659	274
659	303
659	348
659	522
659	709
659	762
659	769
660	143
660	209
660	211
660	374
660	390
660	466
660	599
660	690
660	704
660	973
661	825
661	853
661	868
661	888
661	904
661	906
661	914
661	955
661	973
661	992
662	511
662	554
662	602
662	603
662	770
662	787
662	800
662	845
662	882
662	890
663	137
663	242
663	562
663	617
663	635
663	727
663	820
663	857
663	883
663	979
664	145
664	407
664	421
664	586
664	594
664	722
664	741
664	819
664	826
664	861
665	927
665	930
665	940
665	941
665	960
665	972
665	979
665	982
665	983
665	989
666	895
666	917
666	924
666	934
666	943
666	944
666	962
666	968
666	970
666	972
667	470
667	537
667	567
667	569
667	694
667	765
667	832
667	837
667	844
667	884
668	272
668	423
668	560
668	701
668	707
668	767
668	784
668	798
668	851
668	908
669	422
669	544
669	651
669	708
669	719
669	761
669	835
669	855
669	886
669	940
670	400
670	696
670	802
670	809
670	853
670	904
670	931
670	936
670	973
670	992
671	285
671	895
671	917
671	924
671	934
671	943
671	944
671	968
671	970
671	972
672	114
672	196
672	401
672	423
672	425
672	455
672	529
672	590
672	624
672	648
673	273
673	285
673	308
673	469
673	474
673	593
673	621
673	702
673	731
673	735
674	615
674	967
674	971
674	974
674	978
674	980
674	981
674	984
674	988
674	993
675	10
675	388
675	504
675	816
675	824
675	852
675	872
675	887
675	913
675	951
676	18
676	34
676	124
676	283
676	409
676	459
676	482
676	528
676	535
676	549
677	399
677	454
677	547
677	710
677	738
677	749
677	792
677	836
677	862
677	878
678	238
678	759
678	814
678	902
678	910
678	912
678	935
678	939
678	948
678	954
679	867
679	957
679	958
679	965
679	975
679	977
679	987
679	995
679	996
679	999
680	500
680	623
680	646
680	700
680	830
680	881
680	926
680	950
680	966
680	976
681	43
681	378
681	475
681	585
681	682
681	713
681	744
681	815
681	846
681	990
682	410
682	475
682	558
682	585
682	681
682	713
682	744
682	815
682	846
682	918
683	447
683	763
683	805
683	829
683	842
683	860
683	879
683	907
683	932
683	937
684	148
684	343
684	359
684	379
684	394
684	403
684	589
684	689
684	793
684	817
685	121
685	236
685	341
685	394
685	403
685	444
685	689
685	793
685	817
685	937
686	930
686	940
686	941
686	945
686	948
686	960
686	979
686	982
686	983
686	989
687	72
687	229
687	314
687	471
687	506
687	693
687	788
687	790
687	808
687	867
688	782
688	930
688	940
688	941
688	945
688	960
688	979
688	982
688	983
688	989
689	236
689	343
689	359
689	379
689	394
689	444
689	684
689	685
689	793
689	817
690	32
690	143
690	209
690	374
690	466
690	599
690	642
690	660
690	704
690	728
691	81
691	111
691	325
691	495
691	543
691	587
691	615
691	658
691	738
691	766
692	310
692	969
692	985
692	986
692	990
692	991
692	994
692	997
692	998
692	1000
693	54
693	418
693	465
693	687
693	788
693	790
693	799
693	808
693	857
693	867
694	113
694	374
694	470
694	567
694	667
694	718
694	765
694	832
694	837
694	884
695	883
695	930
695	940
695	941
695	945
695	960
695	979
695	982
695	983
695	989
696	670
696	809
696	904
696	931
696	936
696	938
696	942
696	955
696	973
696	992
697	46
697	947
697	957
697	958
697	965
697	975
697	977
697	987
697	995
697	996
697	999
698	56
698	104
698	119
698	200
698	298
698	333
698	452
698	625
698	630
698	736
698	945
699	115
699	354
699	414
699	421
699	433
699	594
699	722
699	819
699	826
699	861
699	957
700	464
700	680
700	797
700	848
700	859
700	896
700	900
700	953
700	959
700	961
700	963
701	668
701	947
701	957
701	958
701	965
701	975
701	977
701	987
701	995
701	996
701	999
702	214
702	273
702	285
702	308
702	469
702	474
702	593
702	673
702	731
702	735
702	849
703	613
703	856
703	902
703	910
703	912
703	916
703	935
703	939
703	948
703	949
703	954
704	32
704	142
704	143
704	209
704	211
704	390
704	466
704	599
704	642
704	660
704	690
705	380
705	461
705	868
705	888
705	914
705	931
705	936
705	938
705	955
705	973
705	992
706	561
706	572
706	654
706	752
706	841
706	859
706	952
706	953
706	959
706	961
706	963
707	272
707	408
707	423
707	618
707	636
707	668
707	767
707	784
707	798
707	851
707	908
708	61
708	174
708	319
708	626
708	651
708	669
708	719
708	745
708	835
708	886
708	901
709	64
709	146
709	274
709	303
709	348
709	375
709	522
709	659
709	762
709	769
709	782
710	87
710	400
710	609
710	631
710	677
710	749
710	761
710	792
710	836
710	862
710	878
711	338
711	441
711	495
711	502
711	579
711	729
711	850
711	876
711	909
711	923
711	941
712	235
712	385
712	467
712	532
712	546
712	758
712	775
712	794
712	795
712	838
712	890
713	43
713	49
713	261
713	393
713	410
713	458
713	585
713	681
713	682
713	815
713	846
714	387
714	782
714	816
714	824
714	847
714	869
714	891
714	894
714	913
714	915
714	951
715	798
715	967
715	971
715	974
715	976
715	978
715	980
715	981
715	984
715	988
715	993
716	964
716	969
716	979
716	985
716	986
716	990
716	991
716	994
716	997
716	998
716	1000
717	462
717	602
717	603
717	632
717	770
717	787
717	811
717	845
717	882
717	890
717	955
718	113
718	284
718	537
718	567
718	569
718	694
718	765
718	832
718	837
718	884
718	972
719	172
719	319
719	626
719	651
719	656
719	669
719	708
719	761
719	886
719	901
719	902
720	545
720	759
720	832
720	839
720	854
720	910
720	912
720	935
720	939
720	948
720	954
721	895
721	964
721	969
721	985
721	986
721	990
721	991
721	994
721	997
721	998
721	1000
722	255
722	339
722	428
722	566
722	588
722	664
722	699
722	741
722	819
722	826
722	861
723	30
723	640
723	654
723	784
723	841
723	848
723	859
723	895
723	959
723	961
723	963
724	726
724	964
724	969
724	985
724	986
724	990
724	991
724	994
724	997
724	998
724	1000
725	67
725	261
725	363
725	460
725	519
725	536
725	583
725	628
725	655
725	747
725	758
726	92
726	405
726	430
726	553
726	617
726	649
726	724
726	727
726	820
726	857
726	883
727	92
727	287
727	562
727	617
727	649
727	663
727	726
727	820
727	857
727	883
727	912
728	78
728	85
728	215
728	260
728	281
728	313
728	446
728	468
728	483
728	690
728	757
729	226
729	577
729	645
729	711
729	779
729	802
729	803
729	850
729	876
729	909
729	923
730	500
730	652
730	818
730	830
730	881
730	886
730	921
730	926
730	950
730	956
730	966
731	214
731	273
731	285
731	308
731	469
731	474
731	593
731	673
731	702
731	735
731	907
732	23
732	66
732	207
732	304
732	364
732	387
732	413
732	424
732	488
732	525
732	776
732	966
733	745
733	748
733	752
733	841
733	848
733	896
733	900
733	953
733	959
733	961
733	963
733	970
734	296
734	585
734	927
734	930
734	940
734	941
734	945
734	960
734	979
734	982
734	983
734	989
735	214
735	273
735	285
735	308
735	469
735	474
735	593
735	599
735	673
735	702
735	731
735	983
736	123
736	352
736	416
736	481
736	584
736	586
736	610
736	653
736	698
736	754
736	760
736	780
737	596
737	816
737	847
737	869
737	872
737	875
737	887
737	891
737	894
737	913
737	915
737	951
738	81
738	111
738	325
738	479
738	497
738	543
738	587
738	615
738	658
738	677
738	691
738	766
739	487
739	933
739	964
739	969
739	985
739	986
739	990
739	991
739	994
739	997
739	998
739	1000
740	474
740	557
740	782
740	816
740	824
740	852
740	858
740	872
740	891
740	913
740	915
740	951
741	115
741	145
741	414
741	421
741	428
741	594
741	664
741	722
741	826
741	841
741	861
741	914
742	531
742	839
742	854
742	877
742	902
742	912
742	916
742	935
742	939
742	948
742	949
742	954
743	183
743	302
743	322
743	746
743	796
743	863
743	871
743	893
743	897
743	928
743	929
743	976
744	217
744	227
744	393
744	410
744	458
744	475
744	558
744	681
744	682
744	815
744	846
744	981
745	572
745	644
745	708
745	733
745	752
745	789
745	797
745	859
745	896
745	959
745	961
745	963
746	21
746	100
746	240
746	347
746	564
746	743
746	863
746	871
746	893
746	897
746	928
746	929
747	67
747	254
747	261
747	363
747	460
747	519
747	536
747	583
747	628
747	655
747	725
747	934
748	280
748	538
748	654
748	733
748	749
748	831
748	859
748	896
748	953
748	959
748	961
748	963
749	447
749	454
749	547
749	609
749	631
749	677
749	710
749	748
749	792
749	836
749	862
749	878
750	497
750	920
750	927
750	930
750	940
750	941
750	945
750	960
750	979
750	982
750	983
750	989
751	87
751	266
751	382
751	399
751	400
751	454
751	547
751	609
751	792
751	836
751	862
751	878
752	640
752	706
752	733
752	745
752	789
752	797
752	814
752	896
752	900
752	953
752	959
752	961
752	963
753	803
753	946
753	952
753	962
753	967
753	971
753	974
753	978
753	980
753	981
753	984
753	988
753	993
754	123
754	191
754	352
754	481
754	485
754	508
754	584
754	586
754	610
754	653
754	736
754	760
754	780
755	879
755	946
755	952
755	962
755	967
755	971
755	974
755	978
755	980
755	981
755	984
755	988
755	993
756	759
756	839
756	877
756	902
756	910
756	912
756	916
756	935
756	939
756	948
756	949
756	954
756	996
757	78
757	85
757	180
757	198
757	215
757	260
757	281
757	313
757	446
757	468
757	483
757	518
757	728
758	189
758	193
758	235
758	385
758	467
758	546
758	712
758	725
758	775
758	794
758	795
758	838
758	935
759	219
759	678
759	720
759	756
759	896
759	902
759	910
759	912
759	935
759	939
759	948
759	949
759	954
760	27
760	118
760	123
760	268
760	416
760	481
760	485
760	584
760	586
760	653
760	736
760	754
760	780
761	397
761	544
761	626
761	651
761	656
761	669
761	710
761	719
761	835
761	855
761	886
761	901
761	979
762	64
762	146
762	175
762	179
762	234
762	274
762	303
762	348
762	375
762	522
762	659
762	709
762	769
763	248
763	274
763	349
763	607
763	683
763	772
763	805
763	860
763	879
763	880
763	907
763	932
763	937
764	346
764	391
764	442
764	463
764	484
764	618
764	636
764	767
764	784
764	798
764	851
764	908
764	994
765	129
765	163
765	230
765	237
765	537
765	667
765	694
765	718
765	818
765	832
765	837
765	844
765	884
766	81
766	111
766	246
766	325
766	479
766	497
766	543
766	587
766	615
766	658
766	691
766	738
766	881
767	94
767	272
767	442
767	463
767	484
767	560
767	618
767	668
767	707
767	764
767	851
767	888
767	908
768	804
768	946
768	952
768	962
768	967
768	971
768	974
768	978
768	980
768	981
768	984
768	988
768	993
769	64
769	146
769	175
769	179
769	274
769	303
769	348
769	375
769	488
769	522
769	659
769	709
769	762
770	251
770	554
770	602
770	603
770	632
770	662
770	717
770	787
770	800
770	811
770	845
770	882
770	890
770	981
771	505
771	905
771	925
771	933
771	964
771	969
771	985
771	986
771	990
771	991
771	994
771	997
771	998
771	1000
772	546
772	607
772	763
772	786
772	805
772	806
772	829
772	842
772	860
772	879
772	880
772	907
772	932
772	937
773	523
773	563
773	566
773	613
773	623
773	646
773	818
773	870
773	881
773	919
773	921
773	926
773	956
773	976
774	516
774	551
774	802
774	868
774	888
774	904
774	906
774	917
774	931
774	936
774	938
774	955
774	973
774	992
775	8
775	187
775	193
775	235
775	385
775	467
775	532
775	546
775	712
775	758
775	794
775	795
775	838
775	937
776	23
776	66
776	109
776	207
776	304
776	364
776	387
776	413
776	424
776	488
776	525
776	732
776	964
776	982
777	899
777	946
777	952
777	961
777	962
777	967
777	971
777	974
777	978
777	980
777	981
777	984
777	988
777	993
778	432
778	806
778	809
778	853
778	868
778	906
778	914
778	931
778	936
778	938
778	955
778	971
778	973
778	992
779	255
779	351
779	366
779	495
779	573
779	577
779	579
779	645
779	729
779	803
779	850
779	876
779	909
779	923
780	3
780	27
780	128
780	352
780	485
780	486
780	584
780	586
780	610
780	625
780	736
780	754
780	760
780	900
781	76
781	905
781	925
781	933
781	964
781	969
781	985
781	986
781	990
781	991
781	994
781	997
781	998
781	1000
782	688
782	709
782	714
782	740
782	852
782	858
782	869
782	872
782	887
782	891
782	894
782	913
782	915
782	951
783	590
783	936
783	946
783	952
783	962
783	967
783	971
783	974
783	978
783	980
783	981
783	984
783	988
783	993
784	42
784	124
784	159
784	423
784	560
784	636
784	657
784	668
784	707
784	723
784	764
784	798
784	851
784	908
785	840
785	843
785	865
785	892
785	895
785	917
785	924
785	934
785	943
785	944
785	951
785	968
785	970
785	972
786	151
786	494
786	524
786	772
786	805
786	829
786	842
786	860
786	879
786	880
786	907
786	932
786	937
786	991
787	138
787	462
787	554
787	591
787	592
787	602
787	632
787	662
787	717
787	770
787	811
787	845
787	882
787	890
788	41
788	45
788	91
788	186
788	268
788	314
788	418
788	465
788	471
788	687
788	693
788	790
788	799
788	867
789	627
789	745
789	752
789	797
789	831
789	841
789	848
789	859
789	885
789	896
789	900
789	953
789	959
789	961
789	963
790	45
790	65
790	186
790	268
790	418
790	422
790	465
790	471
790	506
790	687
790	693
790	788
790	799
790	808
790	867
791	595
791	898
791	905
791	925
791	933
791	964
791	969
791	985
791	986
791	990
791	991
791	994
791	997
791	998
791	1000
792	51
792	101
792	400
792	447
792	547
792	609
792	631
792	677
792	710
792	749
792	751
792	836
792	862
792	878
792	995
793	121
793	236
793	341
793	343
793	359
793	379
793	394
793	403
793	444
793	614
793	684
793	685
793	689
793	817
793	1000
794	8
794	165
794	187
794	189
794	227
794	235
794	385
794	467
794	532
794	546
794	712
794	758
794	775
794	795
794	838
795	8
795	165
795	187
795	189
795	385
795	467
795	532
795	546
795	617
795	712
795	758
795	775
795	794
795	838
795	934
796	135
796	289
796	347
796	492
796	530
796	608
796	743
796	863
796	871
796	893
796	897
796	928
796	929
796	987
796	991
797	700
797	745
797	752
797	789
797	831
797	841
797	848
797	849
797	859
797	896
797	900
797	953
797	959
797	961
797	963
798	159
798	346
798	391
798	484
798	560
798	618
798	636
798	657
798	668
798	707
798	715
798	764
798	784
798	851
798	908
799	12
799	54
799	91
799	194
799	268
799	314
799	418
799	471
799	506
799	693
799	788
799	790
799	808
799	821
799	867
800	25
800	50
800	116
800	251
800	511
800	554
800	603
800	632
800	662
800	770
800	811
800	845
800	882
800	890
800	937
801	859
801	911
801	919
801	920
801	927
801	929
801	930
801	940
801	941
801	945
801	960
801	979
801	982
801	983
801	989
802	670
802	729
802	774
802	806
802	888
802	901
802	904
802	906
802	914
802	931
802	936
802	938
802	955
802	973
802	992
803	63
803	122
803	161
803	366
803	502
803	573
803	575
803	577
803	601
803	729
803	753
803	779
803	850
803	923
803	1000
804	768
804	905
804	925
804	933
804	964
804	969
804	980
804	985
804	986
804	990
804	991
804	994
804	997
804	998
804	1000
805	150
805	379
805	607
805	683
805	763
805	772
805	786
805	829
805	842
805	860
805	879
805	880
805	907
805	932
805	937
806	93
806	772
806	778
806	802
806	853
806	868
806	888
806	904
806	906
806	914
806	931
806	936
806	955
806	973
806	992
807	40
807	864
807	875
807	922
807	942
807	947
807	957
807	958
807	965
807	975
807	977
807	987
807	995
807	996
807	999
808	12
808	45
808	54
808	91
808	314
808	418
808	465
808	471
808	687
808	693
808	790
808	799
808	867
808	948
808	964
809	551
809	670
809	696
809	778
809	863
809	868
809	906
809	914
809	931
809	932
809	936
809	938
809	955
809	973
809	992
810	864
810	885
810	909
810	922
810	942
810	947
810	957
810	958
810	965
810	975
810	977
810	987
810	995
810	996
810	999
811	168
811	462
811	511
811	554
811	602
811	603
811	632
811	717
811	770
811	787
811	800
811	845
811	882
811	890
811	914
812	333
812	875
812	885
812	922
812	942
812	947
812	957
812	958
812	965
812	975
812	977
812	987
812	995
812	996
812	999
813	460
813	899
813	946
813	952
813	962
813	967
813	971
813	974
813	978
813	980
813	981
813	984
813	987
813	988
813	993
814	417
814	678
814	752
814	854
814	856
814	877
814	902
814	910
814	912
814	916
814	935
814	939
814	948
814	949
814	954
815	49
815	217
815	227
815	378
815	393
815	458
815	472
815	475
815	558
815	585
815	681
815	682
815	713
815	744
815	846
815	992
816	480
816	675
816	714
816	737
816	740
816	847
816	852
816	856
816	858
816	869
816	872
816	891
816	894
816	913
816	915
816	951
817	121
817	148
817	236
817	341
817	343
817	359
817	379
817	394
817	403
817	444
817	684
817	685
817	689
817	793
817	942
817	955
818	4
818	205
818	556
818	623
818	652
818	730
818	765
818	773
818	870
818	892
818	921
818	926
818	950
818	956
818	966
818	976
819	145
819	255
819	339
819	354
819	407
819	414
819	421
819	428
819	588
819	594
819	664
819	699
819	722
819	826
819	861
819	959
820	87
820	137
820	242
820	430
820	461
820	476
820	553
820	562
820	635
820	649
820	663
820	726
820	727
820	845
820	857
820	883
821	799
821	873
821	889
821	899
821	946
821	952
821	962
821	967
821	971
821	974
821	978
821	980
821	981
821	984
821	988
821	993
822	89
822	874
822	898
822	905
822	925
822	933
822	964
822	969
822	985
822	986
822	990
822	991
822	994
822	997
822	998
822	1000
823	486
823	898
823	905
823	925
823	933
823	964
823	969
823	974
823	985
823	986
823	990
823	991
823	994
823	997
823	998
823	1000
824	582
824	589
824	633
824	675
824	714
824	740
824	847
824	852
824	858
824	869
824	872
824	887
824	894
824	913
824	915
824	951
825	661
825	903
825	911
825	918
825	919
825	920
825	927
825	930
825	940
825	941
825	945
825	960
825	979
825	982
825	983
825	989
826	115
826	146
826	255
826	354
826	407
826	414
826	421
826	428
826	588
826	594
826	664
826	699
826	722
826	741
826	819
826	861
827	875
827	885
827	900
827	922
827	942
827	947
827	957
827	958
827	962
827	965
827	975
827	977
827	987
827	995
827	996
827	999
828	862
828	911
828	918
828	919
828	920
828	927
828	930
828	940
828	941
828	945
828	960
828	979
828	982
828	983
828	989
828	993
829	149
829	377
829	524
829	591
829	683
829	772
829	786
829	805
829	842
829	860
829	879
829	880
829	907
829	932
829	937
829	973
830	4
830	84
830	95
830	188
830	480
830	523
830	652
830	680
830	730
830	870
830	881
830	926
830	950
830	956
830	966
830	976
831	282
831	526
831	626
831	748
831	789
831	797
831	841
831	848
831	859
831	896
831	900
831	939
831	953
831	959
831	961
831	963
832	83
832	129
832	230
832	237
832	284
832	537
832	555
832	567
832	667
832	694
832	718
832	720
832	765
832	837
832	844
832	884
833	233
833	463
833	885
833	922
833	942
833	947
833	957
833	958
833	965
833	975
833	977
833	987
833	995
833	996
833	999
834	506
834	874
834	898
834	905
834	925
834	933
834	964
834	969
834	985
834	986
834	990
834	991
834	994
834	997
834	998
834	1000
835	62
835	319
835	340
835	397
835	422
835	544
835	626
835	651
835	656
835	669
835	708
835	761
835	886
835	901
835	957
835	974
836	51
836	65
836	266
836	399
836	447
836	454
836	547
836	631
836	656
836	677
836	710
836	749
836	751
836	792
836	840
836	862
836	878
837	129
837	163
837	191
837	230
837	237
837	470
837	537
837	555
837	567
837	569
837	667
837	694
837	718
837	765
837	832
837	844
837	884
838	8
838	29
838	165
838	187
838	189
838	193
838	235
838	385
838	467
838	532
838	546
838	712
838	758
838	775
838	794
838	795
838	935
839	493
839	545
839	720
839	742
839	756
839	854
839	856
839	858
839	877
839	902
839	910
839	916
839	935
839	939
839	948
839	949
839	954
840	483
840	785
840	836
840	843
840	865
840	892
840	895
840	917
840	924
840	934
840	943
840	944
840	968
840	970
840	972
841	31
841	280
841	658
841	706
841	723
841	733
841	741
841	789
841	797
841	831
841	848
841	859
841	896
841	900
841	959
841	961
841	963
842	151
842	349
842	531
842	588
842	591
842	683
842	772
842	786
842	805
842	829
842	860
842	879
842	880
842	907
842	932
842	937
842	995
843	594
843	785
843	840
843	865
843	892
843	895
843	917
843	924
843	934
843	943
843	944
843	968
843	970
843	972
844	83
844	88
844	113
844	160
844	163
844	237
844	284
844	470
844	555
844	567
844	569
844	667
844	765
844	832
844	837
844	884
844	949
845	50
845	116
845	168
845	511
845	554
845	603
845	632
845	662
845	717
845	770
845	787
845	800
845	811
845	820
845	882
845	890
845	921
846	43
846	49
846	217
846	227
846	378
846	393
846	410
846	458
846	475
846	558
846	585
846	681
846	682
846	713
846	744
846	815
846	853
847	336
847	430
847	633
847	714
847	737
847	816
847	824
847	852
847	858
847	869
847	872
847	887
847	891
847	894
847	913
847	915
847	951
848	572
848	627
848	644
848	700
848	723
848	733
848	789
848	797
848	831
848	841
848	859
848	953
848	957
848	959
848	961
848	963
848	989
849	702
849	797
849	864
849	875
849	885
849	922
849	942
849	947
849	957
849	958
849	965
849	975
849	977
849	987
849	995
849	996
849	999
850	21
850	321
850	441
850	502
850	542
850	573
850	577
850	601
850	645
850	711
850	729
850	779
850	803
850	876
850	909
850	923
850	967
851	36
851	42
851	82
851	442
851	463
851	484
851	560
851	618
851	636
851	657
851	668
851	707
851	764
851	767
851	784
851	798
851	908
851	977
852	63
852	388
852	518
852	557
852	596
852	675
852	740
852	782
852	816
852	824
852	847
852	858
852	869
852	887
852	891
852	894
852	913
852	951
853	324
853	357
853	545
853	612
853	661
853	670
853	778
853	806
853	846
853	868
853	888
853	904
853	914
853	936
853	938
853	955
853	973
853	992
854	134
854	138
854	415
854	720
854	742
854	814
854	839
854	856
854	877
854	902
854	910
854	912
854	916
854	935
854	939
854	948
854	949
854	954
855	19
855	40
855	172
855	174
855	340
855	397
855	398
855	416
855	422
855	449
855	544
855	626
855	651
855	656
855	669
855	761
855	886
855	901
856	473
856	501
856	600
856	703
856	814
856	816
856	839
856	854
856	877
856	902
856	910
856	912
856	916
856	935
856	939
856	948
856	949
856	954
857	92
857	137
857	153
857	287
857	430
857	461
857	476
857	553
857	562
857	617
857	635
857	663
857	693
857	726
857	727
857	820
857	883
857	966
858	160
858	540
858	633
858	740
858	782
858	816
858	824
858	839
858	847
858	852
858	869
858	872
858	887
858	891
858	894
858	913
858	915
858	951
859	627
859	700
859	706
859	723
859	745
859	748
859	789
859	797
859	801
859	831
859	841
859	848
859	896
859	900
859	953
859	959
859	961
859	963
860	149
860	349
860	524
860	591
860	607
860	683
860	763
860	772
860	786
860	805
860	829
860	842
860	879
860	880
860	907
860	932
860	937
860	994
861	115
861	145
861	255
861	339
861	354
861	407
861	414
861	421
861	428
861	588
861	594
861	664
861	699
861	722
861	741
861	819
861	826
861	870
861	994
862	51
862	65
862	101
862	266
862	400
862	447
862	454
862	547
862	609
862	631
862	677
862	710
862	749
862	751
862	792
862	828
862	836
862	878
862	978
863	21
863	105
863	135
863	256
863	262
863	300
863	373
863	498
863	608
863	743
863	746
863	796
863	809
863	871
863	876
863	893
863	897
863	928
863	929
864	807
864	810
864	849
864	875
864	885
864	908
864	922
864	942
864	947
864	957
864	958
864	965
864	975
864	977
864	984
864	987
864	995
864	996
864	999
865	785
865	840
865	843
865	889
865	892
865	895
865	917
865	924
865	934
865	943
865	944
865	968
865	970
865	971
865	972
866	236
866	874
866	898
866	905
866	923
866	925
866	933
866	964
866	969
866	985
866	986
866	990
866	991
866	994
866	997
866	998
866	1000
867	12
867	54
867	91
867	186
867	211
867	229
867	268
867	314
867	418
867	465
867	471
867	506
867	679
867	687
867	693
867	788
867	790
867	799
867	808
868	158
868	383
868	639
868	661
868	705
868	774
868	778
868	806
868	809
868	853
868	904
868	906
868	914
868	915
868	931
868	936
868	938
868	955
868	973
868	992
869	35
869	355
869	589
869	714
869	737
869	782
869	816
869	824
869	847
869	852
869	858
869	872
869	887
869	891
869	894
869	913
869	915
869	920
869	951
869	991
870	523
870	541
870	563
870	570
870	597
870	605
870	623
870	646
870	773
870	818
870	830
870	861
870	881
870	921
870	926
870	950
870	956
870	966
870	976
870	981
871	169
871	247
871	262
871	289
871	302
871	373
871	492
871	530
871	564
871	608
871	743
871	746
871	796
871	863
871	893
871	897
871	907
871	928
871	929
871	944
872	504
872	557
872	596
872	633
872	675
872	737
872	740
872	782
872	816
872	824
872	847
872	858
872	869
872	887
872	891
872	894
872	913
872	951
872	958
872	969
873	631
873	821
873	884
873	889
873	899
873	946
873	952
873	962
873	967
873	971
873	974
873	978
873	980
873	981
873	984
873	988
873	993
874	390
874	822
874	834
874	866
874	898
874	905
874	925
874	933
874	941
874	964
874	969
874	985
874	986
874	990
874	991
874	994
874	997
874	998
874	1000
875	443
875	737
875	807
875	812
875	827
875	849
875	864
875	885
875	922
875	942
875	947
875	957
875	958
875	965
875	975
875	977
875	987
875	995
875	996
875	999
876	122
876	161
876	321
876	351
876	366
876	502
876	532
876	542
876	573
876	575
876	579
876	601
876	645
876	711
876	729
876	779
876	850
876	863
876	909
876	923
877	223
877	417
877	478
877	493
877	635
877	650
877	654
877	742
877	756
877	814
877	839
877	854
877	856
877	910
877	912
877	916
877	939
877	948
877	949
877	954
878	49
878	51
878	65
878	87
878	101
878	266
878	399
878	400
878	454
878	547
878	609
878	631
878	677
878	710
878	749
878	751
878	792
878	836
878	862
878	928
879	167
879	185
879	377
879	445
879	494
879	531
879	591
879	683
879	755
879	763
879	772
879	786
879	805
879	829
879	842
879	860
879	880
879	899
879	907
879	932
879	937
880	99
880	149
880	151
880	377
880	445
880	478
880	494
880	531
880	591
880	763
880	772
880	786
880	805
880	829
880	842
880	860
880	879
880	907
880	915
880	932
880	937
881	132
881	433
881	556
881	563
881	597
881	605
881	613
881	618
881	623
881	680
881	730
881	766
881	773
881	830
881	870
881	921
881	926
881	950
881	956
881	966
881	976
882	50
882	116
882	138
882	168
882	188
882	251
882	462
882	511
882	554
882	602
882	603
882	632
882	662
882	717
882	770
882	787
882	800
882	811
882	845
882	890
882	968
883	137
883	153
883	242
883	287
883	405
883	430
883	461
883	476
883	553
883	562
883	617
883	635
883	649
883	663
883	695
883	726
883	727
883	820
883	857
883	976
883	997
884	88
884	113
884	129
884	163
884	230
884	237
884	284
884	470
884	537
884	555
884	567
884	569
884	667
884	694
884	718
884	765
884	832
884	837
884	844
884	873
884	998
885	256
885	789
885	810
885	812
885	827
885	833
885	849
885	864
885	875
885	922
885	942
885	947
885	957
885	958
885	965
885	975
885	977
885	987
885	995
885	996
885	999
886	61
886	62
886	172
886	319
886	340
886	397
886	398
886	422
886	544
886	626
886	651
886	656
886	669
886	708
886	719
886	730
886	761
886	835
886	855
886	901
886	950
887	17
887	426
887	518
887	540
887	557
887	589
887	596
887	675
887	737
887	782
887	824
887	847
887	852
887	858
887	869
887	872
887	891
887	894
887	913
887	915
887	951
887	970
888	231
888	320
888	326
888	380
888	516
888	661
888	705
888	767
888	774
888	802
888	806
888	853
888	904
888	906
888	914
888	931
888	936
888	938
888	955
888	969
888	973
888	992
889	584
889	821
889	865
889	873
889	899
889	946
889	952
889	962
889	967
889	971
889	974
889	978
889	980
889	981
889	984
889	988
889	993
890	50
890	116
890	138
890	168
890	251
890	462
890	511
890	554
890	602
890	603
890	632
890	662
890	712
890	717
890	770
890	787
890	800
890	811
890	845
890	882
890	933
890	996
891	504
891	518
891	540
891	589
891	633
891	650
891	714
891	737
891	740
891	782
891	816
891	847
891	852
891	858
891	869
891	872
891	887
891	894
891	913
891	915
891	951
891	985
892	356
892	785
892	818
892	840
892	843
892	865
892	895
892	917
892	924
892	934
892	943
892	944
892	968
892	970
892	972
893	105
893	106
893	169
893	247
893	262
893	289
893	300
893	302
893	322
893	492
893	530
893	564
893	608
893	743
893	746
893	796
893	863
893	871
893	897
893	928
893	929
893	996
894	336
894	540
894	557
894	596
894	633
894	714
894	737
894	782
894	816
894	824
894	847
894	852
894	858
894	869
894	872
894	887
894	891
894	913
894	915
894	951
894	954
894	975
895	560
895	666
895	671
895	721
895	723
895	785
895	840
895	843
895	865
895	892
895	917
895	924
895	934
895	943
895	944
895	968
895	970
895	972
896	182
896	252
896	405
896	464
896	644
896	654
896	700
896	733
896	745
896	748
896	752
896	759
896	789
896	797
896	831
896	841
896	859
896	900
896	921
896	953
896	959
896	961
896	963
897	105
897	135
897	169
897	207
897	240
897	256
897	300
897	347
897	373
897	492
897	498
897	530
897	564
897	608
897	629
897	743
897	746
897	796
897	863
897	871
897	893
897	928
897	929
898	96
898	791
898	822
898	823
898	834
898	866
898	874
898	905
898	925
898	933
898	964
898	969
898	974
898	985
898	986
898	990
898	991
898	994
898	997
898	998
898	1000
899	777
899	813
899	821
899	873
899	879
899	889
899	941
899	946
899	952
899	962
899	967
899	971
899	974
899	978
899	980
899	981
899	984
899	988
899	993
900	89
900	464
900	538
900	572
900	605
900	627
900	644
900	654
900	700
900	733
900	752
900	780
900	789
900	797
900	827
900	831
900	841
900	859
900	896
900	953
900	959
900	961
900	963
901	19
901	40
901	61
901	62
901	99
901	172
901	174
901	319
901	340
901	351
901	397
901	398
901	422
901	544
901	626
901	651
901	656
901	708
901	719
901	761
901	802
901	835
901	855
901	886
902	219
902	221
902	417
902	493
902	501
902	545
902	678
902	703
902	719
902	742
902	756
902	759
902	814
902	839
902	854
902	856
902	910
902	912
902	916
902	935
902	939
902	948
902	949
902	954
903	525
903	578
903	825
903	911
903	918
903	919
903	920
903	927
903	930
903	940
903	941
903	945
903	960
903	961
903	979
903	982
903	983
903	989
904	90
904	320
904	324
904	357
904	467
904	612
904	661
904	670
904	696
904	774
904	802
904	806
904	853
904	868
904	888
904	906
904	914
904	926
904	931
904	936
904	938
904	955
904	973
904	992
905	771
905	781
905	791
905	804
905	822
905	823
905	834
905	866
905	874
905	898
905	924
905	925
905	933
905	960
905	964
905	969
905	985
905	986
905	990
905	991
905	994
905	997
905	998
905	1000
906	245
906	357
906	383
906	551
906	639
906	661
906	774
906	778
906	802
906	806
906	809
906	868
906	888
906	904
906	914
906	931
906	936
906	938
906	955
906	973
906	975
906	977
906	992
906	1000
907	150
907	167
907	185
907	248
907	350
907	445
907	524
907	531
907	568
907	607
907	683
907	731
907	763
907	772
907	786
907	805
907	829
907	842
907	860
907	871
907	879
907	880
907	932
907	937
908	36
908	42
908	124
908	159
908	272
908	346
908	391
908	423
908	442
908	463
908	484
908	560
908	618
908	636
908	657
908	668
908	707
908	764
908	767
908	784
908	798
908	851
908	864
908	960
908	990
909	63
909	122
909	161
909	226
909	321
909	351
909	366
909	441
909	495
909	502
909	542
909	573
909	575
909	577
909	579
909	601
909	645
909	711
909	729
909	779
909	810
909	850
909	876
909	923
909	989
910	39
910	219
910	301
910	478
910	501
910	650
910	678
910	703
910	720
910	756
910	759
910	814
910	839
910	854
910	856
910	877
910	902
910	912
910	916
910	935
910	939
910	948
910	949
910	954
910	997
911	801
911	825
911	828
911	903
911	918
911	919
911	920
911	927
911	930
911	940
911	941
911	945
911	960
911	979
911	982
911	983
911	989
911	996
911	999
912	186
912	301
912	493
912	600
912	627
912	650
912	678
912	703
912	720
912	727
912	742
912	756
912	759
912	814
912	854
912	856
912	877
912	902
912	910
912	916
912	935
912	939
912	948
912	949
912	954
913	17
913	35
913	53
913	131
913	336
913	504
913	557
913	589
913	675
913	714
913	737
913	740
913	782
913	816
913	824
913	847
913	852
913	858
913	869
913	872
913	887
913	891
913	894
913	915
913	934
913	951
914	320
914	383
914	412
914	415
914	551
914	639
914	661
914	705
914	741
914	778
914	802
914	806
914	809
914	811
914	853
914	868
914	888
914	904
914	906
914	931
914	936
914	938
914	955
914	966
914	973
914	992
915	35
915	336
915	355
915	388
915	504
915	518
915	540
915	589
915	596
915	633
915	714
915	737
915	740
915	782
915	816
915	824
915	847
915	858
915	868
915	869
915	880
915	887
915	891
915	894
915	913
915	951
916	68
916	84
916	117
916	301
916	478
916	501
916	600
916	650
916	703
916	742
916	756
916	814
916	839
916	854
916	856
916	877
916	902
916	910
916	912
916	935
916	939
916	946
916	948
916	949
916	954
916	983
917	666
917	671
917	774
917	785
917	840
917	843
917	865
917	892
917	895
917	924
917	934
917	943
917	944
917	968
917	970
917	972
917	982
918	266
918	682
918	825
918	828
918	903
918	911
918	919
918	920
918	927
918	930
918	940
918	941
918	943
918	945
918	960
918	979
918	982
918	983
918	989
919	511
919	541
919	773
919	801
919	825
919	828
919	903
919	911
919	918
919	920
919	927
919	930
919	940
919	941
919	945
919	960
919	979
919	982
919	983
919	989
920	340
920	449
920	750
920	801
920	825
920	828
920	869
920	903
920	911
920	918
920	919
920	927
920	930
920	940
920	941
920	945
920	960
920	979
920	982
920	983
920	989
921	6
921	60
921	69
921	95
921	132
921	309
921	436
921	541
921	566
921	570
921	597
921	605
921	613
921	623
921	646
921	652
921	730
921	773
921	818
921	845
921	870
921	881
921	896
921	926
921	956
921	966
921	976
922	607
922	807
922	810
922	812
922	827
922	833
922	849
922	864
922	875
922	885
922	942
922	947
922	957
922	958
922	965
922	975
922	977
922	981
922	987
922	995
922	996
922	999
923	63
923	122
923	161
923	165
923	226
923	321
923	351
923	366
923	441
923	495
923	502
923	542
923	573
923	575
923	577
923	579
923	601
923	645
923	711
923	729
923	779
923	803
923	850
923	866
923	876
923	909
923	946
924	102
924	214
924	270
924	434
924	574
924	582
924	648
924	666
924	671
924	785
924	840
924	843
924	865
924	892
924	895
924	905
924	917
924	934
924	943
924	944
924	968
924	970
924	972
925	202
925	601
925	771
925	781
925	791
925	804
925	822
925	823
925	834
925	866
925	874
925	898
925	905
925	933
925	949
925	964
925	969
925	985
925	986
925	990
925	991
925	994
925	997
925	998
925	1000
926	3
926	239
926	309
926	436
926	480
926	541
926	556
926	566
926	570
926	597
926	605
926	613
926	646
926	652
926	680
926	730
926	773
926	818
926	830
926	870
926	881
926	904
926	921
926	950
926	956
926	966
926	976
926	984
927	258
927	412
927	665
927	734
927	750
927	801
927	825
927	828
927	903
927	911
927	918
927	919
927	920
927	930
927	940
927	941
927	945
927	960
927	979
927	982
927	983
927	989
927	999
928	105
928	135
928	183
928	240
928	247
928	256
928	289
928	300
928	302
928	322
928	347
928	373
928	492
928	498
928	530
928	564
928	608
928	612
928	743
928	746
928	796
928	863
928	871
928	878
928	893
928	897
928	929
928	965
929	21
929	169
929	183
929	240
929	247
929	256
929	262
929	300
929	302
929	322
929	347
929	373
929	492
929	498
929	530
929	564
929	583
929	608
929	743
929	746
929	796
929	801
929	863
929	871
929	893
929	897
929	928
929	956
930	419
930	552
930	569
930	637
930	665
930	686
930	688
930	695
930	734
930	750
930	801
930	825
930	828
930	903
930	911
930	918
930	919
930	920
930	927
930	940
930	941
930	945
930	960
930	979
930	982
930	983
930	988
930	989
931	245
931	326
931	357
931	380
931	384
931	415
931	431
931	516
931	540
931	670
931	696
931	705
931	774
931	778
931	802
931	806
931	809
931	868
931	888
931	904
931	906
931	914
931	938
931	955
931	958
931	973
931	979
931	992
932	99
932	111
932	149
932	150
932	151
932	167
932	349
932	350
932	445
932	494
932	524
932	531
932	591
932	606
932	607
932	683
932	763
932	772
932	786
932	805
932	809
932	829
932	842
932	860
932	879
932	880
932	907
932	937
933	739
933	771
933	781
933	791
933	804
933	822
933	823
933	834
933	866
933	874
933	890
933	898
933	905
933	925
933	964
933	969
933	980
933	985
933	986
933	990
933	991
933	994
933	997
933	998
933	1000
934	44
934	244
934	369
934	382
934	404
934	434
934	477
934	489
934	499
934	574
934	582
934	666
934	671
934	747
934	785
934	795
934	840
934	843
934	865
934	892
934	895
934	913
934	917
934	924
934	943
934	944
934	968
934	970
934	972
935	68
935	134
935	181
935	223
935	478
935	493
935	545
935	600
935	650
935	678
935	703
935	720
935	742
935	756
935	758
935	759
935	814
935	838
935	839
935	854
935	856
935	902
935	910
935	912
935	916
935	939
935	948
935	949
935	954
936	7
936	229
936	324
936	326
936	380
936	412
936	415
936	432
936	440
936	612
936	670
936	696
936	705
936	774
936	778
936	783
936	802
936	806
936	809
936	853
936	868
936	888
936	904
936	906
936	914
936	938
936	955
936	973
936	992
937	99
937	150
937	167
937	185
937	248
937	349
937	350
937	377
937	445
937	494
937	524
937	531
937	591
937	607
937	683
937	685
937	763
937	772
937	775
937	786
937	800
937	805
937	829
937	842
937	860
937	879
937	880
937	907
937	932
938	7
938	72
938	90
938	231
938	282
938	368
938	384
938	431
938	516
938	612
938	639
938	696
938	705
938	774
938	778
938	802
938	809
938	853
938	868
938	888
938	904
938	906
938	914
938	931
938	936
938	955
938	973
938	986
938	992
939	136
939	223
939	301
939	417
939	545
939	600
939	620
939	650
939	678
939	703
939	720
939	742
939	756
939	759
939	814
939	831
939	839
939	854
939	856
939	877
939	902
939	910
939	912
939	916
939	935
939	948
939	949
939	954
939	968
940	505
940	513
940	580
940	581
940	595
940	665
940	669
940	686
940	688
940	695
940	734
940	750
940	801
940	825
940	828
940	903
940	911
940	918
940	919
940	920
940	927
940	930
940	941
940	945
940	960
940	979
940	982
940	983
940	989
941	512
941	513
941	595
941	637
941	665
941	686
941	688
941	695
941	711
941	734
941	750
941	801
941	825
941	828
941	874
941	899
941	903
941	911
941	918
941	919
941	920
941	927
941	930
941	940
941	945
941	960
941	979
941	982
941	983
941	989
942	655
942	696
942	807
942	810
942	812
942	817
942	827
942	833
942	849
942	864
942	875
942	885
942	922
942	947
942	957
942	958
942	965
942	975
942	977
942	987
942	995
942	996
942	999
943	73
943	102
943	244
943	270
943	294
943	382
943	434
943	477
943	489
943	499
943	574
943	582
943	666
943	671
943	785
943	840
943	843
943	865
943	892
943	895
943	917
943	918
943	924
943	934
943	944
943	956
943	968
943	970
943	972
943	998
944	141
944	181
944	202
944	294
944	369
944	382
944	404
944	434
944	477
944	489
944	499
944	561
944	574
944	582
944	623
944	666
944	671
944	785
944	840
944	843
944	865
944	871
944	892
944	895
944	917
944	924
944	934
944	943
944	968
944	970
944	972
945	170
945	199
945	332
945	457
945	512
945	552
945	595
945	637
945	686
945	688
945	695
945	698
945	734
945	750
945	801
945	825
945	828
945	903
945	911
945	918
945	919
945	920
945	927
945	930
945	940
945	941
945	960
945	979
945	982
945	983
945	989
946	753
946	755
946	768
946	777
946	783
946	813
946	821
946	873
946	889
946	899
946	916
946	923
946	952
946	962
946	967
946	971
946	974
946	978
946	980
946	981
946	984
946	988
946	993
946	997
947	270
947	465
947	657
947	697
947	701
947	807
947	810
947	812
947	827
947	833
947	849
947	864
947	875
947	885
947	922
947	942
947	957
947	958
947	965
947	975
947	977
947	987
947	995
947	996
947	999
948	84
948	117
948	136
948	142
948	493
948	501
948	523
948	545
948	600
948	650
948	678
948	686
948	703
948	720
948	742
948	756
948	759
948	808
948	814
948	839
948	854
948	856
948	877
948	902
948	910
948	912
948	916
948	935
948	939
948	949
948	954
948	970
949	84
949	134
949	136
949	142
949	219
949	301
949	417
949	478
949	493
949	501
949	600
949	636
949	650
949	703
949	742
949	756
949	759
949	814
949	839
949	844
949	854
949	856
949	877
949	902
949	910
949	912
949	916
949	925
949	935
949	939
949	948
949	954
950	6
950	16
950	46
950	69
950	76
950	192
950	257
950	309
950	436
950	500
950	523
950	541
950	548
950	556
950	563
950	570
950	605
950	613
950	623
950	646
950	652
950	680
950	730
950	818
950	830
950	870
950	881
950	886
950	926
950	956
950	966
950	976
951	17
951	35
951	336
951	355
951	388
951	504
951	518
951	540
951	557
951	576
951	589
951	596
951	633
951	675
951	714
951	737
951	740
951	782
951	785
951	816
951	824
951	847
951	852
951	858
951	869
951	872
951	887
951	891
951	894
951	913
951	915
951	978
952	453
952	469
952	706
952	753
952	755
952	768
952	777
952	783
952	813
952	821
952	873
952	889
952	899
952	946
952	962
952	967
952	971
952	974
952	978
952	980
952	981
952	984
952	988
952	993
953	30
953	96
953	152
953	194
953	252
953	280
953	464
953	526
953	538
953	561
953	572
953	627
953	640
953	644
953	654
953	700
953	706
953	733
953	748
953	752
953	789
953	797
953	831
953	848
953	859
953	896
953	900
953	959
953	961
953	963
953	992
953	998
953	1000
954	68
954	117
954	136
954	142
954	223
954	417
954	452
954	478
954	501
954	545
954	561
954	600
954	650
954	678
954	703
954	720
954	742
954	756
954	759
954	814
954	839
954	854
954	856
954	877
954	894
954	902
954	910
954	912
954	916
954	935
954	939
954	948
954	949
954	990
955	93
955	245
955	259
955	368
955	383
955	384
955	412
955	431
955	432
955	516
955	551
955	612
955	639
955	661
955	696
955	705
955	717
955	774
955	778
955	802
955	806
955	809
955	817
955	853
955	868
955	888
955	904
955	906
955	914
955	931
955	936
955	938
955	973
955	992
956	46
956	95
956	132
956	192
956	205
956	239
956	257
956	433
956	436
956	480
956	484
956	500
956	541
956	563
956	566
956	570
956	597
956	605
956	646
956	651
956	652
956	730
956	773
956	818
956	830
956	870
956	881
956	921
956	926
956	929
956	943
956	950
956	966
956	976
957	679
957	697
957	699
957	701
957	807
957	810
957	812
957	827
957	833
957	835
957	848
957	849
957	864
957	875
957	885
957	922
957	942
957	947
957	958
957	960
957	965
957	975
957	977
957	987
957	995
957	996
957	999
958	604
958	616
958	679
958	697
958	701
958	807
958	810
958	812
958	827
958	833
958	849
958	864
958	872
958	875
958	885
958	922
958	931
958	942
958	947
958	957
958	965
958	975
958	977
958	987
958	995
958	996
958	998
958	999
959	30
959	31
959	96
959	152
959	182
959	252
959	280
959	526
959	538
959	561
959	572
959	597
959	627
959	640
959	644
959	654
959	700
959	706
959	723
959	733
959	745
959	748
959	752
959	789
959	797
959	819
959	831
959	841
959	848
959	859
959	896
959	900
959	953
959	961
959	963
959	973
960	199
960	222
960	408
960	419
960	457
960	505
960	512
960	513
960	552
960	637
960	665
960	686
960	688
960	695
960	734
960	750
960	801
960	825
960	828
960	903
960	905
960	908
960	911
960	918
960	919
960	920
960	927
960	930
960	940
960	941
960	945
960	957
960	979
960	982
960	983
960	989
960	999
961	31
961	89
961	152
961	182
961	194
961	252
961	282
961	395
961	464
961	526
961	538
961	561
961	572
961	627
961	640
961	644
961	654
961	700
961	706
961	723
961	733
961	745
961	748
961	752
961	777
961	789
961	797
961	831
961	841
961	848
961	859
961	896
961	900
961	903
961	953
961	959
961	963
962	183
962	243
962	666
962	753
962	755
962	768
962	777
962	783
962	813
962	821
962	827
962	873
962	889
962	899
962	946
962	952
962	967
962	971
962	974
962	978
962	980
962	981
962	984
962	988
962	993
963	15
963	30
963	31
963	89
963	96
963	117
963	152
963	182
963	194
963	252
963	280
963	282
963	497
963	526
963	538
963	561
963	627
963	640
963	644
963	700
963	706
963	723
963	733
963	745
963	748
963	752
963	789
963	797
963	831
963	841
963	848
963	859
963	896
963	900
963	953
963	959
963	961
963	994
964	549
964	716
964	721
964	724
964	739
964	771
964	776
964	781
964	791
964	804
964	808
964	822
964	823
964	834
964	866
964	874
964	898
964	905
964	925
964	933
964	969
964	985
964	986
964	990
964	991
964	994
964	996
964	997
964	998
964	1000
965	107
965	218
965	550
965	565
965	604
965	616
965	679
965	697
965	701
965	807
965	810
965	812
965	827
965	833
965	849
965	864
965	875
965	885
965	922
965	928
965	942
965	947
965	957
965	958
965	975
965	977
965	987
965	995
965	996
965	999
966	4
966	6
966	69
966	76
966	95
966	192
966	205
966	239
966	257
966	309
966	433
966	436
966	480
966	500
966	523
966	556
966	563
966	566
966	570
966	597
966	600
966	605
966	613
966	646
966	652
966	680
966	730
966	732
966	818
966	830
966	857
966	870
966	881
966	914
966	921
966	926
966	950
966	956
966	976
967	24
967	213
967	619
967	629
967	641
967	674
967	715
967	753
967	755
967	768
967	777
967	783
967	813
967	821
967	850
967	873
967	889
967	899
967	946
967	952
967	962
967	971
967	974
967	978
967	980
967	981
967	984
967	988
967	993
968	29
968	44
968	55
968	73
968	75
968	102
968	141
968	170
968	181
968	202
968	244
968	294
968	369
968	382
968	404
968	426
968	477
968	489
968	499
968	574
968	582
968	666
968	671
968	785
968	840
968	843
968	865
968	882
968	892
968	895
968	917
968	924
968	934
968	939
968	943
968	944
968	969
968	970
968	972
969	692
969	716
969	721
969	724
969	739
969	771
969	781
969	791
969	804
969	822
969	823
969	834
969	866
969	872
969	874
969	888
969	898
969	905
969	925
969	933
969	964
969	968
969	985
969	986
969	990
969	991
969	994
969	997
969	998
969	1000
970	29
970	44
970	55
970	73
970	75
970	102
970	141
970	170
970	202
970	244
970	270
970	273
970	294
970	369
970	404
970	434
970	477
970	489
970	499
970	574
970	582
970	666
970	671
970	733
970	785
970	840
970	843
970	865
970	887
970	892
970	895
970	917
970	924
970	934
970	943
970	944
970	948
970	968
970	972
971	157
971	517
971	674
971	715
971	753
971	755
971	768
971	777
971	778
971	783
971	813
971	821
971	865
971	873
971	889
971	899
971	946
971	952
971	962
971	967
971	974
971	978
971	980
971	981
971	984
971	988
971	993
972	29
972	44
972	55
972	73
972	75
972	141
972	170
972	181
972	244
972	270
972	294
972	369
972	382
972	404
972	428
972	434
972	477
972	489
972	499
972	574
972	582
972	624
972	665
972	666
972	671
972	718
972	785
972	840
972	843
972	865
972	892
972	895
972	917
972	924
972	934
972	943
972	944
972	968
972	970
973	7
973	231
973	245
973	324
973	326
973	380
973	383
973	384
973	412
973	415
973	431
973	432
973	516
973	551
973	612
973	639
973	660
973	661
973	670
973	696
973	705
973	774
973	778
973	802
973	806
973	809
973	829
973	853
973	868
973	888
973	904
973	906
973	914
973	931
973	936
973	938
973	955
973	959
973	989
973	992
973	995
974	427
974	437
974	472
974	473
974	503
974	629
974	641
974	647
974	674
974	715
974	753
974	755
974	768
974	777
974	783
974	813
974	821
974	823
974	835
974	873
974	889
974	898
974	899
974	946
974	952
974	962
974	967
974	971
974	978
974	980
974	981
974	984
974	988
974	993
975	372
975	376
975	392
975	413
975	420
975	448
975	514
975	550
975	557
975	565
975	604
975	616
975	679
975	697
975	701
975	807
975	810
975	812
975	827
975	833
975	849
975	864
975	875
975	885
975	894
975	906
975	922
975	942
975	947
975	957
975	958
975	965
975	977
975	987
975	995
975	996
975	999
976	6
976	46
976	69
976	76
976	132
976	188
976	192
976	204
976	205
976	239
976	257
976	309
976	433
976	436
976	480
976	500
976	523
976	541
976	556
976	563
976	566
976	570
976	597
976	605
976	613
976	623
976	646
976	652
976	680
976	715
976	743
976	773
976	818
976	830
976	870
976	881
976	883
976	921
976	926
976	950
976	956
976	966
977	79
977	88
977	317
977	318
977	372
977	376
977	392
977	420
977	448
977	514
977	550
977	565
977	604
977	616
977	679
977	697
977	701
977	807
977	810
977	812
977	827
977	833
977	849
977	851
977	864
977	875
977	885
977	906
977	922
977	942
977	947
977	957
977	958
977	965
977	975
977	987
977	995
977	996
977	999
978	55
978	209
978	210
978	503
978	629
978	641
978	674
978	715
978	753
978	755
978	768
978	777
978	783
978	813
978	821
978	862
978	873
978	889
978	899
978	946
978	951
978	952
978	962
978	967
978	971
978	974
978	980
978	981
978	984
978	988
978	993
979	38
979	100
979	120
979	208
979	246
979	365
979	408
979	419
979	505
979	512
979	513
979	552
979	595
979	637
979	639
979	663
979	665
979	686
979	688
979	695
979	716
979	734
979	750
979	761
979	801
979	825
979	828
979	903
979	911
979	918
979	919
979	920
979	927
979	930
979	931
979	940
979	941
979	945
979	960
979	982
979	983
979	989
980	47
980	60
980	126
980	234
980	263
980	296
980	330
980	335
980	359
980	361
980	427
980	437
980	450
980	451
980	472
980	473
980	503
980	629
980	641
980	674
980	715
980	753
980	755
980	768
980	777
980	783
980	804
980	813
980	821
980	873
980	889
980	899
980	933
980	946
980	952
980	962
980	967
980	971
980	974
980	978
980	981
980	984
980	988
980	993
981	47
981	60
981	74
981	126
981	164
981	234
981	263
981	335
981	361
981	427
981	437
981	450
981	451
981	472
981	473
981	503
981	629
981	641
981	674
981	715
981	744
981	753
981	755
981	768
981	770
981	777
981	783
981	813
981	821
981	870
981	873
981	889
981	899
981	922
981	946
981	952
981	962
981	967
981	971
981	974
981	978
981	980
981	984
981	988
981	993
982	38
982	74
982	120
982	155
982	199
982	208
982	222
982	246
982	365
982	408
982	419
982	457
982	475
982	505
982	512
982	513
982	552
982	595
982	637
982	665
982	686
982	688
982	695
982	734
982	750
982	776
982	801
982	825
982	828
982	903
982	911
982	917
982	918
982	919
982	920
982	927
982	930
982	940
982	941
982	945
982	960
982	979
982	983
982	984
982	989
983	38
983	83
983	100
983	120
983	155
983	208
983	222
983	246
983	320
983	365
983	408
983	419
983	457
983	505
983	512
983	513
983	552
983	595
983	628
983	637
983	665
983	686
983	688
983	695
983	734
983	735
983	750
983	801
983	825
983	828
983	903
983	911
983	916
983	918
983	919
983	920
983	927
983	930
983	940
983	941
983	945
983	960
983	979
983	982
983	989
984	94
984	164
984	296
984	322
984	335
984	361
984	427
984	437
984	440
984	450
984	451
984	472
984	473
984	503
984	629
984	641
984	674
984	715
984	753
984	755
984	768
984	777
984	783
984	813
984	821
984	864
984	873
984	889
984	899
984	926
984	946
984	952
984	962
984	967
984	971
984	974
984	978
984	980
984	981
984	982
984	988
984	993
985	17
985	25
985	171
985	241
985	297
985	306
985	316
985	329
985	429
985	443
985	490
985	496
985	568
985	571
985	592
985	614
985	638
985	643
985	692
985	716
985	721
985	724
985	739
985	771
985	781
985	791
985	804
985	822
985	823
985	834
985	866
985	874
985	891
985	898
985	905
985	925
985	933
985	964
985	969
985	986
985	990
985	991
985	994
985	997
985	998
985	1000
986	5
986	33
986	171
986	206
986	316
986	429
986	439
986	443
986	457
986	496
986	507
986	517
986	548
986	568
986	571
986	614
986	638
986	643
986	692
986	716
986	721
986	724
986	739
986	771
986	781
986	791
986	804
986	822
986	823
986	834
986	866
986	874
986	898
986	905
986	925
986	933
986	938
986	964
986	969
986	985
986	990
986	991
986	994
986	997
986	998
986	1000
987	70
987	125
987	243
987	278
987	311
987	317
987	318
987	330
987	372
987	376
987	392
987	404
987	420
987	448
987	514
987	550
987	565
987	604
987	616
987	649
987	679
987	697
987	701
987	796
987	807
987	810
987	812
987	813
987	827
987	833
987	849
987	864
987	875
987	885
987	922
987	942
987	947
987	957
987	958
987	965
987	975
987	977
987	995
987	996
987	999
988	47
988	74
988	93
988	94
988	126
988	164
988	234
988	263
988	296
988	335
988	361
988	427
988	437
988	450
988	451
988	472
988	473
988	503
988	514
988	602
988	629
988	641
988	674
988	715
988	753
988	755
988	768
988	777
988	783
988	813
988	821
988	873
988	889
988	899
988	930
988	946
988	952
988	962
988	967
988	971
988	974
988	978
988	980
988	981
988	984
988	993
989	38
989	100
989	120
989	155
989	199
989	208
989	222
989	228
989	246
989	365
989	389
989	408
989	419
989	457
989	505
989	512
989	513
989	552
989	595
989	637
989	665
989	686
989	688
989	695
989	734
989	750
989	801
989	825
989	828
989	848
989	903
989	909
989	911
989	918
989	919
989	920
989	927
989	930
989	940
989	941
989	945
989	960
989	973
989	979
989	982
989	983
990	306
990	451
990	507
990	517
990	548
990	568
990	571
990	592
990	614
990	638
990	643
990	681
990	692
990	716
990	721
990	724
990	739
990	771
990	781
990	791
990	804
990	822
990	823
990	834
990	866
990	874
990	898
990	905
990	908
990	925
990	933
990	954
990	964
990	969
990	985
990	986
990	991
990	994
990	995
990	997
990	998
990	1000
991	241
991	258
991	316
991	355
991	429
991	439
991	443
991	496
991	507
991	517
991	548
991	568
991	571
991	592
991	614
991	638
991	643
991	692
991	716
991	721
991	724
991	739
991	771
991	781
991	786
991	791
991	796
991	804
991	822
991	823
991	834
991	866
991	869
991	874
991	898
991	905
991	925
991	933
991	964
991	969
991	985
991	986
991	990
991	994
991	997
991	998
991	1000
992	7
992	72
992	90
992	93
992	231
992	245
992	320
992	324
992	326
992	348
992	357
992	368
992	380
992	383
992	384
992	412
992	415
992	431
992	432
992	494
992	516
992	535
992	551
992	612
992	639
992	661
992	670
992	696
992	705
992	774
992	778
992	802
992	806
992	809
992	815
992	853
992	868
992	888
992	904
992	906
992	914
992	931
992	936
992	938
992	953
992	955
992	973
993	47
993	60
993	74
993	94
993	126
993	133
993	164
993	234
993	263
993	296
993	335
993	361
993	363
993	427
993	437
993	450
993	451
993	472
993	473
993	477
993	503
993	504
993	629
993	641
993	674
993	715
993	753
993	755
993	768
993	777
993	783
993	813
993	821
993	828
993	873
993	889
993	899
993	946
993	952
993	962
993	967
993	971
993	974
993	978
993	980
993	981
993	984
993	988
994	171
994	206
994	241
994	258
994	297
994	306
994	316
994	429
994	439
994	498
994	507
994	548
994	568
994	571
994	592
994	614
994	638
994	643
994	692
994	716
994	721
994	724
994	739
994	764
994	771
994	781
994	791
994	804
994	822
994	823
994	834
994	860
994	861
994	866
994	874
994	898
994	905
994	925
994	933
994	963
994	964
994	969
994	985
994	986
994	990
994	991
994	997
994	998
994	1000
995	39
995	70
995	157
995	178
995	204
995	243
995	278
995	311
995	317
995	318
995	330
995	337
995	372
995	376
995	392
995	420
995	448
995	514
995	550
995	565
995	604
995	616
995	679
995	697
995	701
995	792
995	807
995	810
995	812
995	827
995	833
995	842
995	849
995	864
995	875
995	885
995	922
995	942
995	947
995	957
995	958
995	965
995	973
995	975
995	977
995	987
995	990
995	996
995	999
996	39
996	70
996	157
996	178
996	204
996	243
996	278
996	311
996	317
996	318
996	330
996	372
996	376
996	392
996	420
996	448
996	514
996	550
996	565
996	604
996	616
996	679
996	697
996	701
996	756
996	807
996	810
996	812
996	827
996	833
996	849
996	864
996	875
996	885
996	890
996	893
996	911
996	922
996	942
996	947
996	957
996	958
996	964
996	965
996	975
996	977
996	987
996	995
996	999
997	25
997	171
997	206
997	218
997	241
997	297
997	306
997	429
997	441
997	496
997	507
997	517
997	548
997	571
997	592
997	614
997	638
997	641
997	643
997	692
997	716
997	721
997	724
997	739
997	771
997	781
997	791
997	804
997	822
997	823
997	834
997	866
997	874
997	883
997	898
997	905
997	910
997	925
997	933
997	946
997	964
997	969
997	985
997	986
997	990
997	991
997	994
997	998
997	1000
998	218
998	258
998	297
998	306
998	429
998	439
998	443
998	496
998	507
998	509
998	517
998	548
998	568
998	571
998	592
998	614
998	638
998	643
998	692
998	716
998	721
998	724
998	739
998	771
998	781
998	791
998	804
998	822
998	823
998	834
998	866
998	874
998	884
998	898
998	905
998	925
998	933
998	943
998	953
998	958
998	964
998	969
998	985
998	986
998	990
998	991
998	994
998	997
998	1000
999	39
999	70
999	157
999	178
999	204
999	243
999	278
999	311
999	317
999	318
999	330
999	372
999	376
999	392
999	420
999	448
999	514
999	550
999	565
999	604
999	616
999	637
999	644
999	679
999	697
999	701
999	807
999	810
999	812
999	827
999	833
999	849
999	864
999	875
999	885
999	911
999	922
999	927
999	942
999	947
999	957
999	958
999	960
999	965
999	975
999	977
999	987
999	995
999	996
1000	25
1000	218
1000	241
1000	258
1000	277
1000	316
1000	439
1000	443
1000	496
1000	507
1000	517
1000	548
1000	568
1000	571
1000	592
1000	614
1000	638
1000	643
1000	692
1000	716
1000	721
1000	724
1000	739
1000	771
1000	781
1000	791
1000	793
1000	803
1000	804
1000	822
1000	823
1000	834
1000	866
1000	874
1000	898
1000	905
1000	906
1000	925
1000	933
1000	953
1000	964
1000	969
1000	985
1000	986
1000	990
1000	991
1000	994
1000	997
1000	998
