1	3
1	39
1	121
1	728
2	750
2	910
2	913
2	915
3	1
3	39
3	121
3	809
4	140
4	161
4	172
4	890
5	73
5	463
5	506
5	693
6	326
6	564
6	751
6	769
7	197
7	218
7	588
7	682
8	902
8	990
8	992
8	1000
9	90
9	511
9	683
9	709
10	347
10	679
10	832
10	870
11	107
11	196
11	536
11	945
12	949
12	966
12	967
12	986
13	334
13	617
13	705
13	735
14	517
14	599
14	636
14	827
15	51
15	52
15	250
15	579
16	191
16	235
16	525
16	720
17	862
17	947
17	994
17	997
18	159
18	617
18	678
18	735
19	354
19	878
19	900
19	917
20	613
20	627
20	695
20	739
21	946
21	952
21	962
21	974
22	78
22	454
22	500
22	518
23	43
23	232
23	323
23	338
24	61
24	307
24	758
24	781
25	496
25	874
25	965
25	986
26	512
26	792
26	866
26	871
27	120
27	192
27	199
27	919
28	644
28	696
28	813
28	838
29	97
29	147
29	171
29	896
30	750
30	910
30	913
30	915
31	555
31	626
31	878
31	917
32	707
32	717
32	891
32	899
33	174
33	665
33	862
33	896
34	37
34	463
34	643
34	693
35	959
35	969
35	998
35	999
36	936
36	947
36	977
36	994
37	34
37	643
37	666
37	693
38	800
38	875
38	892
38	902
39	1
39	3
39	121
39	938
40	65
40	136
40	216
40	284
41	827
41	968
41	993
41	995
42	553
42	907
42	911
42	934
43	23
43	232
43	323
43	338
44	481
44	608
44	733
44	749
45	153
45	234
45	242
45	249
46	94
46	733
46	821
46	901
47	187
47	301
47	332
47	409
48	130
48	381
48	572
48	581
49	495
49	965
49	971
49	986
50	990
50	991
50	992
50	1000
51	15
51	52
51	250
51	543
52	15
52	51
52	250
52	801
53	887
53	965
53	966
53	986
54	803
54	808
54	910
54	915
55	435
55	651
55	822
55	859
56	222
56	406
56	408
56	889
57	440
57	697
57	770
57	782
58	776
58	867
58	892
58	902
59	435
59	822
59	851
59	859
60	762
60	822
60	851
60	859
61	24
61	352
61	694
61	781
62	927
62	939
62	953
62	983
63	555
63	708
63	900
63	917
64	983
64	991
64	992
64	1000
65	40
65	136
65	240
65	284
66	513
66	633
66	770
66	837
67	976
67	987
67	996
67	998
68	919
68	962
68	974
68	984
69	943
69	978
69	988
69	989
70	295
70	621
70	660
70	843
71	279
71	669
71	742
71	870
72	538
72	846
72	891
72	899
73	5
73	314
73	643
73	693
74	932
74	951
74	953
74	960
75	651
75	659
75	771
75	851
76	839
76	944
76	979
76	997
77	162
77	211
77	214
77	999
78	22
78	445
78	457
78	500
79	990
79	991
79	992
79	1000
80	558
80	660
80	730
80	843
81	95
81	103
81	151
81	956
82	406
82	892
82	902
82	921
83	487
83	503
83	613
83	746
84	802
84	846
84	891
84	899
85	925
85	985
85	993
85	995
86	785
86	879
86	895
86	897
87	277
87	809
87	910
87	915
88	711
88	742
88	832
88	870
89	539
89	819
89	833
89	879
90	9
90	401
90	448
90	683
91	508
91	798
91	865
91	908
92	182
92	184
92	209
92	952
93	622
93	892
93	902
93	921
94	46
94	733
94	744
94	821
95	81
95	103
95	151
95	806
96	615
96	959
96	996
96	998
97	29
97	147
97	171
97	336
98	636
98	987
98	998
98	999
99	206
99	602
99	796
99	896
100	643
100	666
100	693
100	973
101	519
101	758
101	781
101	867
102	723
102	814
102	907
102	911
103	81
103	95
103	151
103	585
104	381
104	527
104	572
104	581
105	258
105	501
105	866
105	871
106	923
106	939
106	951
106	953
107	11
107	498
107	536
107	682
108	333
108	696
108	851
108	859
109	909
109	929
109	938
109	981
110	289
110	740
110	759
110	978
111	740
111	748
111	759
111	779
112	570
112	733
112	743
112	744
113	493
113	973
113	998
113	999
114	251
114	459
114	839
114	866
115	222
115	406
115	408
115	690
116	439
116	452
116	511
116	847
117	729
117	776
117	896
117	984
118	803
118	809
118	913
118	915
119	819
119	879
119	885
119	895
120	27
120	192
120	199
120	260
121	1
121	3
121	39
121	547
122	440
122	646
122	743
122	837
123	287
123	387
123	479
123	650
124	975
124	985
124	993
124	995
125	586
125	621
125	730
125	843
126	150
126	758
126	781
126	960
127	157
127	297
127	326
127	372
128	462
128	685
128	740
128	748
129	818
129	991
129	992
129	1000
130	48
130	527
130	572
130	581
131	283
131	598
131	843
131	987
132	445
132	454
132	457
132	518
133	854
133	861
133	875
133	884
134	871
134	982
134	994
134	997
135	705
135	814
135	907
135	911
136	40
136	65
136	216
136	284
137	560
137	723
137	907
137	911
138	458
138	473
138	510
138	514
139	193
139	613
139	695
139	739
140	4
140	161
140	172
140	908
141	347
141	372
141	564
141	769
142	543
142	703
142	885
142	908
143	556
143	946
143	974
143	984
144	822
144	851
144	859
144	976
145	824
145	909
145	912
145	954
146	553
146	841
146	907
146	911
147	29
147	97
147	171
147	984
148	930
148	939
148	953
148	1000
149	854
149	861
149	884
149	936
150	126
150	694
150	706
150	758
151	81
151	95
151	103
151	840
152	262
152	577
152	677
152	827
153	45
153	234
153	242
153	249
154	356
154	476
154	720
154	932
155	853
155	882
155	892
155	921
156	686
156	727
156	813
156	838
157	127
157	400
157	751
157	769
158	884
158	968
158	993
158	995
159	18
159	245
159	334
159	752
160	570
160	744
160	749
160	821
161	4
161	140
161	172
161	988
162	77
162	211
162	214
162	350
163	614
163	816
163	907
163	911
164	387
164	404
164	747
164	935
165	975
165	996
165	998
165	999
166	923
166	932
166	951
166	953
167	930
167	939
167	951
167	953
168	833
168	895
168	897
168	904
169	637
169	761
169	861
169	884
170	969
170	987
170	996
170	999
171	29
171	97
171	147
171	434
172	4
172	140
172	161
172	974
173	749
173	929
173	948
173	981
174	33
174	418
174	896
174	913
175	856
175	863
175	878
175	917
176	369
176	980
176	994
176	997
177	512
177	935
177	941
177	974
178	783
178	941
178	946
178	952
179	577
179	677
179	827
179	990
180	634
180	879
180	895
180	897
181	482
181	548
181	917
181	978
182	92
182	184
182	202
182	209
183	799
183	959
183	965
183	986
184	92
184	182
184	209
184	938
185	708
185	808
185	891
185	899
186	856
186	863
186	917
186	927
187	47
187	291
187	302
187	946
188	210
188	226
188	277
188	515
189	856
189	863
189	900
189	917
190	694
190	706
190	758
190	781
191	16
191	222
191	449
191	720
192	27
192	120
192	199
192	759
193	139
193	517
193	542
193	695
194	240
194	485
194	650
194	989
195	685
195	740
195	759
195	845
196	11
196	218
196	528
196	682
197	7
197	528
197	588
197	682
198	255
198	784
198	862
198	896
199	27
199	120
199	192
199	952
200	955
200	985
200	993
200	995
201	226
201	277
201	478
201	813
202	182
202	990
202	992
202	1000
203	223
203	535
203	657
203	852
204	854
204	861
204	884
204	990
205	596
205	649
205	721
205	852
206	99
206	784
206	862
206	896
207	792
207	839
207	866
207	871
208	819
208	848
208	895
208	897
209	92
209	182
209	184
209	835
210	188
210	226
210	277
210	918
211	77
211	162
211	214
211	856
212	565
212	943
212	978
212	989
213	616
213	990
213	992
213	1000
214	77
214	162
214	211
214	939
215	729
215	776
215	796
215	857
216	40
216	136
216	284
216	946
217	857
217	891
217	899
217	966
218	7
218	196
218	536
218	963
219	968
219	972
219	993
219	995
220	245
220	334
220	501
220	705
221	337
221	566
221	837
221	840
222	56
222	115
222	191
222	408
223	203
223	441
223	535
223	852
224	769
224	774
224	792
224	866
225	698
225	901
225	967
225	986
226	188
226	201
226	210
226	277
227	345
227	464
227	578
227	817
228	714
228	948
228	954
228	981
229	264
229	310
229	692
229	985
230	680
230	830
230	912
230	981
231	630
231	782
231	813
231	838
232	23
232	43
232	323
232	338
233	458
233	473
233	478
233	514
234	45
234	153
234	249
234	288
235	16
235	970
235	979
235	997
236	308
236	413
236	747
236	949
237	946
237	956
237	974
237	984
238	934
238	978
238	988
238	989
239	816
239	930
239	932
239	951
240	65
240	194
240	479
240	650
241	630
241	750
241	782
241	838
242	45
242	153
242	249
242	987
243	365
243	938
243	948
243	954
244	525
244	990
244	992
244	1000
245	159
245	220
245	688
245	710
246	562
246	596
246	640
246	852
247	941
247	956
247	984
247	991
248	465
248	530
248	666
248	752
249	45
249	153
249	234
249	242
250	15
250	51
250	52
250	870
251	114
251	458
251	510
251	514
252	779
252	848
252	879
252	897
253	614
253	841
253	907
253	911
254	811
254	941
254	962
254	984
255	198
255	956
255	962
255	974
256	266
256	363
256	440
256	969
257	687
257	943
257	978
257	988
258	105
258	489
258	839
258	866
259	360
259	562
259	596
259	721
260	120
260	467
260	570
260	821
261	459
261	839
261	866
261	871
262	152
262	430
262	646
262	827
262	913
263	279
263	625
263	687
263	832
263	870
264	229
264	544
264	688
264	697
264	705
265	541
265	641
265	655
265	718
265	983
266	256
266	633
266	741
266	828
266	837
267	888
267	905
267	936
267	988
267	989
268	673
268	832
268	854
268	861
268	884
269	958
269	978
269	985
269	988
269	989
270	973
270	975
270	996
270	998
270	999
271	294
271	337
271	471
271	697
271	779
272	316
272	362
272	389
272	412
272	467
273	920
273	969
273	987
273	996
273	999
274	317
274	400
274	456
274	564
274	769
275	441
275	731
275	811
275	820
275	908
276	498
276	528
276	536
276	588
276	939
277	87
277	188
277	201
277	210
277	226
278	594
278	675
278	830
278	854
278	884
279	71
279	263
279	669
279	711
279	870
280	368
280	644
280	813
280	838
280	940
281	898
281	965
281	966
281	967
281	971
282	433
282	541
282	641
282	655
282	718
283	131
283	558
283	586
283	843
283	915
284	40
284	65
284	136
284	216
284	697
285	831
285	909
285	929
285	938
285	981
286	919
286	965
286	967
286	971
286	986
287	123
287	479
287	485
287	522
287	650
288	234
288	923
288	930
288	939
288	951
289	110
289	685
289	740
289	748
289	759
290	383
290	983
290	991
290	992
290	1000
291	187
291	302
291	357
291	409
291	515
292	905
292	958
292	978
292	988
292	989
293	905
293	936
293	943
293	988
293	989
294	271
294	471
294	743
294	770
294	837
295	70
295	586
295	606
295	843
295	984
296	625
296	762
296	832
296	870
296	962
297	127
297	456
297	564
297	585
297	751
298	883
298	929
298	948
298	954
298	991
299	353
299	940
299	985
299	993
299	995
300	979
300	980
300	982
300	994
300	997
301	47
301	357
301	409
301	515
301	992
302	187
302	291
302	332
302	357
302	409
303	317
303	372
303	585
303	751
303	769
304	538
304	733
304	744
304	749
304	821
305	410
305	521
305	687
305	762
305	870
306	384
306	448
306	511
306	683
306	984
307	24
307	420
307	647
307	694
307	780
308	236
308	576
308	619
308	747
308	831
309	914
309	948
309	954
309	957
309	981
310	229
310	530
310	544
310	608
310	735
311	594
311	675
311	761
311	884
311	986
312	754
312	934
312	943
312	988
312	989
313	444
313	854
313	861
313	863
313	884
314	73
314	322
314	643
314	663
314	666
315	972
315	985
315	993
315	994
315	995
316	272
316	339
316	362
316	467
316	578
317	274
317	303
317	585
317	769
317	825
318	973
318	983
318	990
318	991
318	1000
319	903
319	934
319	958
319	988
319	989
320	760
320	761
320	854
320	861
320	884
321	658
321	816
321	841
321	907
321	911
322	314
322	463
322	506
322	666
322	693
323	23
323	43
323	232
323	338
323	600
324	821
324	976
324	987
324	998
324	999
325	404
325	576
325	619
325	747
325	991
326	6
326	127
326	751
326	769
326	939
327	694
327	706
327	758
327	781
327	789
328	963
328	968
328	985
328	993
328	995
329	774
329	839
329	866
329	871
329	975
330	789
330	849
330	882
330	902
330	921
331	767
331	987
331	996
331	998
331	999
332	47
332	302
332	357
332	515
332	989
333	108
333	728
333	790
333	892
333	921
334	13
334	159
334	220
334	580
334	845
335	345
335	428
335	464
335	578
335	618
336	97
336	648
336	820
336	835
336	908
337	221
337	271
337	513
337	569
337	837
338	23
338	43
338	232
338	323
338	747
339	316
339	362
339	412
339	467
339	773
340	828
340	872
340	914
340	981
340	1000
341	654
341	814
341	841
341	907
341	911
342	359
342	479
342	485
342	522
342	535
343	949
343	966
343	967
343	971
343	986
344	829
344	934
344	936
344	988
344	989
345	227
345	335
345	429
345	464
345	578
346	494
346	681
346	863
346	878
346	900
347	10
347	141
347	679
347	687
347	832
348	941
348	976
348	987
348	996
348	998
349	833
349	848
349	895
349	897
349	993
350	162
350	930
350	932
350	939
350	953
351	426
351	554
351	607
351	656
351	776
352	61
352	519
352	647
352	706
352	997
353	299
353	990
353	991
353	992
353	1000
354	19
354	859
354	863
354	900
354	917
355	724
355	975
355	996
355	998
355	999
356	154
356	449
356	476
356	720
356	936
357	291
357	301
357	302
357	332
357	515
358	583
358	792
358	839
358	866
358	871
359	342
359	485
359	522
359	650
359	860
360	259
360	639
360	657
360	852
360	859
361	482
361	548
361	900
361	917
361	958
362	272
362	316
362	339
362	412
362	467
363	256
363	556
363	633
363	770
363	837
364	688
364	705
364	735
364	752
364	995
365	243
365	957
365	959
365	969
365	999
366	720
366	935
366	956
366	962
366	984
367	627
367	660
367	695
367	739
367	746
368	280
368	686
368	727
368	782
368	783
369	176
369	449
369	476
369	525
369	720
370	377
370	983
370	990
370	991
370	1000
371	492
371	943
371	978
371	988
371	989
372	127
372	141
372	303
372	585
372	769
373	767
373	809
373	910
373	913
373	915
374	856
374	863
374	878
374	900
374	917
375	896
375	923
375	930
375	951
375	953
376	968
376	972
376	985
376	993
376	995
377	370
377	958
377	978
377	988
377	989
378	934
378	936
378	958
378	988
378	989
379	462
379	740
379	748
379	759
379	976
380	936
380	943
380	978
380	988
380	989
381	48
381	104
381	527
381	572
381	581
382	919
382	941
382	952
382	956
382	984
383	290
383	814
383	841
383	907
383	911
384	306
384	452
384	511
384	683
384	934
385	617
385	692
385	735
385	752
385	996
386	630
386	727
386	813
386	830
386	838
387	123
387	164
387	576
387	619
387	747
388	433
388	565
388	641
388	718
388	965
389	272
389	776
389	787
389	796
389	896
390	398
390	530
390	792
390	866
390	871
391	609
391	612
391	696
391	851
391	859
392	565
392	641
392	655
392	718
392	832
393	696
393	820
393	822
393	851
393	859
394	784
394	787
394	862
394	896
394	993
395	983
395	990
395	991
395	992
395	1000
396	834
396	849
396	949
396	966
396	986
397	567
397	626
397	900
397	917
397	957
398	390
398	451
398	459
398	493
398	804
399	901
399	904
399	919
399	967
399	986
400	157
400	274
400	585
400	751
400	769
401	90
401	439
401	511
401	683
401	900
402	765
402	812
402	875
402	900
402	921
403	549
403	965
403	966
403	971
403	986
404	164
404	325
404	619
404	747
404	853
405	928
405	959
405	987
405	996
405	998
406	56
406	82
406	115
406	408
406	540
407	513
407	697
407	741
407	770
407	837
408	56
408	115
408	222
408	406
408	950
409	47
409	291
409	301
409	302
409	515
410	305
410	680
410	711
410	762
410	832
411	608
411	729
411	733
411	749
411	821
412	272
412	339
412	362
412	467
412	593
413	236
413	576
413	619
413	747
413	974
414	943
414	944
414	958
414	978
414	989
415	950
415	980
415	982
415	994
415	997
416	523
416	686
416	782
416	813
416	838
417	905
417	979
417	982
417	994
417	997
418	174
418	665
418	787
418	862
418	876
419	626
419	763
419	856
419	878
419	917
420	307
420	571
420	706
420	758
420	781
421	777
421	938
421	954
421	981
421	999
422	526
422	790
422	892
422	902
422	921
423	970
423	977
423	980
423	994
423	997
424	927
424	932
424	934
424	939
424	951
425	903
425	936
425	978
425	988
425	989
426	351
426	653
426	784
426	862
426	896
427	685
427	740
427	748
427	759
427	827
428	335
428	429
428	464
428	578
428	986
429	345
429	428
429	464
429	578
429	971
430	262
430	495
430	583
430	636
430	827
431	736
431	966
431	967
431	971
431	986
432	530
432	617
432	688
432	692
432	752
433	282
433	388
433	541
433	655
433	718
433	867
434	171
434	964
434	970
434	980
434	994
434	997
435	55
435	59
435	569
435	582
435	822
435	851
436	715
436	901
436	949
436	965
436	971
436	986
437	864
437	883
437	929
437	938
437	948
437	981
438	867
438	875
438	882
438	902
438	921
438	966
439	116
439	401
439	448
439	452
439	511
439	683
440	57
440	122
440	256
440	556
440	743
440	770
441	223
441	275
441	671
441	703
441	835
441	908
442	548
442	599
442	699
442	856
442	900
442	917
443	645
443	657
443	721
443	725
443	751
443	852
444	313
444	637
444	761
444	854
444	861
444	884
445	78
445	132
445	454
445	457
445	518
445	925
446	505
446	737
446	775
446	910
446	913
446	915
447	953
447	975
447	976
447	987
447	996
447	999
448	90
448	306
448	439
448	452
448	510
448	683
449	191
449	356
449	369
449	476
449	525
449	720
450	457
450	950
450	955
450	972
450	993
450	995
451	398
451	493
451	529
451	774
451	839
451	871
452	116
452	384
452	439
452	448
452	635
452	683
453	983
453	990
453	991
453	992
453	998
453	1000
454	22
454	132
454	445
454	457
454	500
454	518
455	875
455	947
455	979
455	980
455	982
455	997
456	274
456	297
456	564
456	652
456	751
456	769
457	78
457	132
457	445
457	450
457	454
457	500
458	138
458	233
458	251
458	478
458	510
458	514
459	114
459	261
459	398
459	824
459	839
459	871
460	854
460	940
460	950
460	985
460	993
460	995
461	707
461	903
461	934
461	936
461	943
461	978
462	128
462	379
462	685
462	740
462	748
462	966
463	5
463	34
463	322
463	506
463	643
463	894
464	227
464	335
464	345
464	428
464	429
464	578
465	248
465	943
465	958
465	978
465	988
465	989
466	589
466	671
466	820
466	865
466	908
466	992
467	260
467	272
467	316
467	339
467	362
467	412
468	575
468	589
468	703
468	811
468	835
468	901
469	767
469	775
469	865
469	910
469	913
469	915
470	961
470	983
470	990
470	991
470	992
470	1000
471	271
471	294
471	633
471	741
471	743
471	871
472	704
472	919
472	949
472	967
472	971
472	986
473	138
473	233
473	478
473	510
473	514
473	800
474	941
474	973
474	976
474	996
474	998
474	999
475	557
475	673
475	761
475	854
475	861
475	884
476	154
476	356
476	369
476	449
476	525
476	720
477	669
477	935
477	952
477	956
477	974
477	984
478	201
478	233
478	458
478	473
478	510
478	514
479	123
479	240
479	287
479	342
479	650
479	903
480	946
480	955
480	956
480	962
480	974
480	984
481	44
481	570
481	744
481	749
481	821
481	955
482	181
482	361
482	828
482	863
482	900
482	917
483	508
483	648
483	820
483	835
483	865
483	893
484	703
484	946
484	952
484	962
484	974
484	984
485	194
485	287
485	342
485	359
485	522
485	650
486	499
486	919
486	949
486	966
486	967
486	986
487	83
487	568
487	695
487	739
487	746
487	947
488	815
488	828
488	948
488	954
488	981
488	997
489	258
489	586
489	774
489	839
489	866
489	871
490	763
490	846
490	857
490	891
490	899
490	998
491	532
491	709
491	830
491	909
491	948
491	981
492	371
492	983
492	990
492	991
492	992
492	1000
493	113
493	398
493	451
493	839
493	866
493	871
494	346
494	811
494	863
494	878
494	900
494	917
495	49
495	430
495	583
495	646
495	677
495	827
496	25
496	614
496	723
496	814
496	907
496	911
497	903
497	961
497	983
497	990
497	991
497	1000
498	107
498	276
498	528
498	588
498	682
498	720
499	486
499	968
499	972
499	985
499	993
499	995
500	22
500	78
500	454
500	457
500	518
500	831
501	105
501	220
501	774
501	792
501	866
501	871
502	689
502	800
502	867
502	882
502	917
502	921
503	83
503	568
503	613
503	695
503	739
503	981
504	930
504	950
504	955
504	972
504	985
504	995
505	446
505	955
505	968
505	985
505	993
505	995
506	5
506	322
506	463
506	666
506	693
506	954
507	796
507	983
507	990
507	991
507	992
507	1000
508	91
508	483
508	570
508	648
508	908
508	929
509	579
509	726
509	783
509	785
509	895
509	897
510	138
510	251
510	448
510	458
510	473
510	478
511	9
511	116
511	306
511	384
511	401
511	439
512	26
512	177
512	774
512	792
512	839
512	871
513	66
513	337
513	407
513	556
513	741
513	743
514	138
514	233
514	251
514	458
514	473
514	478
515	188
515	291
515	301
515	332
515	357
515	409
516	767
516	803
516	910
516	913
516	915
516	958
517	14
517	193
517	636
517	646
517	677
517	827
518	22
518	132
518	445
518	454
518	500
518	968
519	101
519	352
519	647
519	706
519	781
519	843
520	575
520	648
520	801
520	835
520	865
520	908
521	305
521	950
521	955
521	972
521	993
521	995
522	287
522	342
522	359
522	485
522	650
522	675
523	416
523	679
523	686
523	782
523	813
523	838
524	927
524	936
524	958
524	978
524	988
524	989
525	16
525	244
525	369
525	449
525	476
525	720
525	788
526	422
526	923
526	927
526	932
526	939
526	951
526	953
527	104
527	130
527	381
527	572
527	581
527	790
527	872
528	196
528	197
528	276
528	498
528	552
528	588
528	682
529	451
529	919
529	949
529	965
529	966
529	971
529	986
530	248
530	310
530	390
530	432
530	544
530	688
530	692
531	759
531	923
531	930
531	932
531	939
531	951
531	953
532	491
532	889
532	941
532	956
532	962
532	974
532	984
533	826
533	923
533	930
533	932
533	939
533	951
533	953
534	547
534	589
534	811
534	835
534	865
534	884
534	908
535	203
535	223
535	342
535	639
535	640
535	645
535	852
536	11
536	107
536	218
536	276
536	588
536	682
536	864
537	688
537	969
537	973
537	975
537	976
537	996
537	998
538	72
538	304
538	983
538	990
538	991
538	992
538	1000
539	89
539	923
539	930
539	932
539	939
539	951
539	953
540	406
540	610
540	808
540	846
540	857
540	891
540	899
541	265
541	282
541	433
541	565
541	641
541	655
541	980
542	193
542	613
542	627
542	695
542	739
542	746
542	749
543	51
543	142
543	547
543	811
543	820
543	865
543	908
544	264
544	310
544	530
544	692
544	705
544	735
544	971
545	934
545	943
545	958
545	977
545	978
545	988
545	989
546	732
546	834
546	949
546	966
546	967
546	971
546	986
547	121
547	534
547	543
547	661
547	820
547	865
547	908
548	181
548	361
548	442
548	856
548	878
548	917
548	999
549	403
549	691
549	713
549	737
549	910
549	913
549	915
550	642
550	717
550	736
550	802
550	857
550	891
550	899
551	725
551	960
551	964
551	970
551	980
551	994
551	997
552	528
552	919
552	949
552	965
552	966
552	967
552	971
553	42
553	146
553	816
553	841
553	869
553	907
553	911
554	351
554	607
554	776
554	784
554	787
554	896
554	970
555	31
555	63
555	856
555	863
555	878
555	900
555	924
556	143
556	363
556	440
556	513
556	633
556	770
556	888
557	475
557	935
557	941
557	952
557	962
557	974
557	984
558	80
558	283
558	593
558	598
558	660
558	730
558	914
559	807
559	944
559	964
559	980
559	982
559	994
559	997
560	137
560	631
560	814
560	841
560	907
560	911
560	934
561	936
561	943
561	954
561	958
561	978
561	988
561	989
562	246
562	259
562	596
562	657
562	725
562	829
562	852
563	644
563	941
563	946
563	952
563	962
563	974
563	984
564	6
564	141
564	274
564	297
564	456
564	751
564	821
565	212
565	388
565	392
565	541
565	641
565	655
565	718
566	221
566	615
566	697
566	741
566	743
566	837
566	969
567	397
567	638
567	843
567	863
567	878
567	900
567	917
568	487
568	503
568	613
568	627
568	739
568	746
568	982
569	337
569	435
569	609
569	659
569	822
569	851
569	859
570	112
570	160
570	260
570	481
570	508
570	608
570	821
571	420
571	923
571	930
571	932
571	939
571	951
571	953
572	48
572	104
572	130
572	381
572	527
572	581
572	822
573	669
573	679
573	711
573	742
573	832
573	870
573	962
574	903
574	934
574	936
574	944
574	958
574	988
574	989
575	468
575	520
575	655
575	661
575	820
575	865
575	908
576	308
576	325
576	387
576	413
576	619
576	634
576	747
577	152
577	179
577	636
577	646
577	677
577	738
577	827
578	227
578	316
578	335
578	345
578	428
578	429
578	464
579	15
579	509
579	833
579	848
579	879
579	895
579	897
580	334
580	617
580	688
580	705
580	735
580	752
580	839
581	48
581	104
581	130
581	381
581	527
581	572
581	838
582	435
582	614
582	814
582	816
582	841
582	907
582	911
583	358
583	430
583	495
583	636
583	646
583	677
583	827
584	587
584	817
584	914
584	938
584	948
584	954
584	981
585	103
585	297
585	303
585	317
585	372
585	400
585	751
585	878
586	125
586	283
586	295
586	489
586	598
586	621
586	730
586	843
587	584
587	824
587	909
587	912
587	914
587	954
587	981
587	997
588	7
588	197
588	276
588	498
588	528
588	536
588	682
588	977
589	466
589	468
589	534
589	811
589	835
589	865
589	886
589	908
590	757
590	831
590	883
590	889
590	914
590	929
590	954
590	981
591	940
591	955
591	968
591	972
591	983
591	985
591	993
591	995
592	637
592	903
592	936
592	943
592	958
592	978
592	988
592	989
593	412
593	558
593	598
593	606
593	621
593	660
593	730
593	843
594	278
594	311
594	675
594	761
594	854
594	884
594	928
594	937
595	874
595	900
595	919
595	965
595	966
595	967
595	971
595	986
596	205
596	246
596	259
596	562
596	649
596	725
596	852
596	880
597	613
597	676
597	737
597	775
597	809
597	910
597	913
597	915
598	131
598	558
598	586
598	593
598	606
598	674
598	730
598	843
599	14
599	442
599	946
599	952
599	956
599	962
599	974
599	984
600	323
600	881
600	901
600	949
600	965
600	966
600	967
600	971
601	838
601	960
601	970
601	977
601	979
601	980
601	994
601	997
602	99
602	656
602	729
602	777
602	784
602	787
602	862
602	896
603	708
603	763
603	808
603	846
603	857
603	891
603	899
603	989
604	956
604	960
604	964
604	977
604	979
604	982
604	994
604	997
605	940
605	950
605	955
605	972
605	976
605	985
605	993
605	995
606	295
606	593
606	598
606	621
606	660
606	730
606	843
606	935
607	351
607	554
607	729
607	787
607	796
607	862
607	896
607	961
608	44
608	310
608	411
608	570
608	733
608	744
608	749
608	821
609	391
609	569
609	612
609	659
609	822
609	851
609	859
609	990
610	540
610	684
610	763
610	793
610	846
610	891
610	899
610	973
611	841
611	923
611	927
611	930
611	932
611	939
611	951
611	953
612	391
612	609
612	651
612	659
612	805
612	822
612	851
612	859
613	20
613	83
613	139
613	503
613	542
613	568
613	597
613	746
614	163
614	253
614	496
614	582
614	721
614	816
614	907
614	911
615	96
615	566
615	903
615	934
615	958
615	978
615	988
615	989
616	213
616	889
616	935
616	946
616	956
616	962
616	974
616	984
617	13
617	18
617	385
617	432
617	580
617	705
617	894
617	965
618	335
618	903
618	934
618	936
618	958
618	978
618	988
618	989
619	308
619	325
619	387
619	404
619	413
619	576
619	747
619	904
620	947
620	950
620	960
620	964
620	977
620	982
620	994
620	997
621	70
621	125
621	586
621	593
621	606
621	660
621	843
621	961
622	93
622	689
622	786
622	790
622	800
622	875
622	905
622	921
623	730
623	935
623	941
623	946
623	952
623	956
623	974
623	984
624	739
624	957
624	973
624	976
624	987
624	996
624	998
624	999
625	263
625	296
625	679
625	742
625	832
625	868
625	870
625	986
626	31
626	397
626	419
626	699
626	856
626	878
626	900
626	967
627	20
627	367
627	542
627	568
627	695
627	739
627	746
627	972
628	787
628	957
628	973
628	975
628	976
628	996
628	998
628	999
629	923
629	927
629	930
629	932
629	935
629	939
629	951
629	953
630	231
630	241
630	386
630	727
630	782
630	813
630	838
630	914
631	560
631	658
631	723
631	814
631	816
631	841
631	907
631	911
631	999
632	903
632	905
632	921
632	934
632	943
632	958
632	988
632	989
632	999
633	66
633	266
633	363
633	471
633	556
633	741
633	770
633	837
633	870
634	180
634	576
634	783
634	805
634	819
634	848
634	879
634	895
634	897
635	452
635	940
635	950
635	955
635	968
635	972
635	985
635	993
635	995
636	14
636	98
636	430
636	517
636	577
636	583
636	646
636	677
636	827
637	169
637	444
637	592
637	673
637	675
637	761
637	854
637	861
637	884
638	567
638	699
638	730
638	856
638	863
638	878
638	900
638	917
638	976
639	360
639	535
639	645
639	649
639	657
639	721
639	725
639	852
639	944
640	246
640	535
640	645
640	649
640	657
640	693
640	721
640	725
640	852
641	265
641	282
641	388
641	392
641	541
641	565
641	655
641	718
641	918
642	550
642	786
642	789
642	812
642	867
642	875
642	882
642	902
642	921
643	34
643	37
643	73
643	100
643	314
643	463
643	666
643	693
643	855
644	28
644	280
644	563
644	686
644	727
644	782
644	813
644	838
644	903
645	443
645	535
645	639
645	640
645	649
645	721
645	725
645	848
645	852
646	122
646	262
646	495
646	517
646	577
646	583
646	636
646	677
646	827
647	307
647	352
647	519
647	694
647	706
647	758
647	781
647	827
647	872
648	336
648	483
648	508
648	520
648	703
648	811
648	865
648	908
648	918
649	205
649	596
649	639
649	640
649	645
649	725
649	852
649	923
649	961
650	123
650	194
650	240
650	287
650	359
650	479
650	485
650	522
650	821
651	55
651	75
651	612
651	659
651	696
651	822
651	851
651	859
651	901
652	456
652	887
652	919
652	949
652	965
652	966
652	967
652	971
652	986
653	426
653	815
653	831
653	872
653	909
653	938
653	948
653	954
653	981
654	341
654	676
654	691
654	750
654	775
654	910
654	913
654	915
654	992
655	265
655	282
655	392
655	433
655	541
655	565
655	575
655	641
655	718
656	351
656	602
656	776
656	784
656	787
656	796
656	862
656	896
656	917
657	203
657	360
657	443
657	562
657	639
657	640
657	841
657	852
657	968
658	321
658	631
658	662
658	723
658	814
658	816
658	841
658	907
658	911
659	75
659	569
659	609
659	612
659	651
659	696
659	795
659	851
659	859
660	70
660	80
660	367
660	558
660	593
660	606
660	621
660	730
660	843
661	547
661	575
661	671
661	811
661	820
661	835
661	865
661	908
661	955
662	658
662	676
662	691
662	750
662	803
662	809
662	910
662	913
662	915
663	314
663	777
663	828
663	909
663	914
663	929
663	938
663	954
663	981
664	929
664	940
664	945
664	950
664	968
664	972
664	985
664	993
664	995
665	33
665	418
665	729
665	776
665	787
665	796
665	862
665	896
665	993
666	37
666	100
666	248
666	314
666	322
666	506
666	643
666	693
666	856
667	779
667	780
667	805
667	833
667	848
667	879
667	895
667	897
667	949
668	758
668	881
668	887
668	949
668	965
668	966
668	967
668	971
668	986
669	71
669	279
669	477
669	573
669	679
669	687
669	742
669	762
669	870
670	876
670	923
670	927
670	930
670	932
670	939
670	951
670	952
670	953
671	441
671	466
671	661
671	703
671	811
671	835
671	865
671	908
671	981
672	957
672	959
672	969
672	973
672	975
672	977
672	987
672	996
672	999
673	268
673	475
673	637
673	675
673	761
673	854
673	861
673	884
673	977
674	598
674	903
674	905
674	934
674	936
674	943
674	958
674	978
674	988
675	278
675	311
675	522
675	594
675	637
675	673
675	854
675	861
675	884
675	948
676	597
676	654
676	662
676	737
676	750
676	767
676	803
676	910
676	913
676	951
677	152
677	179
677	495
677	517
677	577
677	583
677	636
677	646
677	787
677	827
678	18
678	687
678	964
678	970
678	977
678	979
678	980
678	982
678	994
678	997
679	10
679	347
679	523
679	573
679	625
679	669
679	687
679	762
679	832
679	870
680	230
680	410
680	876
680	923
680	927
680	930
680	932
680	939
680	951
680	953
681	346
681	925
681	937
681	961
681	963
681	983
681	990
681	991
681	992
681	1000
682	7
682	107
682	196
682	197
682	498
682	528
682	536
682	588
682	916
682	926
683	9
683	90
683	306
683	384
683	401
683	439
683	448
683	452
683	804
683	910
684	610
684	717
684	802
684	808
684	846
684	857
684	891
684	895
684	899
684	974
685	128
685	195
685	289
685	427
685	462
685	740
685	748
685	759
685	917
685	982
686	156
686	368
686	416
686	523
686	644
686	727
686	782
686	813
686	838
686	973
687	257
687	263
687	305
687	347
687	669
687	678
687	679
687	711
687	762
687	870
688	245
688	264
688	364
688	432
688	530
688	537
688	580
688	735
688	752
688	891
689	502
689	622
689	765
689	800
689	867
689	882
689	892
689	902
689	921
689	993
690	115
690	767
690	903
690	905
690	934
690	943
690	958
690	978
690	988
690	989
691	549
691	654
691	662
691	767
691	809
691	823
691	910
691	913
691	915
691	959
692	229
692	385
692	432
692	530
692	544
692	705
692	735
692	752
692	893
692	991
693	5
693	34
693	37
693	73
693	100
693	322
693	506
693	640
693	643
693	666
694	61
694	150
694	190
694	307
694	327
694	647
694	706
694	781
694	869
694	947
695	20
695	139
695	193
695	367
695	487
695	503
695	542
695	627
695	739
695	746
696	28
696	108
696	391
696	393
696	651
696	659
696	822
696	851
696	859
696	995
697	57
697	264
697	271
697	284
697	407
697	566
697	741
697	743
697	770
697	837
698	225
698	876
698	880
698	923
698	927
698	930
698	932
698	939
698	951
698	953
699	442
699	626
699	638
699	856
699	863
699	878
699	900
699	917
699	949
699	980
700	881
700	925
700	937
700	961
700	963
700	983
700	990
700	991
700	992
700	1000
701	823
701	824
701	912
701	914
701	929
701	938
701	948
701	954
701	972
701	981
702	947
702	960
702	964
702	970
702	971
702	977
702	979
702	982
702	994
702	997
703	142
703	441
703	468
703	484
703	648
703	671
703	811
703	820
703	865
703	908
704	472
704	947
704	960
704	970
704	977
704	979
704	980
704	982
704	994
704	997
705	13
705	135
705	220
705	264
705	364
705	544
705	580
705	617
705	692
705	752
706	150
706	190
706	327
706	352
706	420
706	519
706	647
706	694
706	781
706	880
707	32
707	461
707	893
707	935
707	941
707	946
707	952
707	956
707	974
707	984
708	63
708	185
708	603
708	736
708	802
708	846
708	857
708	891
708	899
708	946
709	9
709	491
709	831
709	872
709	914
709	926
709	938
709	948
709	954
709	981
710	245
710	940
710	945
710	950
710	955
710	968
710	972
710	985
710	993
710	995
711	88
711	279
711	410
711	573
711	687
711	742
711	762
711	832
711	870
711	953
712	714
712	893
712	935
712	941
712	946
712	952
712	962
712	974
712	983
712	984
713	549
713	737
713	775
713	803
713	809
713	910
713	913
713	915
713	928
713	987
714	228
714	712
714	726
714	778
714	883
714	909
714	912
714	914
714	929
714	981
715	436
715	925
715	937
715	961
715	963
715	983
715	990
715	991
715	992
715	1000
716	960
716	964
716	970
716	977
716	979
716	980
716	982
716	989
716	994
716	997
717	32
717	550
717	684
717	763
717	802
717	808
717	846
717	857
717	885
717	899
718	265
718	282
718	388
718	392
718	433
718	565
718	641
718	655
718	798
718	910
719	883
719	893
719	935
719	941
719	946
719	952
719	956
719	962
719	974
719	984
720	16
720	154
720	191
720	356
720	366
720	369
720	449
720	476
720	498
720	525
721	205
721	259
721	443
721	614
721	639
721	640
721	645
721	725
721	852
721	915
722	857
722	928
722	957
722	969
722	973
722	975
722	987
722	996
722	998
722	999
723	102
723	137
723	496
723	631
723	658
723	814
723	816
723	841
723	907
723	911
723	980
724	355
724	947
724	960
724	964
724	970
724	977
724	979
724	980
724	982
724	994
724	997
725	443
725	551
725	562
725	596
725	639
725	640
725	645
725	649
725	721
725	852
725	996
726	509
726	714
726	828
726	883
726	909
726	912
726	929
726	948
726	954
726	968
726	981
727	156
727	368
727	386
727	630
727	644
727	686
727	762
727	782
727	813
727	834
727	838
728	1
728	333
728	765
728	786
728	790
728	812
728	867
728	875
728	892
728	902
728	921
729	117
729	215
729	411
729	602
729	607
729	665
729	776
729	784
729	796
729	862
729	896
730	80
730	125
730	558
730	586
730	593
730	598
730	606
730	623
730	638
730	660
730	843
731	275
731	925
731	931
731	937
731	961
731	963
731	983
731	990
731	991
731	992
731	1000
732	546
732	960
732	964
732	970
732	977
732	979
732	980
732	982
732	991
732	994
732	997
733	44
733	46
733	94
733	112
733	304
733	411
733	608
733	742
733	744
733	749
733	821
734	833
734	912
734	940
734	945
734	950
734	955
734	968
734	972
734	985
734	993
734	995
735	13
735	18
735	310
735	364
735	385
735	544
735	580
735	688
735	692
735	937
735	997
736	431
736	550
736	708
736	763
736	802
736	808
736	846
736	857
736	891
736	899
736	969
737	446
737	549
737	597
737	676
737	713
737	773
737	775
737	809
737	910
737	913
737	915
738	577
738	947
738	960
738	970
738	977
738	979
738	980
738	982
738	994
738	997
738	998
739	20
739	139
739	367
739	487
739	503
739	542
739	568
739	624
739	627
739	695
739	746
740	110
740	111
740	128
740	195
740	289
740	379
740	427
740	462
740	685
740	748
740	759
741	266
741	407
741	471
741	513
741	566
741	633
741	697
741	743
741	770
741	837
741	980
742	71
742	88
742	573
742	625
742	669
742	711
742	733
742	762
742	832
742	866
742	870
743	112
743	122
743	294
743	440
743	471
743	513
743	566
743	697
743	741
743	837
743	997
744	94
744	112
744	160
744	304
744	481
744	608
744	733
744	749
744	821
744	922
744	942
745	803
745	805
745	925
745	937
745	961
745	963
745	983
745	990
745	991
745	992
745	1000
746	83
746	367
746	487
746	542
746	568
746	613
746	627
746	695
746	739
746	945
746	993
747	164
747	236
747	308
747	325
747	338
747	387
747	404
747	413
747	576
747	619
747	996
748	111
748	128
748	289
748	379
748	427
748	462
748	685
748	740
748	759
748	887
748	954
749	44
749	160
749	173
749	304
749	411
749	481
749	542
749	608
749	733
749	744
749	821
750	2
750	30
750	241
750	654
750	662
750	676
750	803
750	850
750	910
750	913
750	915
751	6
751	157
751	297
751	303
751	326
751	400
751	443
751	456
751	564
751	585
751	769
752	159
752	248
752	364
752	385
752	432
752	580
752	688
752	692
752	705
752	790
752	988
753	876
753	880
753	923
753	927
753	930
753	932
753	935
753	939
753	951
753	953
753	970
754	312
754	873
754	889
754	893
754	935
754	941
754	952
754	956
754	962
754	974
754	984
755	874
755	925
755	937
755	950
755	961
755	963
755	983
755	990
755	991
755	992
755	1000
756	834
756	874
756	897
756	901
756	919
756	949
756	965
756	966
756	967
756	971
756	986
757	590
757	830
757	881
757	883
757	912
757	914
757	930
757	938
757	948
757	954
757	981
758	24
758	101
758	126
758	150
758	190
758	327
758	420
758	647
758	668
758	781
758	825
759	110
759	111
759	192
759	195
759	289
759	379
759	427
759	531
759	685
759	740
759	748
760	320
760	898
760	903
760	905
760	907
760	934
760	936
760	943
760	958
760	978
760	988
760	989
761	169
761	311
761	320
761	444
761	475
761	594
761	637
761	673
761	854
761	861
761	884
761	985
762	60
762	296
762	305
762	410
762	669
762	679
762	687
762	711
762	727
762	742
762	832
762	870
763	419
763	490
763	603
763	610
763	717
763	736
763	802
763	808
763	857
763	891
763	899
763	975
764	785
764	802
764	931
764	940
764	945
764	950
764	955
764	968
764	972
764	985
764	993
764	995
765	402
765	689
765	728
765	789
765	806
765	812
765	867
765	875
765	882
765	892
765	902
765	921
766	864
766	957
766	959
766	965
766	969
766	973
766	975
766	976
766	987
766	996
766	998
766	999
767	331
767	373
767	469
767	516
767	676
767	690
767	691
767	803
767	809
767	910
767	913
767	915
768	888
768	922
768	925
768	937
768	961
768	963
768	983
768	990
768	991
768	992
768	998
768	1000
769	6
769	141
769	157
769	224
769	274
769	303
769	317
769	326
769	372
769	400
769	456
769	751
770	57
770	66
770	294
770	363
770	407
770	440
770	556
770	633
770	697
770	741
770	837
770	882
771	75
771	830
771	872
771	881
771	883
771	909
771	912
771	929
771	938
771	948
771	954
771	981
772	807
772	918
772	957
772	959
772	969
772	973
772	975
772	976
772	987
772	996
772	998
772	999
773	339
773	737
773	931
773	940
773	945
773	950
773	955
773	968
773	972
773	985
773	993
773	995
774	224
774	329
774	451
774	489
774	501
774	512
774	792
774	839
774	866
774	871
774	924
774	947
775	446
775	469
775	597
775	654
775	713
775	737
775	803
775	815
775	910
775	913
775	915
775	944
776	58
776	117
776	215
776	351
776	389
776	554
776	656
776	665
776	729
776	784
776	796
776	896
777	421
777	602
777	663
777	830
777	872
777	883
777	912
777	914
777	929
777	948
777	951
777	954
777	981
778	714
778	931
778	933
778	940
778	945
778	950
778	955
778	960
778	968
778	972
778	985
778	993
778	995
779	111
779	252
779	271
779	667
779	783
779	785
779	805
779	819
779	833
779	848
779	879
779	895
779	897
780	307
780	667
780	931
780	933
780	940
780	945
780	950
780	955
780	968
780	972
780	985
780	993
780	995
781	24
781	61
781	101
781	126
781	190
781	327
781	420
781	519
781	647
781	694
781	706
781	758
781	890
782	57
782	231
782	241
782	368
782	416
782	523
782	630
782	644
782	686
782	727
782	813
782	838
782	953
783	178
783	368
783	509
783	634
783	779
783	785
783	805
783	819
783	833
783	848
783	879
783	895
783	897
784	198
784	206
784	394
784	426
784	554
784	602
784	656
784	729
784	776
784	855
784	862
784	896
784	990
785	86
785	509
785	764
785	779
785	783
785	805
785	819
785	833
785	848
785	879
785	895
785	897
785	992
786	622
786	642
786	728
786	789
786	800
786	812
786	867
786	875
786	882
786	892
786	902
786	921
786	978
787	389
787	394
787	418
787	554
787	602
787	607
787	628
787	656
787	665
787	677
787	796
787	862
787	896
788	525
788	797
788	898
788	903
788	905
788	934
788	936
788	943
788	958
788	978
788	988
788	989
788	999
789	327
789	330
789	642
789	765
789	786
789	812
789	867
789	875
789	882
789	887
789	892
789	902
789	921
790	333
790	422
790	527
790	622
790	728
790	752
790	812
790	867
790	875
790	882
790	892
790	902
790	921
791	909
791	944
791	947
791	960
791	964
791	970
791	977
791	979
791	980
791	982
791	984
791	994
791	997
792	26
792	207
792	224
792	358
792	390
792	501
792	512
792	774
792	839
792	842
792	866
792	871
792	959
793	610
793	873
793	889
793	893
793	935
793	941
793	942
793	946
793	952
793	956
793	962
793	974
793	984
794	814
794	918
794	928
794	959
794	969
794	973
794	975
794	976
794	987
794	995
794	996
794	998
794	999
795	659
795	858
795	888
795	922
795	925
795	937
795	961
795	963
795	983
795	990
795	991
795	992
795	1000
796	99
796	215
796	389
796	507
796	607
796	656
796	665
796	729
796	776
796	787
796	862
796	896
796	964
797	788
797	898
797	903
797	905
797	934
797	936
797	943
797	958
797	978
797	980
797	983
797	988
797	989
798	91
798	718
798	876
798	880
798	923
798	927
798	930
798	932
798	939
798	951
798	953
799	183
799	858
799	874
799	881
799	887
799	901
799	938
799	949
799	965
799	966
799	967
799	971
799	986
799	994
800	38
800	473
800	502
800	622
800	689
800	786
800	812
800	867
800	875
800	882
800	892
800	902
800	921
800	976
801	52
801	520
801	858
801	874
801	881
801	887
801	901
801	919
801	949
801	965
801	966
801	967
801	971
801	986
802	84
802	550
802	684
802	708
802	717
802	736
802	763
802	764
802	808
802	846
802	857
802	891
802	899
802	957
803	54
803	118
803	516
803	662
803	676
803	713
803	745
803	750
803	767
803	775
803	810
803	910
803	913
803	915
804	398
804	683
804	858
804	874
804	881
804	887
804	901
804	919
804	949
804	965
804	966
804	967
804	971
804	986
805	612
805	634
805	667
805	745
805	779
805	783
805	785
805	819
805	833
805	848
805	879
805	883
805	895
805	897
806	95
806	765
806	918
806	928
806	957
806	959
806	969
806	973
806	975
806	976
806	987
806	996
806	998
806	999
807	559
807	772
807	864
807	873
807	889
807	893
807	935
807	941
807	946
807	952
807	956
807	962
807	974
807	984
808	54
808	185
808	540
808	603
808	684
808	717
808	736
808	763
808	802
808	846
808	857
808	891
808	899
808	978
809	3
809	87
809	118
809	373
809	597
809	662
809	691
809	713
809	737
809	767
809	910
809	913
809	915
809	951
810	803
810	907
810	916
810	931
810	933
810	940
810	945
810	950
810	955
810	968
810	972
810	985
810	993
810	995
811	254
811	275
811	468
811	494
811	534
811	543
811	589
811	648
811	661
811	671
811	703
811	820
811	835
811	908
811	932
812	402
812	642
812	728
812	765
812	786
812	789
812	790
812	800
812	875
812	882
812	892
812	902
812	921
812	922
812	995
813	28
813	156
813	201
813	231
813	280
813	386
813	416
813	523
813	630
813	644
813	686
813	727
813	782
813	838
813	943
814	102
814	135
814	341
814	383
814	496
814	560
814	582
814	631
814	658
814	723
814	794
814	816
814	841
814	911
814	984
815	488
815	653
815	775
815	831
815	837
815	872
815	883
815	909
815	912
815	914
815	929
815	938
815	948
815	954
815	981
816	163
816	239
816	321
816	553
816	582
816	614
816	631
816	658
816	723
816	814
816	841
816	907
816	911
816	928
816	970
817	227
817	584
817	864
817	873
817	889
817	893
817	935
817	941
817	946
817	952
817	956
817	957
817	962
817	974
817	984
818	129
818	942
818	944
818	947
818	960
818	964
818	970
818	977
818	979
818	980
818	981
818	982
818	984
818	994
818	997
819	89
819	119
819	208
819	634
819	779
819	783
819	785
819	805
819	833
819	848
819	879
819	895
819	897
819	911
819	971
820	275
820	336
820	393
820	466
820	483
820	543
820	547
820	575
820	661
820	703
820	811
820	835
820	865
820	901
820	908
821	46
821	94
821	160
821	260
821	304
821	324
821	411
821	481
821	564
821	570
821	608
821	650
821	733
821	744
821	749
822	55
822	59
822	60
822	144
822	393
822	435
822	569
822	572
822	609
822	612
822	651
822	696
822	851
822	859
822	985
823	691
823	701
823	853
823	885
823	888
823	922
823	925
823	937
823	961
823	963
823	983
823	990
823	991
823	992
823	1000
824	145
824	459
824	587
824	701
824	828
824	831
824	860
824	872
824	912
824	929
824	938
824	948
824	954
824	981
824	987
825	317
825	758
825	916
825	930
825	931
825	933
825	940
825	945
825	950
825	955
825	968
825	972
825	985
825	993
825	995
826	533
826	906
826	918
826	928
826	945
826	957
826	959
826	969
826	973
826	975
826	976
826	987
826	996
826	998
826	999
827	14
827	41
827	152
827	179
827	262
827	427
827	430
827	495
827	517
827	577
827	583
827	636
827	646
827	647
827	677
828	266
828	340
828	482
828	488
828	663
828	726
828	824
828	883
828	909
828	912
828	914
828	938
828	948
828	954
828	981
829	344
829	562
829	926
829	942
829	944
829	947
829	960
829	964
829	970
829	977
829	979
829	980
829	982
829	994
829	997
830	230
830	278
830	386
830	491
830	757
830	771
830	777
830	831
830	872
830	909
830	912
830	914
830	929
830	938
830	948
830	981
831	285
831	308
831	500
831	590
831	653
831	709
831	815
831	824
831	830
831	872
831	911
831	912
831	914
831	929
831	938
831	954
832	10
832	88
832	263
832	268
832	296
832	347
832	392
832	410
832	573
832	625
832	679
832	711
832	742
832	762
832	870
832	945
833	89
833	168
833	349
833	579
833	667
833	734
833	779
833	783
833	785
833	805
833	819
833	848
833	879
833	895
833	897
833	947
834	396
834	546
834	727
834	756
834	858
834	869
834	881
834	887
834	901
834	919
834	949
834	965
834	966
834	967
834	971
834	986
835	209
835	336
835	441
835	468
835	483
835	520
835	534
835	589
835	661
835	671
835	811
835	820
835	865
835	870
835	890
835	908
836	924
836	926
836	942
836	944
836	947
836	960
836	964
836	970
836	977
836	979
836	980
836	981
836	982
836	994
836	996
836	997
837	66
837	122
837	221
837	266
837	294
837	337
837	363
837	407
837	566
837	633
837	697
837	741
837	743
837	770
837	815
837	911
838	28
838	156
838	231
838	241
838	280
838	386
838	416
838	523
838	581
838	601
838	630
838	644
838	686
838	727
838	782
838	813
838	991
839	76
839	114
839	207
839	258
839	261
839	329
839	358
839	451
839	459
839	489
839	493
839	512
839	580
839	774
839	792
839	871
839	908
840	151
840	221
840	864
840	873
840	889
840	893
840	935
840	941
840	946
840	952
840	956
840	962
840	974
840	984
841	146
841	253
841	321
841	341
841	383
841	553
841	560
841	582
841	611
841	631
841	657
841	658
841	723
841	814
841	816
841	907
841	911
842	792
842	844
842	850
842	853
842	885
842	888
842	920
842	922
842	925
842	937
842	961
842	963
842	983
842	990
842	991
842	992
842	1000
843	70
843	80
843	125
843	131
843	283
843	295
843	519
843	567
843	586
843	593
843	598
843	606
843	621
843	660
843	730
843	894
843	969
844	842
844	850
844	853
844	885
844	888
844	895
844	922
844	925
844	933
844	937
844	961
844	963
844	983
844	990
844	991
844	992
844	1000
845	195
845	334
845	849
845	886
845	894
845	906
845	918
845	957
845	959
845	969
845	973
845	975
845	976
845	987
845	996
845	998
845	999
846	72
846	84
846	490
846	540
846	603
846	610
846	684
846	708
846	717
846	736
846	802
846	808
846	857
846	891
846	899
846	931
846	982
847	116
847	858
847	915
847	916
847	920
847	931
847	933
847	940
847	945
847	950
847	955
847	968
847	972
847	985
847	993
847	995
848	208
848	252
848	349
848	579
848	634
848	645
848	667
848	779
848	783
848	785
848	805
848	819
848	833
848	879
848	895
848	897
848	952
848	978
849	330
849	396
849	845
849	877
849	890
849	894
849	906
849	928
849	957
849	959
849	969
849	973
849	975
849	976
849	987
849	996
849	998
849	999
850	750
850	842
850	844
850	853
850	885
850	888
850	922
850	925
850	937
850	961
850	963
850	971
850	983
850	990
850	991
850	992
850	1000
851	59
851	60
851	75
851	108
851	144
851	391
851	393
851	435
851	569
851	609
851	612
851	651
851	659
851	696
851	822
851	859
851	936
851	958
852	203
852	205
852	223
852	246
852	360
852	443
852	535
852	562
852	596
852	639
852	640
852	645
852	649
852	657
852	721
852	725
852	856
852	896
853	155
853	404
853	823
853	842
853	844
853	850
853	885
853	888
853	922
853	925
853	937
853	961
853	963
853	983
853	990
853	991
853	992
853	1000
854	133
854	149
854	204
854	268
854	278
854	313
854	320
854	444
854	460
854	475
854	594
854	637
854	673
854	675
854	761
854	861
854	884
854	1000
855	643
855	784
855	904
855	924
855	926
855	942
855	944
855	947
855	953
855	960
855	964
855	970
855	977
855	979
855	980
855	982
855	994
855	997
856	175
856	186
856	189
856	211
856	374
856	419
856	442
856	548
856	555
856	626
856	638
856	666
856	699
856	852
856	863
856	878
856	900
856	917
857	215
857	217
857	490
857	540
857	550
857	603
857	684
857	708
857	717
857	722
857	736
857	763
857	802
857	808
857	846
857	891
857	899
857	916
858	795
858	799
858	801
858	804
858	834
858	847
858	874
858	881
858	887
858	901
858	919
858	946
858	949
858	965
858	966
858	967
858	971
858	986
859	55
859	59
859	60
859	108
859	144
859	354
859	360
859	391
859	393
859	569
859	609
859	612
859	651
859	659
859	696
859	822
859	851
859	979
860	359
860	824
860	886
860	890
860	894
860	906
860	918
860	928
860	957
860	959
860	969
860	973
860	975
860	976
860	987
860	996
860	998
860	999
861	133
861	149
861	169
861	204
861	268
861	313
861	320
861	444
861	475
861	637
861	673
861	675
861	761
861	854
861	884
861	902
861	914
861	926
862	17
862	33
862	198
862	206
862	394
862	418
862	426
862	602
862	607
862	656
862	665
862	729
862	784
862	787
862	796
862	896
862	959
862	974
863	175
863	186
863	189
863	313
863	346
863	354
863	374
863	482
863	494
863	555
863	567
863	638
863	699
863	856
863	873
863	878
863	900
863	917
863	939
864	437
864	536
864	766
864	807
864	817
864	840
864	873
864	889
864	893
864	935
864	941
864	946
864	952
864	956
864	962
864	974
864	984
865	91
865	466
865	469
865	483
865	520
865	534
865	543
865	547
865	575
865	589
865	648
865	661
865	671
865	703
865	820
865	835
865	891
865	908
865	990
866	26
866	105
866	114
866	207
866	224
866	258
866	261
866	329
866	358
866	390
866	489
866	493
866	501
866	742
866	774
866	792
866	868
866	871
866	877
867	58
867	101
867	433
867	438
867	502
867	642
867	689
867	728
867	765
867	786
867	789
867	790
867	800
867	875
867	882
867	892
867	902
867	921
867	996
868	625
868	866
868	904
868	912
868	924
868	926
868	942
868	944
868	947
868	960
868	964
868	970
868	977
868	979
868	980
868	982
868	994
868	997
869	553
869	694
869	834
869	886
869	890
869	894
869	906
869	918
869	928
869	957
869	959
869	969
869	973
869	975
869	976
869	987
869	996
869	998
869	999
870	10
870	71
870	88
870	250
870	263
870	279
870	296
870	305
870	573
870	625
870	633
870	669
870	679
870	687
870	711
870	742
870	762
870	832
870	835
871	26
871	105
871	134
871	207
871	261
871	329
871	358
871	390
871	451
871	459
871	471
871	489
871	493
871	501
871	512
871	774
871	792
871	839
871	866
872	340
872	527
872	647
872	653
872	709
872	771
872	777
872	815
872	824
872	830
872	831
872	883
872	897
872	909
872	912
872	929
872	938
872	948
872	954
872	981
873	754
873	793
873	807
873	817
873	840
873	863
873	864
873	889
873	891
873	893
873	924
873	935
873	941
873	946
873	952
873	956
873	962
873	974
873	984
874	25
874	595
874	755
874	756
874	799
874	801
874	804
874	858
874	876
874	881
874	887
874	901
874	919
874	949
874	965
874	966
874	967
874	971
874	972
874	986
875	38
875	133
875	402
875	438
875	455
875	622
875	642
875	728
875	765
875	786
875	789
875	790
875	800
875	812
875	867
875	882
875	892
875	902
875	921
875	964
876	418
876	670
876	680
876	698
876	753
876	798
876	874
876	880
876	923
876	927
876	930
876	932
876	939
876	945
876	951
876	953
877	849
877	866
877	886
877	890
877	894
877	906
877	918
877	928
877	933
877	957
877	959
877	967
877	969
877	973
877	975
877	976
877	987
877	996
877	998
877	999
878	19
878	31
878	175
878	346
878	374
878	419
878	494
878	548
878	555
878	567
878	585
878	626
878	638
878	699
878	856
878	863
878	900
878	916
878	917
878	948
879	86
879	89
879	119
879	180
879	252
879	579
879	634
879	667
879	779
879	783
879	785
879	805
879	819
879	833
879	848
879	895
879	897
879	958
879	987
879	998
880	596
880	698
880	706
880	753
880	798
880	876
880	913
880	923
880	927
880	930
880	932
880	939
880	951
880	953
881	600
881	668
881	700
881	757
881	771
881	799
881	801
881	804
881	834
881	858
881	874
881	887
881	901
881	919
881	949
881	965
881	966
881	967
881	971
881	986
882	155
882	330
882	438
882	502
882	642
882	689
882	765
882	770
882	786
882	789
882	790
882	800
882	812
882	867
882	875
882	892
882	902
882	921
882	966
882	988
883	298
883	437
883	590
883	714
883	719
883	726
883	757
883	771
883	777
883	805
883	815
883	828
883	872
883	909
883	912
883	914
883	929
883	938
883	948
883	967
883	981
884	133
884	149
884	158
884	169
884	204
884	268
884	278
884	311
884	313
884	320
884	444
884	475
884	534
884	594
884	637
884	673
884	675
884	761
884	854
884	861
884	993
885	119
885	142
885	717
885	823
885	842
885	844
885	850
885	853
885	888
885	922
885	925
885	937
885	961
885	963
885	983
885	990
885	991
885	992
885	1000
886	589
886	845
886	860
886	869
886	877
886	890
886	906
886	910
886	918
886	928
886	957
886	959
886	963
886	969
886	973
886	975
886	976
886	987
886	996
886	998
886	999
887	53
887	652
887	668
887	748
887	789
887	799
887	801
887	804
887	834
887	858
887	874
887	881
887	901
887	919
887	922
887	949
887	965
887	966
887	967
887	971
887	986
888	267
888	556
888	768
888	795
888	823
888	842
888	844
888	850
888	853
888	885
888	899
888	922
888	925
888	937
888	961
888	963
888	983
888	990
888	991
888	992
888	1000
889	56
889	532
889	590
889	616
889	754
889	793
889	807
889	817
889	840
889	864
889	873
889	893
889	935
889	937
889	941
889	946
889	952
889	956
889	962
889	974
889	984
889	991
890	4
890	781
890	835
890	849
890	860
890	869
890	877
890	886
890	894
890	906
890	918
890	928
890	957
890	959
890	969
890	973
890	975
890	976
890	987
890	996
890	998
890	999
891	32
891	72
891	84
891	185
891	217
891	490
891	540
891	550
891	603
891	610
891	684
891	688
891	708
891	736
891	763
891	802
891	808
891	846
891	857
891	865
891	873
891	899
892	38
892	58
892	82
892	93
892	155
892	333
892	422
892	689
892	728
892	765
892	786
892	789
892	790
892	800
892	812
892	867
892	875
892	882
892	902
892	912
892	921
892	952
892	954
893	483
893	692
893	707
893	712
893	719
893	754
893	793
893	807
893	817
893	840
893	864
893	873
893	889
893	899
893	935
893	941
893	946
893	952
893	956
893	962
893	972
893	974
893	984
894	463
894	617
894	843
894	845
894	849
894	860
894	869
894	877
894	890
894	906
894	917
894	918
894	928
894	957
894	959
894	969
894	973
894	975
894	976
894	987
894	996
894	998
894	999
895	86
895	119
895	168
895	180
895	208
895	349
895	509
895	579
895	634
895	667
895	684
895	779
895	783
895	785
895	805
895	819
895	833
895	844
895	848
895	879
895	897
895	959
895	970
896	29
896	33
896	99
896	117
896	174
896	198
896	206
896	375
896	389
896	394
896	426
896	554
896	602
896	607
896	656
896	665
896	729
896	776
896	784
896	787
896	796
896	852
896	862
897	86
897	168
897	180
897	208
897	252
897	349
897	509
897	579
897	634
897	667
897	756
897	779
897	783
897	785
897	805
897	819
897	833
897	848
897	872
897	879
897	895
897	976
897	987
898	281
898	760
898	788
898	797
898	903
898	905
898	906
898	934
898	936
898	943
898	958
898	960
898	978
898	988
898	989
899	32
899	72
899	84
899	185
899	217
899	490
899	540
899	550
899	603
899	610
899	684
899	708
899	717
899	736
899	763
899	802
899	808
899	846
899	857
899	888
899	891
899	893
899	931
899	965
900	19
900	63
900	189
900	346
900	354
900	361
900	374
900	397
900	401
900	402
900	442
900	482
900	494
900	555
900	567
900	595
900	626
900	638
900	699
900	856
900	863
900	878
900	917
900	977
901	46
901	225
901	399
901	436
901	468
901	600
901	651
901	756
901	799
901	801
901	804
901	820
901	834
901	858
901	874
901	881
901	887
901	919
901	949
901	965
901	966
901	967
901	971
901	986
902	8
902	38
902	58
902	82
902	93
902	330
902	422
902	438
902	642
902	689
902	728
902	765
902	786
902	789
902	790
902	800
902	812
902	861
902	867
902	875
902	882
902	892
902	921
902	995
902	997
903	319
903	425
903	461
903	479
903	497
903	574
903	592
903	615
903	618
903	632
903	644
903	674
903	690
903	760
903	788
903	797
903	898
903	905
903	934
903	936
903	943
903	958
903	978
903	988
903	989
904	168
904	399
904	619
904	855
904	868
904	924
904	926
904	935
904	942
904	944
904	947
904	960
904	964
904	970
904	977
904	979
904	980
904	982
904	994
904	997
905	267
905	292
905	293
905	417
905	622
905	632
905	674
905	690
905	760
905	788
905	797
905	898
905	903
905	933
905	934
905	936
905	941
905	943
905	958
905	978
905	988
905	989
906	826
906	845
906	849
906	860
906	869
906	877
906	886
906	890
906	894
906	898
906	918
906	928
906	957
906	959
906	969
906	973
906	975
906	976
906	978
906	987
906	988
906	992
906	996
906	998
906	999
907	42
907	102
907	135
907	137
907	146
907	163
907	253
907	321
907	341
907	383
907	496
907	553
907	560
907	582
907	614
907	631
907	658
907	723
907	760
907	810
907	816
907	841
907	911
907	920
907	951
908	91
908	140
908	142
908	275
908	336
908	441
908	466
908	508
908	520
908	534
908	543
908	547
908	575
908	589
908	648
908	661
908	671
908	703
908	811
908	820
908	835
908	839
908	865
908	918
908	922
909	109
909	145
909	285
909	491
909	587
909	653
909	663
909	714
909	726
909	771
909	791
909	815
909	828
909	830
909	872
909	883
909	912
909	914
909	919
909	929
909	938
909	947
909	948
909	954
909	963
909	981
910	2
910	30
910	54
910	87
910	373
910	446
910	469
910	516
910	549
910	597
910	654
910	662
910	676
910	683
910	691
910	713
910	718
910	737
910	750
910	767
910	775
910	803
910	809
910	886
910	913
910	915
911	42
911	102
911	135
911	137
911	146
911	163
911	253
911	321
911	341
911	383
911	496
911	553
911	560
911	582
911	614
911	631
911	658
911	723
911	814
911	816
911	819
911	831
911	837
911	841
911	907
911	940
912	145
912	230
912	587
912	701
912	714
912	726
912	734
912	757
912	771
912	777
912	815
912	824
912	828
912	830
912	831
912	868
912	872
912	883
912	892
912	909
912	914
912	929
912	938
912	948
912	954
912	981
913	2
913	30
913	118
913	174
913	262
913	373
913	446
913	469
913	516
913	549
913	597
913	654
913	662
913	676
913	691
913	713
913	737
913	750
913	767
913	775
913	803
913	809
913	880
913	910
913	915
913	988
914	309
914	340
914	558
914	584
914	587
914	590
914	630
914	663
914	701
914	709
914	714
914	757
914	777
914	815
914	828
914	830
914	831
914	861
914	883
914	909
914	912
914	929
914	938
914	948
914	954
914	979
915	2
915	30
915	54
915	87
915	118
915	283
915	373
915	446
915	469
915	516
915	549
915	597
915	654
915	662
915	691
915	713
915	721
915	737
915	750
915	767
915	775
915	803
915	809
915	847
915	910
915	913
915	990
916	682
916	810
916	825
916	847
916	857
916	878
916	920
916	931
916	933
916	940
916	945
916	950
916	955
916	968
916	972
916	982
916	985
916	993
916	995
917	19
917	31
917	63
917	175
917	181
917	186
917	189
917	354
917	361
917	374
917	397
917	419
917	442
917	482
917	494
917	502
917	548
917	567
917	638
917	656
917	685
917	699
917	856
917	863
917	878
917	894
917	900
918	210
918	641
918	648
918	772
918	794
918	806
918	826
918	845
918	860
918	869
918	877
918	886
918	890
918	894
918	906
918	908
918	928
918	957
918	959
918	969
918	973
918	975
918	976
918	987
918	996
918	998
918	999
919	27
919	68
919	286
919	382
919	399
919	472
919	486
919	529
919	552
919	595
919	652
919	756
919	801
919	804
919	834
919	858
919	874
919	881
919	887
919	901
919	909
919	949
919	965
919	966
919	967
919	971
919	986
920	273
920	842
920	847
920	907
920	916
920	931
920	933
920	940
920	945
920	950
920	955
920	968
920	972
920	982
920	985
920	993
920	995
921	82
921	93
921	155
921	330
921	333
921	402
921	422
921	438
921	502
921	622
921	632
921	642
921	689
921	728
921	765
921	786
921	789
921	790
921	800
921	812
921	867
921	875
921	882
921	892
921	902
921	932
921	979
921	988
922	744
922	768
922	795
922	812
922	823
922	842
922	844
922	850
922	853
922	885
922	887
922	888
922	908
922	925
922	937
922	940
922	961
922	963
922	983
922	990
922	991
922	992
922	1000
923	106
923	166
923	288
923	375
923	526
923	531
923	533
923	539
923	571
923	611
923	629
923	649
923	670
923	680
923	698
923	753
923	798
923	876
923	880
923	927
923	930
923	932
923	939
923	951
923	953
923	956
923	971
923	999
924	555
924	774
924	836
924	855
924	868
924	873
924	904
924	926
924	942
924	944
924	947
924	960
924	964
924	970
924	977
924	979
924	980
924	982
924	985
924	994
924	997
925	85
925	445
925	681
925	700
925	715
925	731
925	745
925	755
925	768
925	795
925	823
925	842
925	844
925	850
925	853
925	885
925	888
925	922
925	937
925	943
925	961
925	963
925	983
925	990
925	991
925	992
925	998
925	1000
926	682
926	709
926	829
926	836
926	855
926	861
926	868
926	904
926	924
926	942
926	944
926	947
926	960
926	964
926	970
926	977
926	979
926	980
926	982
926	985
926	994
926	997
927	62
927	186
927	424
927	524
927	526
927	611
927	629
927	670
927	680
927	698
927	753
927	798
927	876
927	880
927	923
927	929
927	930
927	932
927	939
927	940
927	951
927	953
928	405
928	594
928	713
928	722
928	794
928	806
928	816
928	826
928	849
928	860
928	869
928	877
928	886
928	890
928	894
928	906
928	918
928	957
928	959
928	969
928	973
928	975
928	976
928	987
928	992
928	996
928	998
928	999
929	109
929	173
929	285
929	298
929	437
929	508
929	590
929	663
929	664
929	701
929	714
929	726
929	771
929	777
929	815
929	824
929	830
929	831
929	872
929	883
929	909
929	912
929	914
929	927
929	938
929	948
929	954
929	981
929	989
930	148
930	167
930	239
930	288
930	350
930	375
930	504
930	531
930	533
930	539
930	571
930	611
930	629
930	670
930	680
930	698
930	753
930	757
930	798
930	825
930	876
930	880
930	923
930	927
930	932
930	939
930	951
930	953
930	994
931	731
931	764
931	773
931	778
931	780
931	810
931	825
931	846
931	847
931	899
931	916
931	920
931	933
931	940
931	945
931	950
931	955
931	968
931	972
931	985
931	993
931	994
931	995
932	74
932	154
932	166
932	239
932	350
932	424
932	526
932	531
932	533
932	539
932	571
932	611
932	629
932	670
932	680
932	698
932	753
932	798
932	811
932	876
932	880
932	921
932	923
932	927
932	930
932	939
932	951
932	953
932	977
933	778
933	780
933	810
933	825
933	844
933	847
933	877
933	905
933	916
933	920
933	931
933	937
933	940
933	945
933	950
933	955
933	968
933	972
933	979
933	985
933	993
933	995
934	42
934	238
934	312
934	319
934	344
934	378
934	384
934	424
934	461
934	545
934	560
934	574
934	615
934	618
934	632
934	674
934	690
934	760
934	788
934	797
934	898
934	903
934	905
934	936
934	943
934	946
934	958
934	978
934	988
934	989
935	164
935	177
935	366
935	477
935	557
935	606
935	616
935	623
935	629
935	707
935	712
935	719
935	753
935	754
935	793
935	807
935	817
935	840
935	864
935	873
935	889
935	893
935	904
935	941
935	946
935	952
935	956
935	962
935	974
935	984
936	36
936	149
936	267
936	293
936	344
936	356
936	378
936	380
936	425
936	461
936	524
936	561
936	574
936	592
936	618
936	674
936	760
936	788
936	797
936	851
936	898
936	903
936	905
936	934
936	943
936	958
936	978
936	979
936	988
936	989
937	594
937	681
937	700
937	715
937	731
937	735
937	745
937	755
937	768
937	795
937	823
937	842
937	844
937	850
937	853
937	885
937	888
937	889
937	922
937	925
937	933
937	953
937	961
937	963
937	983
937	990
937	991
937	992
937	1000
938	39
938	109
938	184
938	243
938	285
938	421
938	437
938	584
938	653
938	663
938	701
938	709
938	757
938	771
938	799
938	815
938	824
938	828
938	830
938	831
938	872
938	883
938	909
938	912
938	914
938	929
938	948
938	954
938	981
938	986
938	997
939	62
939	106
939	148
939	167
939	214
939	276
939	288
939	326
939	350
939	424
939	526
939	531
939	533
939	539
939	571
939	611
939	629
939	670
939	680
939	698
939	753
939	798
939	863
939	876
939	880
939	923
939	927
939	930
939	932
939	951
939	953
940	280
940	299
940	460
940	591
940	605
940	635
940	664
940	710
940	734
940	764
940	773
940	778
940	780
940	810
940	825
940	847
940	911
940	916
940	920
940	922
940	927
940	931
940	933
940	945
940	950
940	955
940	968
940	972
940	985
940	993
940	995
941	177
941	178
941	247
941	254
941	348
941	382
941	474
941	532
941	557
941	563
941	623
941	707
941	712
941	719
941	754
941	793
941	807
941	817
941	840
941	864
941	873
941	889
941	893
941	905
941	935
941	946
941	952
941	956
941	962
941	974
941	975
941	984
942	744
942	793
942	818
942	829
942	836
942	855
942	868
942	904
942	924
942	926
942	944
942	947
942	960
942	962
942	963
942	964
942	970
942	977
942	979
942	980
942	982
942	986
942	994
942	997
943	69
943	212
943	257
943	293
943	312
943	371
943	380
943	414
943	461
943	465
943	545
943	561
943	592
943	632
943	674
943	690
943	760
943	788
943	797
943	813
943	898
943	903
943	905
943	925
943	934
943	936
943	958
943	977
943	978
943	981
943	988
943	989
944	76
944	414
944	559
944	574
944	639
944	775
944	791
944	818
944	829
944	836
944	855
944	868
944	904
944	924
944	926
944	942
944	947
944	955
944	960
944	964
944	970
944	977
944	979
944	980
944	982
944	994
944	997
945	11
945	664
945	710
945	734
945	746
945	764
945	773
945	778
945	780
945	810
945	825
945	826
945	832
945	847
945	876
945	916
945	920
945	931
945	933
945	940
945	950
945	955
945	968
945	972
945	985
945	993
945	995
946	21
946	143
946	178
946	187
946	216
946	237
946	480
946	484
946	563
946	599
946	616
946	623
946	707
946	708
946	712
946	719
946	793
946	807
946	817
946	840
946	858
946	864
946	873
946	889
946	893
946	934
946	935
946	941
946	952
946	956
946	962
946	974
946	984
947	17
947	36
947	455
947	487
947	620
947	694
947	702
947	704
947	724
947	738
947	774
947	791
947	818
947	829
947	833
947	836
947	855
947	868
947	904
947	909
947	924
947	926
947	942
947	944
947	960
947	964
947	970
947	977
947	979
947	980
947	982
947	994
947	997
948	173
948	228
948	243
948	298
948	309
948	437
948	488
948	491
948	584
948	653
948	675
948	701
948	709
948	726
948	757
948	771
948	777
948	815
948	824
948	828
948	830
948	872
948	878
948	883
948	909
948	912
948	914
948	929
948	938
948	969
948	981
948	986
948	995
949	12
949	236
949	343
949	396
949	436
949	472
949	486
949	529
949	546
949	552
949	600
949	652
949	667
949	668
949	699
949	756
949	799
949	801
949	804
949	834
949	858
949	874
949	881
949	887
949	901
949	919
949	951
949	965
949	966
949	967
949	971
949	986
949	998
950	408
950	415
950	450
950	460
950	504
950	521
950	605
950	620
950	635
950	664
950	710
950	734
950	755
950	764
950	773
950	778
950	780
950	810
950	825
950	847
950	916
950	920
950	931
950	933
950	940
950	945
950	955
950	962
950	968
950	972
950	985
950	993
950	995
951	74
951	106
951	166
951	167
951	239
951	288
951	375
951	424
951	526
951	531
951	533
951	539
951	571
951	611
951	629
951	670
951	676
951	680
951	698
951	753
951	777
951	798
951	809
951	876
951	880
951	907
951	923
951	927
951	930
951	932
951	939
951	949
951	953
952	21
952	92
952	178
952	199
952	382
952	477
952	484
952	557
952	563
952	599
952	623
952	670
952	707
952	712
952	719
952	754
952	793
952	807
952	817
952	840
952	848
952	864
952	873
952	889
952	892
952	893
952	935
952	941
952	946
952	956
952	962
952	974
952	984
953	62
953	74
953	106
953	148
953	166
953	167
953	350
953	375
953	447
953	526
953	531
953	533
953	539
953	571
953	611
953	629
953	670
953	680
953	698
953	711
953	753
953	782
953	798
953	855
953	876
953	880
953	923
953	927
953	930
953	932
953	937
953	939
953	951
954	145
954	228
954	243
954	298
954	309
954	421
954	488
954	506
954	561
954	584
954	587
954	590
954	653
954	663
954	701
954	709
954	726
954	748
954	757
954	771
954	777
954	815
954	824
954	828
954	831
954	872
954	892
954	909
954	912
954	914
954	929
954	938
954	975
954	981
955	200
955	450
955	480
955	481
955	504
955	505
955	521
955	591
955	605
955	635
955	661
955	710
955	734
955	764
955	773
955	778
955	780
955	810
955	825
955	847
955	916
955	920
955	931
955	933
955	940
955	944
955	945
955	950
955	968
955	972
955	982
955	985
955	993
955	995
956	81
956	237
956	247
956	255
956	366
956	382
956	477
956	480
956	532
956	599
956	604
956	616
956	623
956	707
956	719
956	754
956	793
956	807
956	817
956	840
956	864
956	873
956	889
956	893
956	923
956	935
956	941
956	946
956	952
956	961
956	962
956	974
956	984
956	995
957	309
957	365
957	397
957	624
957	628
957	672
957	722
957	766
957	772
957	802
957	806
957	817
957	826
957	845
957	849
957	860
957	869
957	877
957	886
957	890
957	894
957	906
957	918
957	928
957	959
957	963
957	969
957	973
957	975
957	976
957	987
957	996
957	998
957	999
958	269
958	292
958	319
958	361
958	377
958	378
958	414
958	465
958	516
958	524
958	545
958	561
958	574
958	592
958	615
958	618
958	632
958	674
958	690
958	760
958	788
958	797
958	851
958	879
958	898
958	903
958	905
958	934
958	936
958	943
958	978
958	988
958	989
958	992
959	35
959	96
959	183
959	365
959	405
959	672
959	691
959	766
959	772
959	792
959	794
959	806
959	826
959	845
959	849
959	860
959	862
959	869
959	877
959	886
959	890
959	894
959	895
959	906
959	918
959	928
959	957
959	969
959	973
959	975
959	976
959	987
959	996
959	998
959	999
960	74
960	126
960	551
960	601
960	604
960	620
960	702
960	704
960	716
960	724
960	732
960	738
960	778
960	791
960	818
960	829
960	836
960	855
960	868
960	898
960	904
960	924
960	926
960	942
960	944
960	947
960	964
960	970
960	973
960	977
960	979
960	980
960	982
960	994
960	997
961	470
961	497
961	607
961	621
961	649
961	681
961	700
961	715
961	731
961	745
961	755
961	768
961	795
961	823
961	842
961	844
961	850
961	853
961	885
961	888
961	922
961	925
961	937
961	956
961	963
961	983
961	986
961	990
961	991
961	992
961	1000
962	21
962	68
962	254
962	255
962	296
962	366
962	480
962	484
962	532
962	557
962	563
962	573
962	599
962	616
962	712
962	719
962	754
962	793
962	807
962	817
962	840
962	864
962	873
962	889
962	893
962	935
962	941
962	942
962	946
962	950
962	952
962	956
962	974
962	984
962	1000
963	218
963	328
963	681
963	700
963	715
963	731
963	745
963	755
963	768
963	795
963	823
963	842
963	844
963	850
963	853
963	885
963	886
963	888
963	909
963	922
963	925
963	937
963	942
963	957
963	961
963	983
963	990
963	991
963	992
963	1000
964	434
964	551
964	559
964	604
964	620
964	678
964	702
964	716
964	724
964	732
964	791
964	796
964	818
964	829
964	836
964	855
964	868
964	875
964	904
964	924
964	926
964	942
964	944
964	947
964	960
964	965
964	968
964	970
964	972
964	977
964	979
964	980
964	982
964	994
964	997
965	25
965	49
965	53
965	183
965	281
965	286
965	388
965	403
965	436
965	529
965	552
965	595
965	600
965	617
965	652
965	668
965	756
965	766
965	799
965	801
965	804
965	834
965	858
965	874
965	881
965	887
965	899
965	901
965	919
965	949
965	964
965	966
965	967
965	971
965	986
966	12
966	53
966	217
966	281
966	343
966	396
966	403
966	431
966	438
966	462
966	486
966	529
966	546
966	552
966	595
966	600
966	652
966	668
966	756
966	799
966	801
966	804
966	834
966	858
966	874
966	881
966	882
966	887
966	901
966	919
966	949
966	965
966	967
966	971
966	986
966	994
967	12
967	225
967	281
967	286
967	343
967	399
967	431
967	472
967	486
967	546
967	552
967	595
967	600
967	626
967	652
967	668
967	756
967	799
967	801
967	804
967	834
967	858
967	874
967	877
967	881
967	883
967	887
967	901
967	919
967	949
967	965
967	966
967	968
967	971
967	986
967	1000
968	41
968	158
968	219
968	328
968	376
968	499
968	505
968	518
968	591
968	635
968	657
968	664
968	710
968	726
968	734
968	764
968	773
968	778
968	780
968	810
968	825
968	847
968	916
968	920
968	931
968	933
968	940
968	945
968	950
968	955
968	964
968	967
968	972
968	985
968	993
968	995
969	35
969	170
969	256
969	273
969	365
969	537
969	566
969	672
969	722
969	736
969	766
969	772
969	794
969	806
969	826
969	843
969	845
969	849
969	860
969	869
969	877
969	886
969	890
969	894
969	906
969	918
969	928
969	948
969	957
969	959
969	973
969	975
969	976
969	987
969	996
969	998
969	999
970	235
970	423
970	434
970	551
970	554
970	601
970	678
970	702
970	704
970	716
970	724
970	732
970	738
970	753
970	791
970	816
970	818
970	829
970	836
970	855
970	868
970	895
970	904
970	924
970	926
970	942
970	944
970	947
970	960
970	964
970	977
970	979
970	980
970	982
970	988
970	994
970	997
971	49
971	281
971	286
971	343
971	403
971	429
971	431
971	436
971	472
971	529
971	544
971	546
971	552
971	595
971	600
971	652
971	668
971	702
971	756
971	799
971	801
971	804
971	819
971	834
971	850
971	858
971	874
971	881
971	887
971	901
971	919
971	923
971	949
971	965
971	966
971	967
971	986
972	219
972	315
972	376
972	450
972	499
972	504
972	521
972	591
972	605
972	627
972	635
972	664
972	701
972	710
972	734
972	764
972	773
972	778
972	780
972	810
972	825
972	847
972	874
972	893
972	916
972	920
972	931
972	933
972	940
972	945
972	950
972	955
972	964
972	968
972	985
972	989
972	993
972	995
973	100
973	113
973	270
973	318
973	474
973	537
973	610
973	624
973	628
973	672
973	686
973	722
973	766
973	772
973	794
973	806
973	826
973	845
973	849
973	860
973	869
973	877
973	886
973	890
973	894
973	906
973	918
973	928
973	957
973	959
973	960
973	969
973	975
973	976
973	987
973	996
973	998
973	999
974	21
974	68
974	143
974	172
974	177
974	237
974	255
974	413
974	477
974	480
974	484
974	532
974	557
974	563
974	599
974	616
974	623
974	684
974	707
974	712
974	719
974	754
974	793
974	807
974	817
974	840
974	862
974	864
974	873
974	889
974	893
974	935
974	941
974	946
974	952
974	956
974	962
974	979
974	984
975	124
975	165
975	270
975	329
975	355
975	447
975	537
975	628
975	672
975	722
975	763
975	766
975	772
975	794
975	806
975	826
975	845
975	849
975	860
975	869
975	877
975	886
975	890
975	894
975	906
975	918
975	928
975	941
975	954
975	957
975	959
975	969
975	973
975	976
975	980
975	987
975	996
975	998
975	999
976	67
976	144
976	324
976	348
976	379
976	447
976	474
976	537
976	605
976	624
976	628
976	638
976	766
976	772
976	794
976	800
976	806
976	826
976	845
976	849
976	860
976	869
976	877
976	886
976	890
976	894
976	897
976	906
976	918
976	928
976	957
976	959
976	969
976	973
976	975
976	987
976	996
976	998
976	999
977	36
977	423
977	545
977	588
977	601
977	604
977	620
977	672
977	673
977	678
977	702
977	704
977	716
977	724
977	732
977	738
977	791
977	818
977	829
977	836
977	855
977	868
977	900
977	904
977	924
977	926
977	932
977	942
977	943
977	944
977	947
977	960
977	964
977	970
977	979
977	980
977	982
977	994
977	997
978	69
978	110
978	181
978	212
978	238
978	257
978	269
978	292
978	371
978	377
978	380
978	414
978	425
978	461
978	465
978	524
978	545
978	561
978	592
978	615
978	618
978	674
978	690
978	760
978	786
978	788
978	797
978	808
978	848
978	898
978	903
978	905
978	906
978	934
978	936
978	943
978	958
978	988
978	989
979	76
979	235
979	300
979	417
979	455
979	601
979	604
979	678
979	702
979	704
979	716
979	724
979	732
979	738
979	791
979	818
979	829
979	836
979	855
979	859
979	868
979	904
979	914
979	921
979	924
979	926
979	933
979	936
979	942
979	944
979	947
979	960
979	964
979	970
979	974
979	977
979	980
979	982
979	994
979	997
980	176
980	300
980	415
980	423
980	434
980	455
980	541
980	551
980	559
980	601
980	678
980	699
980	704
980	716
980	723
980	724
980	732
980	738
980	741
980	791
980	797
980	818
980	829
980	836
980	855
980	868
980	904
980	924
980	926
980	942
980	944
980	947
980	960
980	964
980	970
980	975
980	977
980	979
980	982
980	994
980	997
981	109
981	173
981	228
981	230
981	285
981	309
981	340
981	421
981	437
981	488
981	491
981	503
981	584
981	587
981	590
981	653
981	663
981	671
981	701
981	709
981	714
981	726
981	757
981	771
981	777
981	815
981	818
981	824
981	828
981	830
981	836
981	872
981	883
981	909
981	912
981	929
981	938
981	943
981	948
981	954
981	994
982	134
982	300
982	415
982	417
982	455
982	559
982	568
982	604
982	620
982	678
982	685
982	702
982	704
982	716
982	724
982	732
982	738
982	791
982	818
982	829
982	836
982	846
982	855
982	868
982	904
982	916
982	920
982	924
982	926
982	942
982	944
982	947
982	955
982	960
982	964
982	970
982	977
982	979
982	980
982	994
982	997
983	62
983	64
983	265
983	290
983	318
983	370
983	395
983	453
983	470
983	492
983	497
983	507
983	538
983	591
983	681
983	700
983	712
983	715
983	731
983	745
983	755
983	768
983	795
983	797
983	823
983	842
983	844
983	850
983	853
983	885
983	888
983	922
983	925
983	937
983	961
983	963
983	985
983	990
983	991
983	992
983	1000
984	68
984	117
984	143
984	147
984	237
984	247
984	254
984	295
984	306
984	366
984	382
984	477
984	480
984	484
984	532
984	557
984	563
984	599
984	616
984	623
984	707
984	712
984	719
984	754
984	791
984	793
984	807
984	814
984	817
984	818
984	840
984	864
984	873
984	889
984	893
984	935
984	941
984	946
984	952
984	956
984	962
984	974
985	85
985	124
985	200
985	229
985	269
985	299
985	315
985	328
985	376
985	460
985	499
985	504
985	505
985	591
985	605
985	635
985	664
985	710
985	734
985	761
985	764
985	773
985	778
985	780
985	810
985	822
985	825
985	847
985	916
985	920
985	924
985	926
985	931
985	933
985	940
985	945
985	950
985	955
985	968
985	972
985	983
985	993
985	995
986	12
986	25
986	49
986	53
986	183
986	225
986	286
986	311
986	343
986	396
986	399
986	403
986	428
986	431
986	436
986	472
986	486
986	529
986	546
986	595
986	625
986	652
986	668
986	756
986	799
986	801
986	804
986	834
986	858
986	874
986	881
986	887
986	901
986	919
986	938
986	942
986	948
986	949
986	961
986	965
986	966
986	967
986	971
987	67
987	98
987	131
987	170
987	242
987	273
987	324
987	331
987	348
987	405
987	447
987	624
987	672
987	713
987	722
987	766
987	772
987	794
987	806
987	824
987	826
987	845
987	849
987	860
987	869
987	877
987	879
987	886
987	890
987	894
987	897
987	906
987	918
987	928
987	957
987	959
987	969
987	973
987	975
987	976
987	996
987	998
987	999
988	69
988	161
988	238
988	257
988	267
988	269
988	292
988	293
988	312
988	319
988	344
988	371
988	377
988	378
988	380
988	425
988	465
988	524
988	545
988	561
988	574
988	592
988	615
988	618
988	632
988	674
988	690
988	752
988	760
988	788
988	797
988	882
988	898
988	903
988	905
988	906
988	913
988	921
988	934
988	936
988	943
988	958
988	970
988	978
988	989
989	69
989	194
989	212
989	238
989	267
989	269
989	292
989	293
989	312
989	319
989	332
989	344
989	371
989	377
989	378
989	380
989	414
989	425
989	465
989	524
989	545
989	561
989	574
989	592
989	603
989	615
989	618
989	632
989	690
989	716
989	760
989	788
989	797
989	898
989	903
989	905
989	929
989	934
989	936
989	943
989	958
989	972
989	978
989	988
989	998
990	8
990	50
990	79
990	179
990	202
990	204
990	213
990	244
990	318
990	353
990	370
990	395
990	453
990	470
990	492
990	497
990	507
990	538
990	609
990	681
990	700
990	715
990	731
990	745
990	755
990	768
990	784
990	795
990	823
990	842
990	844
990	850
990	853
990	865
990	885
990	888
990	915
990	922
990	925
990	937
990	961
990	963
990	983
990	991
990	992
990	1000
991	50
991	64
991	79
991	129
991	247
991	290
991	298
991	318
991	325
991	353
991	370
991	395
991	453
991	470
991	492
991	497
991	507
991	538
991	681
991	692
991	700
991	715
991	731
991	732
991	745
991	755
991	768
991	795
991	823
991	838
991	842
991	844
991	850
991	853
991	885
991	888
991	889
991	922
991	925
991	937
991	961
991	963
991	983
991	990
991	992
991	1000
992	8
992	50
992	64
992	79
992	129
992	202
992	213
992	244
992	290
992	301
992	353
992	395
992	453
992	466
992	470
992	492
992	507
992	538
992	654
992	681
992	700
992	715
992	731
992	745
992	755
992	768
992	785
992	795
992	823
992	842
992	844
992	850
992	853
992	885
992	888
992	906
992	922
992	925
992	928
992	937
992	958
992	961
992	963
992	983
992	990
992	991
992	994
992	1000
993	41
993	85
993	124
993	158
993	200
993	219
993	299
993	315
993	328
993	349
993	376
993	394
993	450
993	460
993	499
993	505
993	521
993	591
993	605
993	635
993	664
993	665
993	689
993	710
993	734
993	746
993	764
993	773
993	778
993	780
993	810
993	825
993	847
993	884
993	916
993	920
993	931
993	933
993	940
993	945
993	950
993	955
993	968
993	972
993	985
993	995
993	996
993	1000
994	17
994	36
994	134
994	176
994	300
994	315
994	415
994	417
994	423
994	434
994	551
994	559
994	601
994	604
994	620
994	678
994	702
994	704
994	716
994	724
994	732
994	738
994	791
994	799
994	818
994	829
994	836
994	855
994	868
994	904
994	924
994	926
994	930
994	931
994	942
994	944
994	947
994	960
994	964
994	966
994	970
994	977
994	979
994	980
994	981
994	982
994	992
994	997
995	41
995	85
995	124
995	158
995	200
995	219
995	299
995	315
995	328
995	364
995	376
995	450
995	460
995	499
995	504
995	505
995	521
995	591
995	605
995	635
995	664
995	696
995	710
995	734
995	764
995	773
995	778
995	780
995	794
995	810
995	812
995	825
995	847
995	902
995	916
995	920
995	931
995	933
995	940
995	945
995	948
995	950
995	955
995	956
995	968
995	972
995	985
995	993
995	999
996	67
996	96
996	165
996	170
996	270
996	273
996	331
996	348
996	355
996	385
996	405
996	447
996	474
996	537
996	624
996	628
996	672
996	722
996	725
996	747
996	766
996	772
996	794
996	806
996	826
996	836
996	845
996	849
996	860
996	867
996	869
996	877
996	886
996	890
996	894
996	906
996	918
996	928
996	957
996	959
996	969
996	973
996	975
996	976
996	987
996	993
996	998
996	999
996	1000
997	17
997	76
997	134
997	176
997	235
997	300
997	352
997	415
997	417
997	423
997	434
997	455
997	488
997	551
997	559
997	587
997	601
997	604
997	620
997	678
997	702
997	704
997	716
997	724
997	732
997	735
997	738
997	743
997	791
997	818
997	829
997	836
997	855
997	868
997	902
997	904
997	924
997	926
997	938
997	942
997	944
997	947
997	960
997	964
997	970
997	977
997	979
997	980
997	982
997	994
998	35
998	67
998	96
998	98
998	113
998	165
998	270
998	324
998	331
998	348
998	355
998	405
998	453
998	474
998	490
998	537
998	624
998	628
998	722
998	738
998	766
998	768
998	772
998	794
998	806
998	826
998	845
998	849
998	860
998	869
998	877
998	879
998	886
998	890
998	894
998	906
998	918
998	925
998	928
998	949
998	957
998	959
998	969
998	973
998	975
998	976
998	987
998	989
998	996
998	999
999	35
999	77
999	98
999	113
999	165
999	170
999	270
999	273
999	324
999	331
999	355
999	365
999	421
999	447
999	474
999	548
999	624
999	628
999	631
999	632
999	672
999	722
999	766
999	772
999	788
999	794
999	806
999	826
999	845
999	849
999	860
999	869
999	877
999	886
999	890
999	894
999	906
999	918
999	923
999	928
999	957
999	959
999	969
999	973
999	975
999	976
999	987
999	995
999	996
999	998
1000	8
1000	50
1000	64
1000	79
1000	129
1000	148
1000	202
1000	213
1000	244
1000	290
1000	318
1000	340
1000	353
1000	370
1000	395
1000	453
1000	470
1000	492
1000	497
1000	507
1000	538
1000	681
1000	700
1000	715
1000	731
1000	745
1000	755
1000	768
1000	795
1000	823
1000	842
1000	844
1000	850
1000	853
1000	854
1000	885
1000	888
1000	922
1000	925
1000	937
1000	961
1000	962
1000	963
1000	967
1000	983
1000	990
1000	991
1000	992
1000	993
1000	996
