1	33
1	44
1	182
1	788
2	76
2	226
2	238
2	261
3	469
3	663
3	753
3	782
4	15
4	50
4	84
4	811
5	27
5	47
5	68
5	859
6	642
6	764
6	878
6	899
7	897
7	938
7	950
7	991
8	771
8	797
8	907
8	925
9	64
9	81
9	123
9	177
10	345
10	948
10	958
10	985
11	55
11	740
11	931
11	967
12	736
12	977
12	996
12	998
13	21
13	26
13	94
13	968
14	859
14	870
14	925
14	929
15	4
15	50
15	84
15	952
16	52
16	80
16	212
16	411
17	382
17	595
17	647
17	675
18	849
18	952
18	965
18	971
19	24
19	606
19	894
19	905
20	443
20	481
20	758
20	961
21	13
21	26
21	94
21	413
22	794
22	887
22	939
22	951
23	393
23	884
23	926
23	953
24	19
24	829
24	862
24	894
25	288
25	386
25	437
25	946
26	13
26	21
26	94
26	625
27	5
27	47
27	68
27	632
28	290
28	677
28	733
28	798
29	264
29	554
29	581
29	672
30	974
30	976
30	979
30	986
31	640
31	710
31	758
31	923
32	955
32	963
32	980
32	993
33	1
33	44
33	182
33	374
34	663
34	922
34	955
34	993
35	634
35	973
35	988
35	990
36	806
36	887
36	939
36	982
37	892
37	937
37	991
37	1000
38	793
38	969
38	973
38	988
39	936
39	952
39	965
39	971
40	262
40	755
40	910
40	924
41	893
41	917
41	944
41	961
42	249
42	640
42	710
42	758
43	296
43	353
43	641
43	658
44	1
44	33
44	182
44	819
45	784
45	828
45	887
45	939
46	710
46	758
46	827
46	942
47	5
47	27
47	68
47	939
48	335
48	428
48	518
48	540
49	367
49	427
49	579
49	595
50	4
50	15
50	84
50	848
51	692
51	946
51	957
51	968
52	16
52	212
52	411
52	871
53	721
53	878
53	910
53	924
54	879
54	893
54	917
54	924
55	11
55	893
55	944
55	961
56	560
56	673
56	691
56	818
57	554
57	610
57	672
57	999
58	891
58	896
58	988
58	990
59	926
59	938
59	953
59	990
60	674
60	749
60	878
60	924
61	720
61	866
61	925
61	929
62	97
62	311
62	375
62	995
63	364
63	644
63	820
63	968
64	9
64	81
64	123
64	847
65	237
65	518
65	540
65	720
66	627
66	691
66	723
66	818
67	744
67	960
67	979
67	986
68	5
68	27
68	47
68	989
69	692
69	909
69	946
69	981
70	702
70	772
70	898
70	996
71	652
71	963
71	980
71	993
72	414
72	778
72	860
72	889
73	697
73	732
73	943
73	998
74	91
74	842
74	878
74	924
75	168
75	307
75	491
75	992
76	2
76	226
76	238
76	261
77	827
77	867
77	896
77	990
78	923
78	935
78	965
78	971
79	362
79	668
79	760
79	986
80	16
80	212
80	411
80	418
81	9
81	64
81	123
81	177
82	818
82	862
82	894
82	905
83	499
83	697
83	704
83	807
84	4
84	15
84	50
84	779
85	992
85	995
85	997
85	999
86	837
86	880
86	969
86	996
87	823
87	824
87	903
87	919
88	258
88	717
88	776
88	968
89	469
89	561
89	771
89	907
90	489
90	598
90	654
90	735
91	74
91	859
91	870
91	888
92	571
92	877
92	895
92	900
93	817
93	842
93	878
93	924
94	13
94	21
94	26
94	505
95	978
95	981
95	983
95	995
96	335
96	518
96	540
96	682
97	62
97	484
97	520
97	923
98	667
98	789
98	802
98	890
99	522
99	827
99	858
99	896
100	349
100	442
100	654
100	735
101	627
101	691
101	755
101	818
102	222
102	232
102	641
102	980
103	590
103	687
103	806
103	939
104	201
104	391
104	554
104	672
105	309
105	704
105	807
105	932
106	464
106	558
106	988
106	990
107	340
107	349
107	735
107	752
108	740
108	947
108	991
108	1000
109	352
109	704
109	800
109	807
110	280
110	989
110	991
110	1000
111	276
111	964
111	978
111	983
112	427
112	952
112	965
112	971
113	330
113	445
113	462
113	582
114	539
114	545
114	621
114	905
115	326
115	380
115	501
115	523
116	358
116	533
116	599
116	717
117	915
117	975
117	981
117	983
118	747
118	920
118	933
118	948
119	248
119	299
119	598
119	761
120	442
120	482
120	563
120	601
121	852
121	925
121	929
121	984
122	865
122	942
122	988
122	990
123	9
123	64
123	81
123	177
124	536
124	794
124	814
124	939
125	886
125	935
125	965
125	971
126	659
126	688
126	967
126	977
127	886
127	964
127	978
127	983
128	354
128	404
128	668
128	760
129	701
129	789
129	798
129	802
130	531
130	693
130	801
130	899
131	893
131	928
131	944
131	961
132	674
132	763
132	958
132	985
133	173
133	333
133	375
133	520
134	943
134	977
134	996
134	998
135	610
135	916
135	931
135	967
136	740
136	774
136	864
136	898
137	489
137	509
137	654
137	735
138	913
138	937
138	948
138	985
139	219
139	366
139	615
139	952
140	366
140	445
140	649
140	779
141	766
141	840
141	938
141	953
142	232
142	268
142	296
142	641
143	339
143	563
143	570
143	981
144	352
144	704
144	807
144	947
145	310
145	388
145	650
145	896
146	394
146	962
146	975
146	982
147	682
147	749
147	809
147	900
148	518
148	733
148	798
148	802
149	834
149	848
149	925
149	968
150	545
150	816
150	822
150	968
151	845
151	871
151	885
151	946
152	879
152	934
152	954
152	981
153	503
153	642
153	693
153	899
154	543
154	918
154	921
154	977
155	650
155	867
155	876
155	902
156	942
156	973
156	988
156	990
157	275
157	570
157	601
157	622
158	161
158	860
158	872
158	889
159	838
159	871
159	885
159	896
160	680
160	755
160	801
160	899
161	158
161	956
161	979
161	986
162	885
162	911
162	944
162	961
163	992
163	994
163	997
163	999
164	935
164	936
164	952
164	979
165	407
165	763
165	908
165	985
166	667
166	789
166	802
166	893
167	638
167	835
167	877
167	900
168	75
168	384
168	393
168	491
169	441
169	828
169	939
169	973
170	590
170	828
170	887
170	981
171	631
171	728
171	869
171	907
172	582
172	615
172	649
172	769
173	133
173	220
173	333
173	520
174	247
174	392
174	598
174	938
175	660
175	974
175	976
175	979
176	868
176	870
176	892
176	925
177	9
177	81
177	123
177	844
178	792
178	798
178	950
178	1000
179	884
179	938
179	953
179	995
180	397
180	893
180	908
180	961
181	588
181	894
181	900
181	905
182	1
182	33
182	44
182	788
183	382
183	532
183	595
183	675
184	874
184	964
184	978
184	981
185	290
185	733
185	789
185	1000
186	390
186	717
186	723
186	818
187	568
187	762
187	768
187	947
188	606
188	827
188	867
188	876
189	336
189	668
189	760
189	893
190	462
190	595
190	647
190	675
191	879
191	909
191	944
191	961
192	498
192	539
192	621
192	785
193	770
193	830
193	838
193	885
194	339
194	570
194	622
194	754
195	785
195	989
195	991
195	1000
196	812
196	830
196	871
196	885
197	861
197	894
197	917
197	961
198	253
198	467
198	539
198	621
199	943
199	951
199	970
199	998
200	843
200	884
200	938
200	953
201	104
201	252
201	610
201	892
202	602
202	637
202	887
202	939
203	702
203	772
203	898
203	937
204	884
204	938
204	953
204	967
205	207
205	895
205	978
205	983
206	496
206	546
206	564
206	585
207	205
207	662
207	947
207	991
208	303
208	392
208	903
208	919
209	359
209	812
209	819
209	939
210	266
210	384
210	393
210	491
210	887
211	315
211	722
211	861
211	944
211	961
212	16
212	52
212	80
212	411
212	879
213	879
213	893
213	944
213	961
213	979
214	410
214	826
214	933
214	937
214	945
215	921
215	922
215	975
215	980
215	993
216	772
216	816
216	883
216	968
216	980
217	256
217	288
217	437
217	467
217	541
218	687
218	867
218	876
218	896
218	928
219	139
219	445
219	582
219	649
219	951
220	173
220	644
220	835
220	877
220	900
221	296
221	994
221	995
221	997
221	999
222	102
222	296
222	353
222	641
222	901
223	626
223	752
223	765
223	830
223	903
224	510
224	680
224	755
224	899
224	992
225	742
225	779
225	852
225	888
225	929
226	2
226	76
226	238
226	261
226	986
227	792
227	809
227	835
227	877
227	900
228	580
228	879
228	950
228	989
228	1000
229	349
229	992
229	995
229	997
229	999
230	370
230	853
230	881
230	904
230	957
231	652
231	860
231	872
231	889
231	986
232	102
232	142
232	353
232	641
232	972
233	889
233	897
233	947
233	989
233	1000
234	403
234	557
234	728
234	797
234	907
235	283
235	325
235	358
235	448
235	533
236	915
236	954
236	968
236	981
236	983
237	65
237	428
237	518
237	540
237	678
238	2
238	76
238	226
238	261
238	856
239	418
239	593
239	921
239	966
239	998
240	816
240	864
240	883
240	911
240	972
241	963
241	980
241	982
241	993
241	999
242	304
242	992
242	994
242	997
242	999
243	767
243	829
243	862
243	894
243	905
244	320
244	651
244	937
244	958
244	985
245	496
245	517
245	546
245	564
245	817
246	664
246	992
246	995
246	997
246	999
247	174
247	248
247	392
247	487
247	598
248	119
248	247
248	299
248	598
248	841
249	42
249	781
249	897
249	947
249	989
250	584
250	681
250	775
250	903
250	919
251	291
251	994
251	995
251	997
251	999
252	201
252	323
252	370
252	610
252	672
253	198
253	456
253	545
253	621
253	655
254	354
254	932
254	936
254	965
254	971
255	509
255	724
255	753
255	782
255	926
256	217
256	386
256	437
256	467
256	889
257	643
257	960
257	974
257	976
257	986
258	88
258	787
258	822
258	864
258	968
259	851
259	955
259	975
259	980
259	982
260	766
260	888
260	926
260	938
260	953
261	2
261	76
261	226
261	238
261	906
262	40
262	271
262	817
262	910
262	924
263	282
263	404
263	538
263	668
263	760
264	29
264	370
264	581
264	593
264	610
265	639
265	994
265	995
265	997
265	999
266	210
266	307
266	384
266	491
266	667
267	278
267	380
267	501
267	523
267	822
268	142
268	485
268	627
268	723
268	818
269	302
269	526
269	858
269	876
269	896
270	704
270	739
270	800
270	872
270	889
271	262
271	742
271	917
271	944
271	961
272	510
272	693
272	801
272	899
272	904
273	576
273	612
273	636
273	773
273	915
274	723
274	742
274	917
274	944
274	961
275	157
275	396
275	754
275	771
275	907
276	111
276	790
276	927
276	946
276	957
277	740
277	906
277	931
277	957
277	967
278	267
278	326
278	501
278	523
278	975
279	679
279	823
279	906
279	931
279	967
280	110
280	391
280	642
280	755
280	764
281	385
281	817
281	878
281	910
281	947
282	263
282	319
282	380
282	523
282	708
283	235
283	344
283	430
283	448
283	533
284	837
284	880
284	951
284	978
284	998
285	696
285	851
285	881
285	964
285	983
286	370
286	401
286	610
286	672
286	977
287	885
287	895
287	934
287	970
287	981
288	25
288	217
288	386
288	467
288	941
289	663
289	671
289	724
289	753
289	782
290	28
290	185
290	529
290	798
290	802
291	251
291	829
291	862
291	894
291	905
292	438
292	860
292	872
292	889
292	962
293	606
293	705
293	829
293	905
293	922
294	897
294	941
294	989
294	991
294	1000
295	823
295	900
295	906
295	931
295	967
296	43
296	142
296	221
296	222
296	641
297	832
297	880
297	965
297	996
297	998
298	361
298	778
298	870
298	888
298	925
299	119
299	248
299	392
299	598
299	976
300	443
300	481
300	710
300	758
300	853
301	684
301	772
301	848
301	857
301	968
302	269
302	817
302	842
302	910
302	924
303	208
303	669
303	824
303	843
303	919
304	242
304	470
304	604
304	715
304	748
305	770
305	838
305	871
305	885
305	987
306	620
306	992
306	994
306	997
306	999
307	75
307	266
307	393
307	693
307	847
308	754
308	771
308	797
308	907
308	979
309	105
309	457
309	697
309	807
309	926
310	145
310	504
310	665
310	827
310	876
311	62
311	375
311	394
311	484
311	976
312	407
312	892
312	897
312	991
312	1000
313	570
313	794
313	806
313	887
313	939
314	506
314	604
314	748
314	770
314	773
315	211
315	638
315	809
315	877
315	900
316	558
316	831
316	973
316	983
316	988
317	499
317	555
317	704
317	807
317	836
318	775
318	814
318	843
318	903
318	977
319	282
319	326
319	380
319	523
319	962
320	244
320	839
320	926
320	938
320	953
321	838
321	932
321	935
321	965
321	971
322	813
322	904
322	946
322	955
322	957
323	252
323	629
323	663
323	753
323	782
324	915
324	936
324	952
324	965
324	971
325	235
325	358
325	448
325	599
325	726
326	115
326	278
326	319
326	371
326	501
327	775
327	954
327	970
327	978
327	981
328	953
328	992
328	995
328	997
328	999
329	546
329	962
329	980
329	982
329	993
330	113
330	582
330	615
330	649
330	835
331	619
331	653
331	871
331	950
331	1000
332	829
332	862
332	894
332	905
332	970
333	133
333	173
333	337
333	394
333	484
334	442
334	489
334	654
334	735
334	999
335	48
335	96
335	518
335	540
335	568
336	189
336	404
336	412
336	760
336	978
337	333
337	481
337	640
337	710
337	758
338	820
338	994
338	995
338	997
338	999
339	143
339	194
339	601
339	622
339	866
340	107
340	442
340	489
340	649
340	654
341	943
341	958
341	977
341	996
341	998
342	361
342	901
342	921
342	977
342	998
343	628
343	829
343	862
343	894
343	905
344	283
344	358
344	533
344	599
344	725
345	10
345	652
345	778
345	860
345	889
346	385
346	739
346	778
346	860
346	889
347	436
347	915
347	970
347	978
347	983
348	475
348	629
348	724
348	759
348	782
349	100
349	107
349	229
349	442
349	735
350	727
350	745
350	779
350	829
350	868
351	424
351	533
351	690
351	958
351	985
352	109
352	144
352	555
352	697
352	807
352	998
353	43
353	222
353	232
353	498
353	641
353	965
354	128
354	254
354	362
354	668
354	760
354	986
355	457
355	678
355	820
355	834
355	848
355	936
356	618
356	853
356	950
356	989
356	991
356	1000
357	369
357	433
357	947
357	989
357	991
357	1000
358	116
358	235
358	325
358	344
358	599
358	743
359	209
359	874
359	895
359	964
359	970
359	978
360	702
360	865
360	969
360	973
360	988
360	990
361	298
361	342
361	852
361	866
361	925
361	929
362	79
362	354
362	538
362	668
362	760
362	924
363	791
363	992
363	994
363	995
363	997
363	999
364	63
364	459
364	684
364	774
364	789
364	898
365	672
365	914
365	942
365	973
365	990
365	998
366	139
366	140
366	445
366	469
366	582
366	615
367	49
367	797
367	994
367	995
367	997
367	999
368	719
368	759
368	883
368	906
368	916
368	967
369	357
369	688
369	730
369	756
369	931
369	967
370	230
370	252
370	264
370	286
370	581
370	672
371	326
371	935
371	952
371	965
371	966
371	971
372	693
372	755
372	764
372	801
372	899
372	925
373	789
373	839
373	926
373	938
373	953
373	964
374	33
374	655
374	969
374	973
374	988
374	990
375	62
375	133
375	311
375	394
375	520
375	948
376	403
376	751
376	771
376	797
376	855
376	907
377	435
377	821
377	839
377	869
377	926
377	953
378	552
378	801
378	859
378	868
378	870
378	929
379	575
379	891
379	951
379	969
379	988
379	990
380	115
380	267
380	282
380	319
380	501
380	886
381	707
381	746
381	809
381	835
381	877
381	900
382	17
382	183
382	550
382	579
382	675
382	918
383	837
383	881
383	904
383	909
383	927
383	957
384	168
384	210
384	266
384	393
384	491
384	534
385	281
385	346
385	749
385	817
385	842
385	924
386	25
386	256
386	288
386	437
386	460
386	467
387	459
387	480
387	512
387	883
387	898
387	968
388	145
388	955
388	963
388	980
388	982
388	993
389	815
389	880
389	943
389	966
389	977
389	996
390	186
390	510
390	627
390	673
390	723
390	818
391	104
391	280
391	503
391	680
391	801
391	899
392	174
392	208
392	247
392	299
392	459
392	598
393	23
393	168
393	210
393	307
393	384
393	491
394	146
394	311
394	333
394	375
394	484
394	825
395	962
395	963
395	975
395	982
395	985
395	993
396	275
396	751
396	754
396	797
396	907
396	985
397	180
397	861
397	879
397	944
397	961
397	978
398	923
398	932
398	936
398	952
398	971
398	990
399	821
399	870
399	884
399	926
399	938
399	953
400	588
400	701
400	830
400	862
400	905
400	989
401	286
401	554
401	581
401	672
401	918
401	939
402	513
402	705
402	862
402	894
402	905
402	992
403	234
403	376
403	751
403	771
403	827
403	907
404	128
404	263
404	336
404	538
404	760
404	940
405	777
405	810
405	814
405	824
405	843
405	919
406	856
406	904
406	915
406	970
406	978
406	981
407	165
407	312
407	778
407	800
407	860
407	872
408	653
408	962
408	963
408	975
408	982
408	993
409	446
409	962
409	963
409	975
409	980
409	993
410	214
410	922
410	962
410	980
410	982
410	993
411	16
411	52
411	80
411	212
411	483
411	958
412	336
412	538
412	640
412	668
412	760
412	861
413	21
413	734
413	955
413	962
413	982
413	993
414	72
414	670
414	795
414	845
414	871
414	885
415	687
415	827
415	858
415	867
415	880
415	896
416	475
416	590
416	784
416	794
416	819
416	939
417	513
417	588
417	701
417	705
417	787
417	829
418	80
418	239
418	966
418	977
418	996
418	998
419	923
419	932
419	950
419	952
419	965
419	971
420	583
420	850
420	950
420	989
420	991
420	1000
421	901
421	921
421	943
421	951
421	984
421	998
422	680
422	821
422	839
422	926
422	938
422	953
423	689
423	956
423	974
423	976
423	979
423	986
424	351
424	647
424	791
424	933
424	960
424	985
425	482
425	563
425	570
425	601
425	622
425	978
426	738
426	913
426	937
426	945
426	948
426	985
427	49
427	112
427	550
427	579
427	647
427	657
428	48
428	237
428	518
428	540
428	574
428	912
429	644
429	835
429	877
429	900
429	932
429	997
430	283
430	987
430	992
430	994
430	995
430	999
431	652
431	800
431	860
431	872
431	889
431	991
432	857
432	880
432	951
432	977
432	996
432	998
433	357
433	477
433	825
433	897
433	991
433	1000
434	484
434	496
434	517
434	546
434	564
434	585
435	377
435	557
435	918
435	921
435	996
435	998
436	347
436	717
436	848
436	864
436	898
436	988
437	25
437	217
437	256
437	386
437	467
437	899
438	292
438	494
438	778
438	872
438	889
438	955
439	592
439	745
439	858
439	867
439	876
439	896
440	472
440	815
440	897
440	989
440	991
440	1000
441	169
441	812
441	828
441	887
441	939
441	976
442	100
442	120
442	334
442	340
442	349
442	735
443	20
443	300
443	640
443	710
443	758
443	864
444	659
444	728
444	788
444	906
444	916
444	967
445	113
445	140
445	219
445	366
445	615
445	982
446	409
446	891
446	942
446	969
446	973
446	990
447	596
447	612
447	839
447	840
447	926
447	953
448	235
448	283
448	325
448	533
448	599
448	877
449	612
449	636
449	715
449	748
449	773
449	884
450	550
450	832
450	943
450	966
450	996
450	998
451	512
451	696
451	897
451	947
451	950
451	989
452	739
452	800
452	860
452	872
452	889
452	958
453	661
453	808
453	842
453	878
453	910
453	924
454	826
454	843
454	891
454	973
454	988
454	990
455	910
455	956
455	974
455	976
455	979
455	986
456	253
456	498
456	539
456	545
456	621
456	980
457	309
457	355
457	555
457	697
457	704
457	807
458	611
458	712
458	772
458	774
458	776
458	864
459	364
459	387
459	392
459	772
459	883
459	968
460	386
460	665
460	827
460	858
460	876
460	896
461	586
461	707
461	835
461	877
461	900
461	920
462	113
462	190
462	550
462	579
462	595
462	675
463	524
463	728
463	751
463	754
463	797
463	907
464	106
464	520
464	779
464	859
464	866
464	929
465	669
465	963
465	975
465	980
465	982
465	993
466	774
466	861
466	879
466	917
466	944
466	961
467	198
467	217
467	256
467	288
467	386
467	437
468	485
468	719
468	807
468	916
468	931
468	967
469	3
469	89
469	366
469	524
469	631
469	907
470	304
470	636
470	715
470	748
470	773
470	802
471	548
471	949
471	960
471	974
471	976
471	979
471	986
472	440
472	987
472	992
472	994
472	995
472	997
472	999
473	607
473	891
473	955
473	962
473	975
473	980
473	993
474	785
474	792
474	815
474	897
474	950
474	959
474	1000
475	348
475	416
475	509
475	629
475	724
475	753
475	782
476	502
476	538
476	653
476	762
476	781
476	810
476	991
477	433
477	987
477	992
477	994
477	995
477	997
477	999
478	944
478	956
478	960
478	974
478	976
478	979
478	986
479	575
479	854
479	857
479	907
479	973
479	988
479	990
480	387
480	678
480	694
480	816
480	937
480	968
480	981
481	20
481	300
481	337
481	640
481	710
481	758
481	971
482	120
482	425
482	563
482	601
482	622
482	705
482	963
483	411
483	956
483	960
483	974
483	976
483	979
483	986
484	97
484	311
484	333
484	394
484	434
484	520
484	564
485	268
485	468
485	673
485	691
485	723
485	818
485	951
486	794
486	803
486	806
486	819
486	828
486	939
486	993
487	247
487	505
487	669
487	752
487	765
487	919
487	926
488	688
488	740
488	823
488	901
488	906
488	916
488	967
489	90
489	137
489	334
489	340
489	654
489	735
489	927
490	824
490	837
490	850
490	877
490	901
490	977
490	998
491	75
491	168
491	210
491	266
491	384
491	393
491	983
492	497
492	734
492	813
492	881
492	904
492	946
492	957
493	688
493	929
493	956
493	974
493	976
493	979
493	986
494	438
494	577
494	674
494	808
494	817
494	910
494	924
495	582
495	987
495	992
495	994
495	995
495	997
495	999
496	206
496	245
496	434
496	546
496	564
496	585
496	894
497	492
497	646
497	790
497	881
497	927
497	946
497	957
498	192
498	353
498	456
498	539
498	545
498	621
498	806
499	83
499	317
499	555
499	697
499	704
499	807
499	960
500	523
500	549
500	706
500	879
500	917
500	949
500	961
501	115
501	267
501	278
501	326
501	380
501	523
501	993
502	476
502	689
502	762
502	892
502	897
502	957
502	1000
503	153
503	391
503	531
503	764
503	873
503	899
503	930
504	310
504	646
504	793
504	969
504	973
504	988
504	990
505	94
505	487
505	592
505	751
505	824
505	903
505	919
506	314
506	604
506	715
506	748
506	803
506	926
506	953
507	761
507	890
507	908
507	913
507	919
507	948
507	958
508	561
508	659
508	817
508	906
508	916
508	931
508	967
509	137
509	255
509	475
509	663
509	724
509	753
509	782
510	224
510	272
510	390
510	531
510	580
510	801
510	899
511	745
511	749
511	808
511	842
511	878
511	910
511	924
512	387
512	451
512	713
512	781
512	815
512	947
512	1000
513	402
513	417
513	606
513	829
513	862
513	905
513	981
514	837
514	859
514	951
514	964
514	966
514	996
514	998
515	688
515	788
515	823
515	916
515	919
515	931
515	967
516	617
516	667
516	733
516	789
516	798
516	802
516	991
517	245
517	434
517	546
517	564
517	585
517	672
517	882
518	48
518	65
518	96
518	148
518	237
518	335
518	428
519	606
519	906
519	920
519	933
519	945
519	948
519	985
520	97
520	133
520	173
520	375
520	464
520	484
520	528
521	737
521	856
521	913
521	920
521	945
521	965
521	985
522	99
522	725
522	830
522	845
522	854
522	871
522	885
523	115
523	267
523	278
523	282
523	319
523	500
523	501
524	463
524	469
524	751
524	771
524	797
524	907
524	970
525	797
525	983
525	992
525	994
525	995
525	997
525	999
526	269
526	643
526	858
526	867
526	876
526	896
526	961
527	577
527	695
527	786
527	852
527	866
527	925
527	929
528	520
528	561
528	674
528	788
528	916
528	931
528	967
529	290
529	737
529	779
529	859
529	868
529	870
529	888
530	552
530	831
530	859
530	870
530	925
530	929
530	958
531	130
531	503
531	510
531	755
531	764
531	899
531	1000
532	183
532	955
532	963
532	975
532	980
532	982
532	993
533	116
533	235
533	283
533	344
533	351
533	448
533	599
534	384
534	765
534	775
534	814
534	824
534	843
534	903
535	800
535	987
535	992
535	994
535	995
535	997
535	999
536	124
536	609
536	812
536	819
536	828
536	939
536	962
537	607
537	804
537	870
537	881
537	927
537	946
537	957
538	263
538	362
538	404
538	412
538	476
538	760
538	841
539	114
539	192
539	198
539	456
539	498
539	621
539	654
540	48
540	65
540	96
540	237
540	335
540	428
540	617
541	217
541	739
541	778
541	800
541	860
541	872
541	889
542	617
542	667
542	718
542	719
542	733
542	789
542	798
543	154
543	951
543	960
543	974
543	976
543	979
543	986
544	841
544	916
544	934
544	954
544	970
544	978
544	983
545	114
545	150
545	253
545	456
545	498
545	621
545	982
546	206
546	245
546	329
546	434
546	496
546	517
546	585
547	559
547	776
547	992
547	994
547	995
547	997
547	999
548	471
548	768
548	840
548	884
548	926
548	938
548	953
549	500
549	722
549	893
549	917
549	935
549	944
549	961
550	382
550	427
550	450
550	462
550	579
550	647
550	675
551	874
551	954
551	964
551	978
551	980
551	981
551	983
552	378
552	530
552	695
552	761
552	852
552	866
552	888
553	863
553	866
553	956
553	960
553	974
553	979
553	986
554	29
554	57
554	104
554	401
554	581
554	596
554	672
555	317
555	352
555	457
555	499
555	697
555	787
555	807
556	684
556	694
556	706
556	822
556	848
556	883
556	968
557	234
557	435
557	681
557	901
557	943
557	957
557	996
558	106
558	316
558	711
558	854
558	942
558	944
558	973
559	547
559	583
559	781
559	947
559	950
559	989
559	991
560	56
560	627
560	656
560	673
560	691
560	818
560	907
561	89
561	508
561	528
561	759
561	906
561	931
561	967
562	588
562	701
562	862
562	894
562	905
562	956
562	996
563	120
563	143
563	425
563	482
563	570
563	622
563	940
564	206
564	245
564	434
564	484
564	496
564	517
564	585
565	583
565	607
565	738
565	853
565	904
565	909
565	927
565	957
566	613
566	623
566	821
566	840
566	884
566	926
566	938
566	953
567	571
567	644
567	696
567	707
567	809
567	835
567	877
567	900
568	187
568	335
568	689
568	760
568	825
568	950
568	991
568	1000
569	674
569	690
569	749
569	808
569	830
569	878
569	910
569	924
570	143
570	157
570	194
570	313
570	425
570	563
570	601
570	608
571	92
571	567
571	644
571	686
571	835
571	877
571	900
571	907
572	756
572	831
572	856
572	914
572	969
572	973
572	988
572	990
573	804
573	881
573	904
573	909
573	915
573	927
573	946
573	957
574	428
574	702
574	825
574	897
574	950
574	989
574	991
574	1000
575	379
575	479
575	865
575	914
575	942
575	969
575	980
575	990
576	273
576	604
576	612
576	715
576	748
576	773
576	776
576	868
577	494
577	527
577	808
577	817
577	842
577	878
577	910
577	924
578	931
578	984
578	987
578	992
578	994
578	995
578	997
578	999
579	49
579	382
579	427
579	462
579	550
579	647
579	675
579	772
580	228
580	510
580	825
580	892
580	950
580	989
580	991
580	1000
581	29
581	264
581	370
581	401
581	554
581	591
581	610
581	984
582	113
582	172
582	219
582	330
582	366
582	495
582	615
582	649
583	420
583	559
583	565
583	792
583	947
583	989
583	991
583	1000
584	250
584	752
584	765
584	775
584	777
584	822
584	919
584	978
585	206
585	434
585	496
585	517
585	546
585	564
585	933
585	940
586	461
586	624
586	956
586	960
586	974
586	976
586	979
586	986
587	780
587	923
587	932
587	935
587	936
587	952
587	965
587	971
588	181
588	400
588	417
588	562
588	701
588	766
588	829
588	950
589	796
589	923
589	932
589	935
589	936
589	952
589	965
589	971
590	103
590	170
590	416
590	624
590	678
590	784
590	812
590	939
591	581
591	847
591	914
591	942
591	969
591	973
591	988
591	990
592	439
592	505
592	626
592	722
592	765
592	843
592	903
592	919
593	239
593	264
593	717
593	776
593	834
593	883
593	898
593	968
594	683
594	698
594	757
594	875
594	886
594	934
594	964
594	981
595	17
595	49
595	183
595	190
595	462
595	647
595	715
595	918
596	447
596	554
596	725
596	770
596	795
596	830
596	838
596	845
597	891
597	949
597	956
597	960
597	975
597	976
597	979
597	986
598	90
598	119
598	174
598	247
598	248
598	299
598	392
598	921
599	116
599	325
599	344
599	358
599	448
599	533
599	783
599	997
600	886
600	954
600	956
600	960
600	974
600	976
600	979
600	986
601	120
601	157
601	339
601	425
601	482
601	570
601	622
601	960
602	202
602	955
602	962
602	963
602	975
602	980
602	982
602	993
603	899
603	955
603	962
603	963
603	975
603	980
603	982
603	993
604	304
604	314
604	506
604	576
604	636
604	748
604	773
604	974
605	802
605	877
605	956
605	960
605	974
605	976
605	979
605	986
606	19
606	188
606	293
606	513
606	519
606	705
606	894
606	905
607	473
607	537
607	565
607	899
607	904
607	927
607	946
607	957
608	570
608	762
608	815
608	872
608	892
608	947
608	989
608	1000
609	536
609	922
609	955
609	962
609	975
609	980
609	982
609	993
610	57
610	135
610	201
610	252
610	264
610	286
610	581
610	918
611	458
611	763
611	774
611	816
611	834
611	851
611	883
611	968
612	273
612	447
612	449
612	576
612	636
612	715
612	773
612	903
613	566
613	671
613	716
613	853
613	864
613	927
613	946
613	957
614	770
614	795
614	838
614	840
614	845
614	871
614	885
614	944
615	139
615	172
615	330
615	366
615	445
615	582
615	649
615	929
616	922
616	947
616	962
616	963
616	975
616	980
616	982
616	993
617	516
617	540
617	542
617	733
617	789
617	798
617	802
617	923
618	356
618	837
618	955
618	962
618	975
618	980
618	982
618	993
619	331
619	734
619	752
619	825
619	987
619	989
619	991
619	1000
620	306
620	845
620	847
620	914
620	942
620	969
620	988
620	990
621	114
621	192
621	198
621	253
621	456
621	498
621	539
621	545
622	157
622	194
622	339
622	425
622	482
622	563
622	601
622	888
623	566
623	664
623	921
623	951
623	966
623	977
623	996
623	998
624	586
624	590
624	692
624	784
624	806
624	812
624	828
624	887
625	26
625	656
625	664
625	681
625	865
625	951
625	966
625	977
625	996
626	223
626	592
626	765
626	814
626	824
626	841
626	843
626	903
626	919
627	66
627	101
627	268
627	390
627	560
627	645
627	673
627	691
627	818
628	343
628	880
628	949
628	956
628	960
628	974
628	976
628	979
628	986
629	323
629	348
629	475
629	663
629	724
629	742
629	753
629	782
629	900
630	634
630	769
630	874
630	875
630	895
630	959
630	970
630	981
630	983
631	171
631	469
631	728
631	751
631	754
631	771
631	907
631	934
631	985
632	27
632	923
632	932
632	934
632	935
632	936
632	952
632	965
632	971
633	659
633	921
633	923
633	932
633	935
633	936
633	952
633	965
633	971
634	35
634	630
634	759
634	874
634	886
634	964
634	970
634	978
634	983
635	691
635	694
635	949
635	956
635	960
635	974
635	976
635	979
635	986
636	273
636	449
636	470
636	604
636	612
636	682
636	715
636	748
636	773
637	202
637	747
637	784
637	806
637	812
637	819
637	828
637	887
637	939
638	167
638	315
638	682
638	707
638	809
638	835
638	877
638	900
638	923
639	265
639	955
639	962
639	963
639	971
639	975
639	980
639	982
639	993
640	31
640	42
640	337
640	412
640	443
640	481
640	710
640	758
640	969
641	43
641	102
641	142
641	222
641	232
641	296
641	353
641	699
641	949
642	6
642	153
642	280
642	680
642	693
642	755
642	764
642	899
642	987
643	257
643	526
643	665
643	827
643	858
643	867
643	876
643	896
643	986
644	63
644	220
644	429
644	567
644	571
644	682
644	809
644	841
644	900
645	627
645	712
645	744
645	760
645	880
645	966
645	977
645	996
645	998
646	497
646	504
646	854
646	891
646	942
646	954
646	969
646	988
646	990
647	17
647	190
647	424
647	427
647	550
647	579
647	595
647	675
647	894
648	836
648	923
648	932
648	935
648	936
648	952
648	965
648	971
648	1000
649	140
649	172
649	219
649	330
649	340
649	582
649	615
649	666
649	861
650	145
650	155
650	665
650	827
650	858
650	867
650	876
650	896
650	952
651	244
651	730
651	890
651	908
651	917
651	937
651	945
651	958
651	985
652	71
652	231
652	345
652	431
652	739
652	800
652	860
652	872
652	889
653	331
653	408
653	476
653	785
653	892
653	947
653	989
653	991
653	1000
654	90
654	100
654	137
654	334
654	340
654	489
654	539
654	735
654	798
655	253
655	374
655	796
655	857
655	891
655	969
655	973
655	988
655	990
656	560
656	625
656	712
656	832
656	921
656	938
656	966
656	977
656	996
656	998
657	427
657	720
657	745
657	779
657	852
657	866
657	868
657	888
657	929
657	991
658	43
658	743
658	766
658	768
658	840
658	864
658	884
658	926
658	938
658	953
659	126
659	444
659	508
659	633
659	664
659	756
659	788
659	906
659	916
659	967
660	175
660	836
660	852
660	923
660	932
660	935
660	936
660	952
660	965
660	971
661	453
661	706
661	721
661	820
661	861
661	879
661	893
661	917
661	944
661	961
662	207
662	826
662	882
662	884
662	913
662	933
662	937
662	948
662	958
662	985
663	3
663	34
663	289
663	323
663	509
663	629
663	724
663	753
663	782
663	931
664	246
664	623
664	625
664	659
664	679
664	681
664	921
664	966
664	996
664	998
665	310
665	460
665	643
665	650
665	687
665	858
665	867
665	896
665	904
665	984
666	649
666	791
666	849
666	920
666	928
666	933
666	937
666	945
666	958
666	985
667	98
667	166
667	266
667	516
667	542
667	669
667	733
667	789
667	798
667	802
668	79
668	128
668	189
668	263
668	354
668	362
668	412
668	670
668	760
668	799
669	303
669	465
669	487
669	667
669	775
669	777
669	814
669	843
669	903
669	919
670	414
670	668
670	770
670	795
670	830
670	838
670	845
670	871
670	885
670	997
671	289
671	613
671	804
671	853
671	881
671	909
671	927
671	942
671	946
671	957
672	29
672	57
672	104
672	252
672	286
672	365
672	370
672	401
672	517
672	554
673	56
673	390
673	485
673	560
673	627
673	691
673	723
673	781
673	818
673	876
674	60
674	132
674	494
674	528
674	569
674	808
674	842
674	878
674	910
674	924
675	17
675	183
675	190
675	382
675	462
675	550
675	579
675	647
675	737
675	782
676	688
676	726
676	901
676	918
676	921
676	943
676	953
676	966
676	996
676	998
677	28
677	685
677	761
677	791
677	826
677	849
677	851
677	920
677	945
677	985
678	237
678	355
678	480
678	590
678	684
678	822
678	834
678	864
678	898
678	968
679	279
679	664
679	731
679	850
679	918
679	927
679	951
679	966
679	996
679	998
680	160
680	224
680	391
680	422
680	642
680	755
680	764
680	801
680	825
680	899
681	250
681	557
681	625
681	664
681	804
681	943
681	951
681	966
681	996
681	998
682	96
682	147
682	636
682	638
682	644
682	707
682	809
682	835
682	877
682	900
683	594
683	885
683	915
683	919
683	934
683	954
683	964
683	978
683	981
683	983
684	301
684	364
684	556
684	678
684	780
684	816
684	822
684	831
684	848
684	864
685	677
685	805
685	835
685	890
685	913
685	945
685	948
685	958
685	974
685	985
686	571
686	972
686	984
686	985
686	987
686	992
686	994
686	995
686	997
686	999
687	103
687	218
687	415
687	665
687	827
687	858
687	867
687	876
687	896
687	930
688	126
688	369
688	488
688	493
688	515
688	676
688	906
688	916
688	931
688	955
688	967
689	423
689	502
689	568
689	734
689	815
689	892
689	947
689	979
689	989
689	991
689	1000
690	351
690	569
690	791
690	882
690	890
690	913
690	937
690	945
690	958
690	959
690	985
691	56
691	66
691	101
691	485
691	560
691	627
691	635
691	673
691	723
691	818
691	972
692	51
692	69
692	624
692	804
692	853
692	904
692	909
692	927
692	946
692	957
692	993
693	130
693	153
693	272
693	307
693	372
693	642
693	764
693	801
693	899
693	908
693	994
694	480
694	556
694	635
694	774
694	776
694	816
694	834
694	864
694	898
694	968
694	994
695	527
695	552
695	745
695	779
695	852
695	866
695	882
695	888
695	925
695	929
695	999
696	285
696	451
696	567
696	799
696	841
696	851
696	886
696	964
696	970
696	978
696	981
697	73
697	83
697	309
697	352
697	457
697	499
697	555
697	704
697	807
697	870
697	990
698	594
698	795
698	799
698	843
698	934
698	954
698	964
698	970
698	978
698	981
698	983
699	641
699	928
699	930
699	948
699	949
699	956
699	960
699	974
699	976
699	979
699	986
700	726
700	836
700	844
700	869
700	923
700	932
700	935
700	936
700	952
700	965
700	971
701	129
701	400
701	417
701	562
701	588
701	705
701	829
701	862
701	894
701	905
701	989
702	70
702	203
702	360
702	574
702	717
702	776
702	820
702	822
702	848
702	864
702	968
703	854
703	857
703	865
703	891
703	897
703	942
703	966
703	969
703	970
703	973
703	990
704	83
704	105
704	109
704	144
704	270
704	317
704	457
704	499
704	697
704	807
704	991
705	293
705	402
705	417
705	482
705	606
705	701
705	829
705	862
705	894
705	905
705	986
706	500
706	556
706	661
706	721
706	722
706	742
706	867
706	893
706	917
706	944
706	961
707	381
707	461
707	567
707	638
707	682
707	809
707	877
707	900
707	924
707	945
707	967
708	282
708	718
708	726
708	832
708	880
708	901
708	921
708	966
708	977
708	996
708	998
709	732
709	911
709	922
709	930
709	955
709	962
709	963
709	975
709	980
709	982
709	993
710	31
710	42
710	46
710	300
710	337
710	443
710	481
710	640
710	758
710	827
710	945
711	558
711	831
711	847
711	865
711	914
711	960
711	969
711	973
711	988
711	990
711	995
712	458
712	645
712	656
712	729
712	837
712	902
712	918
712	943
712	977
712	996
712	998
713	512
713	781
713	792
713	815
713	892
713	950
713	963
713	989
713	991
713	992
713	1000
714	721
714	722
714	742
714	861
714	879
714	893
714	917
714	935
714	944
714	961
714	989
715	304
715	449
715	470
715	506
715	576
715	595
715	612
715	636
715	748
715	773
715	958
716	613
716	736
716	738
716	790
716	804
716	813
716	904
716	927
716	946
716	957
716	966
717	88
717	116
717	186
717	436
717	593
717	702
717	816
717	822
717	848
717	883
717	968
718	542
718	708
718	856
718	886
718	915
718	934
718	954
718	964
718	970
718	978
718	981
719	368
719	468
719	542
719	730
719	740
719	759
719	788
719	823
719	900
719	916
719	967
720	61
720	65
720	657
720	727
720	779
720	859
720	866
720	888
720	925
720	929
720	934
721	53
721	661
721	706
721	714
721	861
721	879
721	893
721	917
721	944
721	961
721	970
722	211
722	549
722	592
722	706
722	714
722	750
722	861
722	879
722	917
722	944
722	961
723	66
723	186
723	268
723	274
723	390
723	485
723	673
723	691
723	818
723	929
723	970
724	255
724	289
724	348
724	475
724	509
724	629
724	663
724	753
724	782
724	830
724	935
725	344
725	522
725	596
725	727
725	770
725	795
725	830
725	838
725	845
725	871
725	885
726	325
726	676
726	700
726	708
726	729
726	731
726	918
726	943
726	977
726	996
726	998
727	350
727	720
727	725
727	852
727	859
727	868
727	870
727	880
727	888
727	925
727	929
728	171
728	234
728	444
728	463
728	631
728	751
728	754
728	771
728	797
728	907
728	933
729	712
729	726
729	744
729	793
729	918
729	943
729	951
729	974
729	977
729	989
729	996
730	369
730	651
730	719
730	756
730	759
730	805
730	823
730	906
730	916
730	931
730	967
731	679
731	726
731	732
731	880
731	901
731	908
731	951
731	966
731	977
731	996
731	998
731	999
732	73
732	709
732	731
732	744
732	832
732	901
732	918
732	937
732	943
732	966
732	977
732	998
733	28
733	148
733	185
733	516
733	542
733	617
733	667
733	789
733	798
733	802
733	910
733	943
734	413
734	492
734	619
734	689
734	762
734	785
734	815
734	892
734	950
734	989
734	991
734	1000
735	90
735	100
735	107
735	137
735	334
735	349
735	442
735	489
735	654
735	746
735	908
735	974
736	12
736	716
736	912
736	928
736	930
736	949
736	956
736	960
736	974
736	976
736	979
736	986
737	521
737	529
737	675
737	805
737	826
737	849
737	890
737	908
737	913
737	933
737	948
737	981
738	426
738	565
738	716
738	780
738	813
738	853
738	904
738	909
738	927
738	934
738	946
738	957
739	270
739	346
739	452
739	541
739	652
739	778
739	800
739	860
739	862
739	872
739	887
739	889
740	11
740	108
740	136
740	277
740	488
740	719
740	788
740	823
740	916
740	931
740	967
740	979
741	833
741	911
741	922
741	949
741	955
741	962
741	963
741	975
741	980
741	982
741	993
741	999
742	225
742	271
742	274
742	629
742	706
742	714
742	854
742	861
742	893
742	917
742	944
742	961
743	358
743	658
743	766
743	768
743	821
743	839
743	840
743	920
743	926
743	927
743	938
743	953
744	67
744	645
744	729
744	732
744	813
744	918
744	921
744	951
744	966
744	977
744	996
744	998
745	350
745	439
745	511
745	657
745	695
745	859
745	866
745	868
745	888
745	925
745	929
745	997
746	381
746	735
746	769
746	856
746	874
746	875
746	895
746	954
746	970
746	978
746	981
746	983
747	118
747	637
747	834
747	911
747	922
747	955
747	962
747	963
747	975
747	980
747	982
747	993
748	304
748	314
748	449
748	470
748	506
748	576
748	604
748	636
748	715
748	773
748	794
748	983
749	60
749	147
749	385
749	511
749	569
749	808
749	817
749	842
749	878
749	910
749	924
749	966
750	722
750	769
750	851
750	856
750	875
750	934
750	954
750	964
750	970
750	981
750	983
750	989
751	376
751	396
751	403
751	463
751	505
751	524
751	631
751	728
751	754
751	797
751	907
751	913
752	107
752	223
752	487
752	584
752	619
752	765
752	777
752	814
752	824
752	843
752	903
752	919
753	3
753	255
753	289
753	323
753	475
753	509
753	629
753	663
753	724
753	782
753	945
753	990
754	194
754	275
754	308
754	396
754	463
754	631
754	728
754	751
754	771
754	797
754	888
754	907
755	40
755	101
755	160
755	224
755	280
755	372
755	531
755	642
755	680
755	764
755	801
755	899
756	369
756	572
756	659
756	730
756	777
756	788
756	823
756	906
756	916
756	920
756	931
756	967
757	594
757	839
757	941
757	959
757	972
757	984
757	987
757	992
757	994
757	995
757	997
757	999
758	20
758	31
758	42
758	46
758	300
758	337
758	443
758	481
758	640
758	710
758	948
758	951
759	348
759	368
759	561
759	634
759	719
759	730
759	823
759	906
759	916
759	931
759	945
759	967
760	79
760	128
760	189
760	263
760	336
760	354
760	362
760	404
760	412
760	538
760	568
760	645
760	668
761	119
761	507
761	552
761	677
761	805
761	876
761	882
761	890
761	933
761	945
761	948
761	958
761	985
762	187
762	476
762	502
762	608
762	734
762	781
762	785
762	825
762	950
762	978
762	982
762	989
762	1000
763	132
763	165
763	611
763	882
763	908
763	913
763	920
763	933
763	935
763	937
763	945
763	948
763	985
764	6
764	280
764	372
764	503
764	531
764	642
764	680
764	693
764	755
764	801
764	842
764	899
764	943
765	223
765	487
765	534
765	584
765	592
765	626
765	752
765	814
765	818
765	843
765	880
765	903
765	919
766	141
766	260
766	588
766	658
766	743
766	768
766	821
766	832
766	839
766	840
766	884
766	938
766	953
767	243
767	941
767	959
767	961
767	963
767	972
767	984
767	987
767	992
767	994
767	995
767	997
767	999
768	187
768	548
768	658
768	743
768	766
768	821
768	839
768	840
768	884
768	926
768	938
768	953
768	969
769	172
769	630
769	746
769	750
769	777
769	841
769	874
769	875
769	915
769	934
769	964
769	981
769	983
770	193
770	305
770	314
770	596
770	614
770	670
770	725
770	795
770	830
770	838
770	845
770	871
770	885
771	8
771	89
771	275
771	308
771	376
771	403
771	524
771	631
771	728
771	754
771	907
771	988
771	993
772	70
772	203
772	216
772	301
772	458
772	459
772	579
772	820
772	834
772	862
772	883
772	968
772	1000
773	273
773	314
773	449
773	470
773	576
773	604
773	612
773	636
773	715
773	748
773	828
773	868
773	940
774	136
774	364
774	458
774	466
774	611
774	694
774	775
774	820
774	822
774	852
774	883
774	898
774	968
775	250
775	318
775	327
775	534
775	584
775	669
775	774
775	777
775	814
775	843
775	903
775	919
775	980
776	88
776	458
776	547
776	576
776	593
776	694
776	702
776	816
776	822
776	834
776	883
776	898
776	968
777	405
777	584
777	669
777	752
777	756
777	769
777	775
777	814
777	824
777	843
777	903
777	911
777	919
778	72
778	298
778	345
778	346
778	407
778	438
778	541
778	739
778	800
778	860
778	872
778	873
778	889
779	84
779	140
779	225
779	350
779	464
779	529
779	657
779	695
779	720
779	852
779	868
779	870
779	925
780	587
780	684
780	738
780	790
780	813
780	853
780	881
780	904
780	909
780	915
780	927
780	946
780	957
781	249
781	476
781	512
781	559
781	673
781	713
781	762
781	947
781	950
781	988
781	989
781	991
781	1000
782	3
782	255
782	289
782	323
782	348
782	475
782	509
782	629
782	663
782	675
782	724
782	753
782	860
783	599
783	940
783	941
783	959
783	972
783	984
783	987
783	992
783	994
783	995
783	997
783	999
783	1000
784	45
784	416
784	590
784	624
784	637
784	794
784	806
784	819
784	829
784	887
784	894
784	939
784	965
785	192
785	195
785	474
785	653
785	734
785	762
785	825
785	842
785	897
785	947
785	950
785	989
785	1000
786	527
786	912
786	928
786	930
786	949
786	953
786	956
786	960
786	972
786	974
786	976
786	979
786	986
787	258
787	417
787	555
787	833
787	911
787	922
787	955
787	962
787	963
787	975
787	980
787	982
787	993
788	1
788	182
788	444
788	515
788	528
788	659
788	719
788	740
788	756
788	873
788	906
788	916
788	931
788	967
789	98
789	129
789	166
789	185
789	364
789	373
789	516
789	542
789	617
789	667
789	733
789	798
789	802
789	869
790	276
790	497
790	716
790	780
790	813
790	851
790	853
790	904
790	909
790	927
790	946
790	947
790	957
790	982
791	363
791	424
791	666
791	677
791	690
791	849
791	882
791	908
791	933
791	937
791	945
791	952
791	958
791	985
792	178
792	227
792	474
792	583
792	713
792	805
792	815
792	833
792	892
792	947
792	950
792	989
792	991
792	1000
793	38
793	504
793	729
793	831
793	857
793	873
793	888
793	891
793	914
793	942
793	969
793	973
793	988
793	990
794	22
794	124
794	313
794	416
794	486
794	748
794	784
794	806
794	809
794	812
794	819
794	887
794	919
794	939
795	414
795	596
795	614
795	670
795	698
795	725
795	770
795	830
795	838
795	845
795	871
795	885
795	973
795	991
796	589
796	655
796	831
796	847
796	857
796	865
796	891
796	914
796	942
796	969
796	973
796	988
796	990
796	994
797	8
797	234
797	308
797	367
797	376
797	396
797	463
797	524
797	525
797	728
797	751
797	754
797	859
797	907
798	28
798	129
798	148
798	178
798	290
798	516
798	542
798	617
798	654
798	667
798	733
798	789
798	802
798	944
799	668
799	696
799	698
799	833
799	841
799	890
799	895
799	915
799	934
799	954
799	970
799	978
799	981
799	983
800	109
800	270
800	407
800	431
800	452
800	535
800	541
800	652
800	739
800	778
800	860
800	872
800	889
800	956
801	130
801	160
801	272
801	372
801	378
801	391
801	510
801	680
801	693
801	755
801	764
801	829
801	899
801	987
802	98
802	129
802	148
802	166
802	290
802	470
802	516
802	605
802	617
802	667
802	733
802	789
802	798
802	813
803	486
803	506
803	833
803	898
803	911
803	922
803	955
803	962
803	963
803	975
803	980
803	982
803	993
804	537
804	573
804	671
804	681
804	692
804	716
804	813
804	832
804	853
804	881
804	909
804	927
804	946
804	957
805	685
805	730
805	737
805	761
805	792
805	849
805	882
805	890
805	905
805	908
805	913
805	920
805	948
805	958
805	985
806	36
806	103
806	313
806	486
806	498
806	624
806	637
806	784
806	794
806	811
806	812
806	819
806	887
806	939
806	950
807	83
807	105
807	109
807	144
807	309
807	317
807	352
807	457
807	468
807	499
807	555
807	697
807	704
807	890
807	964
808	453
808	494
808	511
808	569
808	577
808	674
808	749
808	817
808	842
808	878
808	910
808	924
808	934
808	954
808	977
809	147
809	227
809	315
809	381
809	567
809	638
809	644
809	682
809	707
809	794
809	835
809	877
809	900
809	941
809	969
810	405
810	476
810	836
810	846
810	869
810	923
810	932
810	935
810	936
810	952
810	965
810	971
810	1000
811	4
811	806
811	912
811	928
811	930
811	949
811	956
811	960
811	972
811	974
811	976
811	979
811	986
812	196
812	209
812	441
812	536
812	590
812	624
812	637
812	794
812	806
812	819
812	828
812	887
812	939
812	951
812	992
813	322
813	492
813	716
813	738
813	744
813	780
813	790
813	802
813	804
813	852
813	881
813	904
813	909
813	946
813	957
814	124
814	318
814	405
814	534
814	626
814	669
814	752
814	765
814	775
814	777
814	824
814	903
814	919
814	923
814	985
815	389
815	440
815	474
815	512
815	608
815	689
815	713
815	734
815	792
815	825
815	845
815	915
815	947
815	991
815	1000
816	150
816	216
816	240
816	480
816	611
816	684
816	694
816	717
816	776
816	820
816	848
816	849
816	930
816	968
816	983
817	93
817	245
817	262
817	281
817	302
817	385
817	494
817	508
817	577
817	749
817	808
817	842
817	910
817	924
817	958
818	56
818	66
818	82
818	101
818	186
818	268
818	390
818	485
818	560
818	627
818	673
818	691
818	723
818	765
818	970
819	44
819	209
819	416
819	486
819	536
819	637
819	784
819	794
819	806
819	812
819	828
819	837
819	887
819	939
819	974
820	63
820	338
820	355
820	661
820	702
820	772
820	774
820	816
820	822
820	834
820	848
820	883
820	898
820	947
820	968
821	377
821	399
821	422
821	566
821	743
821	766
821	768
821	839
821	840
821	862
821	884
821	926
821	927
821	938
821	953
821	954
822	150
822	258
822	267
822	556
822	584
822	678
822	684
822	702
822	717
822	774
822	776
822	820
822	883
822	894
822	898
822	968
823	87
823	279
823	295
823	488
823	515
823	719
823	730
823	740
823	756
823	759
823	906
823	916
823	928
823	931
823	967
823	998
824	87
824	303
824	405
824	490
824	505
824	534
824	626
824	752
824	777
824	814
824	843
824	903
824	919
824	943
824	975
824	995
825	394
825	433
825	568
825	574
825	580
825	619
825	680
825	762
825	785
825	815
825	892
825	947
825	950
825	989
825	994
825	1000
826	214
826	454
826	662
826	677
826	737
826	855
826	872
826	890
826	908
826	920
826	933
826	937
826	945
826	948
826	958
826	985
827	46
827	77
827	99
827	188
827	310
827	403
827	415
827	460
827	643
827	650
827	687
827	710
827	858
827	867
827	876
827	896
828	45
828	169
828	170
828	441
828	486
828	536
828	624
828	637
828	773
828	812
828	819
828	863
828	887
828	903
828	939
828	985
829	24
829	243
829	291
829	293
829	332
829	343
829	350
829	417
829	513
829	588
829	701
829	705
829	784
829	801
829	862
829	894
830	193
830	196
830	223
830	400
830	522
830	569
830	596
830	670
830	724
830	725
830	770
830	795
830	838
830	845
830	871
830	885
831	316
831	530
831	572
831	684
831	711
831	793
831	796
831	847
831	854
831	865
831	942
831	969
831	973
831	982
831	988
831	990
832	297
832	450
832	656
832	708
832	732
832	766
832	804
832	837
832	850
832	921
832	951
832	966
832	977
832	993
832	996
832	998
833	741
833	787
833	792
833	799
833	803
833	911
833	914
833	922
833	955
833	962
833	963
833	975
833	980
833	982
833	993
834	149
834	355
834	593
834	611
834	678
834	694
834	747
834	772
834	776
834	820
834	848
834	864
834	898
834	914
834	964
834	968
835	167
835	220
835	227
835	330
835	381
835	429
835	461
835	567
835	571
835	638
835	682
835	685
835	809
835	854
835	877
835	900
835	963
836	317
836	648
836	660
836	700
836	810
836	846
836	869
836	923
836	932
836	935
836	936
836	938
836	952
836	965
836	971
836	988
837	86
837	284
837	383
837	490
837	514
837	618
837	712
837	819
837	832
837	850
837	880
837	901
837	918
837	951
837	966
837	977
837	996
838	159
838	193
838	305
838	321
838	596
838	614
838	670
838	725
838	770
838	795
838	830
838	845
838	853
838	871
838	885
838	946
838	996
839	320
839	373
839	377
839	422
839	447
839	743
839	757
839	766
839	768
839	821
839	840
839	867
839	884
839	926
839	930
839	938
839	953
840	141
840	447
840	548
840	566
840	614
840	658
840	743
840	766
840	768
840	821
840	839
840	884
840	926
840	938
840	946
840	953
840	988
841	248
841	538
841	544
841	626
841	644
841	696
841	769
841	799
841	851
841	875
841	886
841	895
841	954
841	964
841	970
841	978
841	983
842	74
842	93
842	302
842	385
842	453
842	511
842	577
842	674
842	749
842	764
842	785
842	808
842	817
842	878
842	910
842	924
842	996
843	200
843	303
843	318
843	405
843	454
843	534
843	592
843	626
843	669
843	698
843	752
843	765
843	775
843	777
843	824
843	903
843	919
844	177
844	700
844	873
844	902
844	940
844	941
844	959
844	967
844	972
844	981
844	984
844	987
844	992
844	994
844	995
844	997
844	999
845	151
845	414
845	522
845	596
845	614
845	620
845	670
845	725
845	770
845	795
845	815
845	830
845	838
845	871
845	874
845	885
845	931
846	810
846	836
846	869
846	909
846	912
846	922
846	923
846	932
846	935
846	936
846	952
846	965
846	971
847	64
847	307
847	591
847	620
847	711
847	796
847	831
847	854
847	865
847	891
847	914
847	942
847	943
847	969
847	973
847	988
847	990
848	50
848	149
848	301
848	355
848	436
848	556
848	684
848	702
848	717
848	816
848	820
848	834
848	864
848	885
848	898
848	968
848	1000
849	18
849	666
849	677
849	737
849	791
849	805
849	816
849	882
849	908
849	917
849	920
849	933
849	937
849	945
849	948
849	958
849	999
850	420
850	490
850	679
850	832
850	837
850	880
850	901
850	917
850	918
850	921
850	943
850	951
850	966
850	968
850	977
850	996
850	998
851	259
851	285
851	611
851	677
851	696
851	750
851	790
851	841
851	875
851	915
851	934
851	954
851	964
851	970
851	978
851	981
851	983
852	121
852	225
852	361
852	527
852	552
852	657
852	660
852	695
852	727
852	774
852	779
852	813
852	859
852	870
852	888
852	925
852	929
853	230
853	300
853	356
853	565
853	613
853	671
853	692
853	738
853	780
853	790
853	804
853	838
853	881
853	909
853	914
853	927
853	946
853	957
854	479
854	522
854	558
854	646
854	703
854	742
854	831
854	835
854	847
854	857
854	865
854	914
854	942
854	969
854	973
854	976
854	988
854	990
855	376
855	826
855	863
855	873
855	902
855	940
855	941
855	959
855	972
855	974
855	984
855	987
855	992
855	994
855	995
855	997
855	999
856	238
856	406
856	521
856	572
856	718
856	746
856	750
856	875
856	895
856	915
856	934
856	954
856	962
856	964
856	970
856	978
856	981
856	983
857	301
857	432
857	479
857	655
857	703
857	793
857	796
857	854
857	865
857	891
857	907
857	914
857	942
857	960
857	969
857	973
857	988
857	990
858	99
858	269
858	415
858	439
858	460
858	526
858	643
858	650
858	665
858	687
858	827
858	867
858	876
858	878
858	896
858	922
858	982
858	995
859	5
859	14
859	91
859	378
859	464
859	514
859	529
859	530
859	720
859	727
859	745
859	797
859	852
859	868
859	870
859	888
859	925
859	929
860	72
860	158
860	231
860	292
860	345
860	346
860	407
860	431
860	452
860	541
860	652
860	739
860	778
860	782
860	800
860	872
860	889
860	949
861	197
861	211
861	397
861	412
861	466
861	649
861	661
861	714
861	721
861	722
861	742
861	863
861	879
861	893
861	917
861	944
861	961
861	972
862	24
862	82
862	243
862	291
862	332
862	343
862	400
862	402
862	513
862	562
862	701
862	705
862	739
862	772
862	821
862	829
862	894
862	905
863	553
863	828
863	855
863	861
863	873
863	902
863	940
863	941
863	959
863	972
863	984
863	987
863	992
863	994
863	995
863	997
863	999
864	136
864	240
864	258
864	436
864	443
864	458
864	613
864	658
864	678
864	684
864	694
864	702
864	834
864	848
864	883
864	898
864	965
864	968
865	122
865	360
865	575
865	625
865	703
865	711
865	796
865	831
865	847
865	854
865	857
865	891
865	906
865	914
865	918
865	969
865	988
865	990
866	61
866	339
866	361
866	464
866	527
866	552
866	553
866	657
866	695
866	720
866	745
866	868
866	870
866	888
866	897
866	925
866	929
866	998
867	77
867	155
867	188
867	218
867	415
867	439
867	526
867	643
867	650
867	665
867	687
867	706
867	827
867	839
867	858
867	876
867	896
867	1000
868	176
868	350
868	378
868	529
868	576
868	657
868	727
868	745
868	773
868	779
868	859
868	866
868	870
868	888
868	898
868	925
868	929
868	990
869	171
869	377
869	700
869	789
869	810
869	836
869	846
869	901
869	923
869	932
869	935
869	936
869	952
869	965
869	971
870	14
870	91
870	176
870	298
870	378
870	399
870	529
870	530
870	537
870	697
870	727
870	779
870	852
870	859
870	866
870	868
870	888
870	925
870	929
871	52
871	151
871	159
871	196
871	305
871	331
871	414
871	522
871	614
871	670
871	725
871	770
871	795
871	830
871	838
871	845
871	885
871	932
871	936
872	158
872	231
872	270
872	292
872	407
872	431
872	438
872	452
872	541
872	608
872	652
872	739
872	778
872	800
872	826
872	860
872	878
872	889
872	925
873	503
873	778
873	788
873	793
873	844
873	855
873	863
873	902
873	940
873	941
873	959
873	972
873	984
873	987
873	992
873	994
873	995
873	997
873	999
874	184
874	359
874	551
874	630
874	634
874	746
874	769
874	845
874	875
874	913
874	929
874	934
874	935
874	954
874	964
874	970
874	978
874	981
874	983
875	594
875	630
875	746
875	750
875	769
875	841
875	851
875	856
875	874
875	886
875	895
875	914
875	921
875	932
875	934
875	954
875	964
875	981
875	983
876	155
876	188
876	218
876	269
876	310
876	439
876	460
876	526
876	643
876	650
876	673
876	687
876	761
876	827
876	858
876	867
876	896
876	936
876	956
877	92
877	167
877	220
877	227
877	315
877	381
877	429
877	448
877	461
877	490
877	567
877	571
877	605
877	638
877	682
877	707
877	809
877	835
877	900
878	6
878	53
878	60
878	74
878	93
878	281
878	453
878	511
878	569
878	577
878	674
878	749
878	808
878	842
878	858
878	872
878	910
878	924
878	990
879	54
879	152
879	191
879	212
879	213
879	228
879	397
879	466
879	500
879	661
879	714
879	721
879	722
879	861
879	893
879	917
879	944
879	961
879	987
880	86
880	284
880	297
880	389
880	415
880	432
880	628
880	645
880	708
880	727
880	731
880	765
880	837
880	850
880	901
880	918
880	943
880	951
880	966
880	996
881	230
881	285
881	383
881	492
881	497
881	537
881	573
881	671
881	780
881	804
881	813
881	853
881	904
881	909
881	927
881	946
881	957
881	975
881	977
881	983
882	517
882	662
882	690
882	695
882	761
882	763
882	791
882	805
882	849
882	891
882	908
882	913
882	920
882	933
882	937
882	945
882	948
882	958
882	980
882	985
883	216
883	240
883	368
883	387
883	459
883	556
883	593
883	611
883	717
883	772
883	774
883	776
883	820
883	822
883	864
883	898
883	916
883	955
883	960
883	968
884	23
884	179
884	200
884	204
884	399
884	449
884	548
884	566
884	658
884	662
884	766
884	768
884	821
884	839
884	840
884	924
884	926
884	938
884	953
884	985
885	151
885	159
885	162
885	193
885	196
885	287
885	305
885	414
885	522
885	614
885	670
885	683
885	725
885	770
885	795
885	830
885	838
885	845
885	848
885	871
886	125
886	127
886	380
886	594
886	600
886	634
886	696
886	718
886	841
886	875
886	895
886	915
886	934
886	954
886	964
886	970
886	978
886	981
886	983
886	991
887	22
887	36
887	45
887	170
887	202
887	210
887	313
887	441
887	624
887	637
887	739
887	784
887	794
887	806
887	812
887	819
887	828
887	939
887	948
887	969
888	91
888	225
888	260
888	298
888	529
888	552
888	622
888	657
888	695
888	720
888	727
888	745
888	754
888	793
888	852
888	859
888	866
888	868
888	870
888	925
888	929
889	72
889	158
889	231
889	233
889	256
889	270
889	292
889	345
889	346
889	431
889	438
889	452
889	541
889	652
889	739
889	778
889	800
889	860
889	872
889	963
889	987
890	98
890	507
890	651
890	685
890	690
890	737
890	761
890	799
890	805
890	807
890	826
890	908
890	913
890	920
890	928
890	933
890	937
890	945
890	948
890	958
890	985
891	58
891	379
891	446
891	454
891	473
891	597
891	646
891	655
891	703
891	793
891	796
891	847
891	857
891	865
891	882
891	914
891	920
891	942
891	969
891	988
891	990
892	37
892	176
892	201
892	312
892	502
892	580
892	608
892	653
892	689
892	713
892	734
892	792
892	825
892	897
892	911
892	950
892	955
892	957
892	989
892	991
892	1000
893	41
893	54
893	55
893	131
893	166
893	180
893	189
893	213
893	549
893	661
893	706
893	714
893	721
893	742
893	861
893	879
893	917
893	944
893	961
893	966
893	979
894	19
894	24
894	82
894	181
894	197
894	243
894	291
894	332
894	343
894	402
894	496
894	562
894	606
894	647
894	701
894	705
894	784
894	822
894	829
894	862
894	905
895	92
895	205
895	287
895	359
895	630
895	746
895	799
895	841
895	856
895	875
895	886
895	915
895	934
895	937
895	954
895	964
895	970
895	981
895	983
895	994
895	1000
896	58
896	77
896	99
896	145
896	159
896	218
896	269
896	415
896	439
896	460
896	526
896	643
896	650
896	665
896	687
896	827
896	858
896	867
896	876
896	898
896	931
897	7
897	233
897	249
897	294
897	312
897	433
897	440
897	451
897	474
897	502
897	574
897	703
897	785
897	866
897	892
897	947
897	961
897	967
897	989
897	991
897	1000
898	70
898	136
898	203
898	364
898	387
898	436
898	593
898	678
898	694
898	774
898	776
898	803
898	820
898	822
898	834
898	848
898	864
898	868
898	883
898	896
898	979
899	6
899	130
899	153
899	160
899	224
899	272
899	372
899	391
899	437
899	503
899	510
899	531
899	603
899	607
899	642
899	680
899	693
899	755
899	764
899	801
899	962
900	92
900	147
900	167
900	181
900	220
900	227
900	295
900	315
900	381
900	429
900	461
900	567
900	571
900	629
900	638
900	644
900	682
900	707
900	719
900	809
900	835
900	877
901	222
901	342
901	421
901	488
901	490
901	557
901	676
901	708
901	731
901	732
901	837
901	850
901	869
901	880
901	921
901	943
901	951
901	966
901	977
901	989
901	996
901	998
902	155
902	712
902	844
902	855
902	863
902	873
902	916
902	933
902	940
902	941
902	959
902	972
902	983
902	984
902	987
902	992
902	994
902	995
902	997
902	999
903	87
903	208
903	223
903	250
903	318
903	505
903	534
903	592
903	612
903	626
903	669
903	752
903	765
903	775
903	777
903	814
903	824
903	828
903	843
903	919
903	924
903	992
904	230
904	272
904	322
904	383
904	406
904	492
904	565
904	573
904	607
904	665
904	692
904	716
904	738
904	780
904	790
904	813
904	881
904	909
904	927
904	946
904	956
904	957
905	19
905	82
905	114
905	181
905	243
905	291
905	293
905	332
905	343
905	400
905	402
905	513
905	562
905	606
905	701
905	705
905	805
905	862
905	894
905	952
905	994
905	995
906	261
906	277
906	279
906	295
906	368
906	444
906	488
906	508
906	519
906	561
906	659
906	688
906	730
906	756
906	759
906	788
906	823
906	865
906	916
906	931
906	967
906	994
907	8
907	89
907	171
907	234
907	275
907	308
907	376
907	396
907	403
907	463
907	469
907	479
907	524
907	560
907	571
907	631
907	728
907	751
907	754
907	771
907	797
907	857
908	165
908	180
908	507
908	651
908	693
908	731
908	735
908	737
908	763
908	791
908	805
908	826
908	849
908	882
908	890
908	913
908	920
908	937
908	945
908	948
908	958
908	985
909	69
909	191
909	383
909	565
909	573
909	671
909	692
909	738
909	780
909	790
909	804
909	813
909	846
909	853
909	881
909	904
909	927
909	946
909	957
909	968
909	985
909	993
910	40
910	53
910	262
910	281
910	302
910	453
910	455
910	494
910	511
910	569
910	577
910	674
910	733
910	749
910	808
910	817
910	842
910	878
910	924
910	944
910	950
910	967
911	162
911	240
911	709
911	741
911	747
911	777
911	787
911	803
911	833
911	892
911	922
911	955
911	962
911	963
911	975
911	980
911	982
911	986
911	993
912	428
912	736
912	786
912	811
912	846
912	917
912	928
912	930
912	949
912	956
912	960
912	971
912	974
912	976
912	979
912	986
913	138
913	426
913	507
913	521
913	662
913	685
913	690
913	737
913	751
913	763
913	805
913	874
913	882
913	890
913	908
913	920
913	933
913	937
913	948
913	958
913	985
913	996
913	999
914	365
914	572
914	575
914	591
914	620
914	711
914	793
914	796
914	833
914	834
914	847
914	853
914	854
914	857
914	865
914	875
914	891
914	940
914	942
914	969
914	973
914	988
914	990
915	117
915	236
915	273
915	324
915	347
915	406
915	573
915	683
915	718
915	769
915	780
915	799
915	815
915	851
915	856
915	886
915	895
915	934
915	954
915	964
915	970
915	978
915	981
915	983
916	135
916	368
916	444
916	468
916	488
916	508
916	515
916	528
916	544
916	659
916	688
916	719
916	730
916	740
916	756
916	759
916	788
916	823
916	883
916	902
916	906
916	931
916	933
916	967
917	41
917	54
917	197
917	271
917	274
917	466
917	500
917	549
917	651
917	661
917	706
917	714
917	721
917	722
917	742
917	849
917	850
917	861
917	879
917	893
917	912
917	944
917	961
917	988
918	154
918	382
918	401
918	435
918	595
918	610
918	676
918	679
918	712
918	726
918	729
918	732
918	744
918	837
918	850
918	865
918	880
918	921
918	943
918	951
918	966
918	977
918	996
918	998
919	87
919	208
919	250
919	303
919	405
919	487
919	505
919	507
919	515
919	584
919	592
919	626
919	669
919	683
919	752
919	765
919	775
919	777
919	794
919	814
919	824
919	843
919	903
919	959
920	118
920	461
920	519
920	521
920	666
920	677
920	743
920	756
920	763
920	805
920	826
920	849
920	882
920	890
920	891
920	908
920	913
920	933
920	937
920	945
920	948
920	956
920	958
920	985
921	154
921	215
921	239
921	342
921	421
921	435
921	598
921	623
921	633
921	656
921	664
921	676
921	708
921	744
921	832
921	850
921	875
921	901
921	918
921	943
921	951
921	966
921	988
921	998
922	34
922	215
922	293
922	410
922	609
922	616
922	709
922	741
922	747
922	787
922	803
922	833
922	846
922	858
922	911
922	941
922	955
922	962
922	963
922	966
922	975
922	980
922	982
922	993
923	31
923	78
923	97
923	398
923	419
923	587
923	589
923	617
923	632
923	633
923	638
923	648
923	660
923	700
923	810
923	814
923	836
923	846
923	869
923	932
923	935
923	936
923	952
923	965
923	971
924	40
924	53
924	54
924	60
924	74
924	93
924	262
924	302
924	362
924	385
924	453
924	494
924	511
924	569
924	577
924	674
924	707
924	749
924	808
924	817
924	842
924	878
924	884
924	903
924	910
925	8
925	14
925	61
925	121
925	149
925	176
925	298
925	361
925	372
925	527
925	530
925	695
925	720
925	727
925	745
925	779
925	852
925	859
925	866
925	868
925	870
925	872
925	888
925	929
925	932
926	23
926	59
926	255
926	260
926	309
926	320
926	373
926	377
926	399
926	422
926	447
926	487
926	506
926	548
926	566
926	658
926	743
926	768
926	821
926	839
926	840
926	884
926	938
926	953
926	998
927	276
927	383
927	489
927	497
927	537
927	565
927	573
927	607
927	613
927	671
927	679
927	692
927	716
927	738
927	743
927	780
927	790
927	804
927	821
927	853
927	881
927	904
927	909
927	946
927	957
927	968
928	131
928	218
928	666
928	699
928	736
928	786
928	811
928	823
928	890
928	912
928	930
928	949
928	956
928	960
928	974
928	976
928	979
928	986
929	14
929	61
929	121
929	225
929	361
929	378
929	464
929	493
929	527
929	530
929	615
929	657
929	695
929	720
929	723
929	727
929	745
929	852
929	859
929	866
929	868
929	870
929	874
929	888
929	925
929	957
930	503
930	687
930	699
930	709
930	736
930	786
930	811
930	816
930	839
930	912
930	928
930	949
930	956
930	960
930	974
930	976
930	979
930	986
931	11
931	135
931	277
931	279
931	295
931	369
931	468
931	508
931	515
931	528
931	561
931	578
931	663
931	688
931	730
931	740
931	756
931	759
931	788
931	823
931	845
931	896
931	906
931	916
931	967
931	999
932	105
932	254
932	321
932	398
932	419
932	429
932	587
932	589
932	632
932	633
932	648
932	660
932	700
932	810
932	836
932	846
932	869
932	871
932	875
932	923
932	925
932	935
932	936
932	952
932	965
932	971
933	118
933	214
933	424
933	519
933	585
933	662
933	666
933	728
933	737
933	761
933	763
933	791
933	826
933	849
933	882
933	890
933	902
933	913
933	916
933	920
933	937
933	945
933	948
933	958
933	985
933	996
934	152
934	287
934	544
934	594
934	631
934	632
934	683
934	698
934	718
934	720
934	738
934	750
934	769
934	799
934	808
934	851
934	856
934	874
934	875
934	886
934	895
934	915
934	954
934	970
934	978
934	981
934	983
935	78
935	125
935	164
935	321
935	371
935	549
935	587
935	589
935	632
935	633
935	648
935	660
935	700
935	714
935	724
935	763
935	810
935	836
935	846
935	869
935	874
935	923
935	932
935	936
935	952
935	965
935	971
936	39
936	164
936	254
936	324
936	355
936	398
936	587
936	589
936	632
936	633
936	648
936	660
936	700
936	810
936	836
936	846
936	869
936	871
936	876
936	923
936	932
936	935
936	948
936	952
936	964
936	965
936	971
937	37
937	138
937	203
937	214
937	244
937	426
937	480
937	651
937	662
937	666
937	690
937	732
937	763
937	791
937	826
937	849
937	882
937	890
937	895
937	908
937	913
937	920
937	933
937	945
937	948
937	958
937	985
938	7
938	59
938	141
938	174
938	179
938	200
938	204
938	260
938	320
938	373
938	399
938	422
938	548
938	566
938	656
938	658
938	743
938	766
938	768
938	821
938	836
938	839
938	840
938	884
938	926
938	953
938	998
939	22
939	36
939	45
939	47
939	103
939	124
939	169
939	202
939	209
939	313
939	401
939	416
939	441
939	486
939	536
939	590
939	637
939	784
939	794
939	806
939	812
939	819
939	828
939	887
939	949
939	959
939	975
940	404
940	563
940	585
940	773
940	783
940	844
940	855
940	863
940	873
940	902
940	914
940	941
940	959
940	972
940	984
940	987
940	992
940	994
940	995
940	997
940	998
940	999
941	288
941	294
941	757
941	767
941	783
941	809
941	844
941	855
941	863
941	873
941	902
941	922
941	940
941	959
941	971
941	972
941	984
941	987
941	992
941	994
941	995
941	997
941	999
942	46
942	122
942	156
942	365
942	446
942	558
942	575
942	591
942	620
942	646
942	671
942	703
942	793
942	796
942	831
942	847
942	854
942	857
942	891
942	914
942	969
942	971
942	973
942	975
942	988
942	990
942	995
942	997
943	73
943	134
943	199
943	341
943	389
943	421
943	450
943	557
943	676
943	681
943	712
943	726
943	729
943	732
943	733
943	764
943	824
943	847
943	850
943	880
943	901
943	918
943	921
943	951
943	977
943	984
943	993
943	996
943	998
944	41
944	55
944	131
944	162
944	191
944	211
944	213
944	271
944	274
944	397
944	466
944	478
944	549
944	558
944	614
944	661
944	706
944	714
944	721
944	722
944	742
944	798
944	861
944	879
944	893
944	910
944	917
944	961
944	965
945	214
945	426
945	519
945	521
945	651
945	666
945	677
945	685
945	690
945	707
945	710
945	753
945	759
945	761
945	763
945	791
945	826
945	849
945	882
945	890
945	908
945	920
945	933
945	937
945	948
945	958
945	959
945	984
945	985
946	25
946	51
946	69
946	151
946	276
946	322
946	492
946	497
946	537
946	573
946	607
946	613
946	671
946	692
946	716
946	738
946	780
946	790
946	804
946	813
946	838
946	840
946	853
946	881
946	904
946	909
946	927
946	957
946	977
947	108
947	144
947	187
947	207
947	233
947	249
947	281
947	357
947	451
947	512
947	559
947	583
947	608
947	616
947	653
947	689
947	781
947	785
947	790
947	792
947	815
947	820
947	825
947	897
947	950
947	958
947	989
947	991
947	1000
948	10
948	118
948	138
948	375
948	426
948	507
948	519
948	662
948	685
948	699
948	737
948	758
948	761
948	763
948	805
948	826
948	849
948	882
948	887
948	890
948	908
948	913
948	920
948	933
948	936
948	937
948	945
948	950
948	958
948	985
949	471
949	500
949	597
949	628
949	635
949	641
949	699
949	736
949	741
949	786
949	811
949	860
949	912
949	928
949	930
949	939
949	956
949	960
949	964
949	974
949	976
949	979
949	986
950	7
950	178
950	228
950	331
950	356
950	419
950	420
950	451
950	474
950	559
950	568
950	574
950	580
950	588
950	713
950	734
950	762
950	781
950	785
950	792
950	806
950	825
950	892
950	910
950	947
950	948
950	987
950	989
950	991
950	1000
951	22
951	199
951	219
951	284
951	379
951	421
951	432
951	485
951	514
951	543
951	623
951	625
951	679
951	681
951	729
951	731
951	744
951	758
951	812
951	832
951	837
951	850
951	880
951	901
951	918
951	921
951	943
951	966
951	977
951	996
951	998
952	15
952	18
952	39
952	112
952	139
952	164
952	324
952	371
952	398
952	419
952	587
952	589
952	632
952	633
952	648
952	650
952	660
952	700
952	791
952	810
952	836
952	846
952	869
952	905
952	923
952	932
952	935
952	936
952	954
952	965
952	971
953	23
953	59
953	141
953	179
953	200
953	204
953	260
953	320
953	328
953	373
953	377
953	399
953	422
953	447
953	506
953	548
953	566
953	658
953	676
953	743
953	766
953	768
953	786
953	821
953	839
953	840
953	884
953	926
953	938
953	967
953	973
954	152
954	236
954	327
954	544
954	551
954	600
954	646
954	683
954	698
954	718
954	746
954	750
954	799
954	808
954	821
954	841
954	851
954	856
954	874
954	875
954	886
954	895
954	915
954	934
954	952
954	962
954	964
954	970
954	976
954	978
954	981
954	983
955	32
955	34
955	259
955	322
955	388
955	413
955	438
955	473
955	532
955	602
955	603
955	609
955	618
955	639
955	688
955	709
955	741
955	747
955	787
955	803
955	833
955	883
955	892
955	911
955	922
955	962
955	963
955	975
955	980
955	982
955	993
955	997
956	161
956	423
956	455
956	478
956	483
956	493
956	553
956	562
956	586
956	597
956	600
956	605
956	628
956	635
956	699
956	736
956	786
956	800
956	811
956	876
956	904
956	912
956	920
956	928
956	930
956	949
956	960
956	974
956	976
956	979
956	986
956	991
957	51
957	230
957	276
957	277
957	322
957	383
957	492
957	497
957	502
957	537
957	557
957	565
957	573
957	607
957	613
957	671
957	692
957	716
957	738
957	780
957	790
957	804
957	813
957	853
957	881
957	892
957	904
957	909
957	927
957	929
957	946
957	976
958	10
958	132
958	244
958	341
958	351
958	411
958	452
958	507
958	530
958	651
958	662
958	666
958	685
958	690
958	715
958	761
958	791
958	805
958	817
958	826
958	849
958	882
958	890
958	908
958	913
958	920
958	933
958	937
958	945
958	947
958	948
958	985
959	474
959	630
959	690
959	757
959	767
959	783
959	844
959	855
959	863
959	873
959	902
959	919
959	939
959	940
959	941
959	945
959	972
959	984
959	987
959	992
959	994
959	995
959	997
959	999
960	67
960	257
960	424
960	471
960	478
960	483
960	499
960	543
960	553
960	586
960	597
960	600
960	601
960	605
960	628
960	635
960	699
960	711
960	736
960	786
960	811
960	857
960	883
960	912
960	928
960	930
960	949
960	956
960	974
960	976
960	979
960	986
961	20
961	41
961	55
961	131
961	162
961	180
961	191
961	197
961	211
961	213
961	271
961	274
961	397
961	466
961	500
961	526
961	549
961	661
961	706
961	714
961	721
961	722
961	742
961	767
961	861
961	879
961	893
961	897
961	917
961	944
961	984
961	991
961	992
962	146
962	292
962	319
962	329
962	395
962	408
962	409
962	410
962	413
962	473
962	536
962	602
962	603
962	609
962	616
962	618
962	639
962	709
962	741
962	747
962	787
962	803
962	833
962	856
962	899
962	911
962	922
962	954
962	955
962	963
962	975
962	980
962	982
962	993
963	32
963	71
963	241
963	388
963	395
963	408
963	409
963	465
963	482
963	532
963	602
963	603
963	616
963	639
963	709
963	713
963	741
963	747
963	767
963	787
963	803
963	833
963	835
963	889
963	911
963	922
963	955
963	962
963	975
963	979
963	980
963	982
963	993
963	995
964	111
964	127
964	184
964	285
964	359
964	373
964	514
964	551
964	594
964	634
964	683
964	696
964	698
964	718
964	750
964	769
964	807
964	834
964	841
964	851
964	856
964	874
964	875
964	886
964	895
964	915
964	936
964	949
964	954
964	970
964	978
964	981
964	983
964	997
965	18
965	39
965	78
965	112
965	125
965	254
965	297
965	321
965	324
965	353
965	371
965	419
965	521
965	587
965	589
965	632
965	633
965	648
965	660
965	700
965	784
965	810
965	836
965	846
965	864
965	869
965	923
965	932
965	935
965	936
965	944
965	952
965	971
965	996
966	239
966	371
966	389
966	418
966	450
966	514
966	623
966	625
966	645
966	656
966	664
966	676
966	679
966	681
966	703
966	708
966	716
966	731
966	732
966	744
966	749
966	832
966	837
966	850
966	880
966	893
966	901
966	918
966	921
966	922
966	951
966	977
966	996
966	998
967	11
967	126
967	135
967	204
967	277
967	279
967	295
967	368
967	369
967	444
967	468
967	488
967	508
967	515
967	528
967	561
967	659
967	688
967	707
967	719
967	730
967	740
967	756
967	759
967	788
967	823
967	844
967	897
967	906
967	910
967	916
967	931
967	953
967	973
968	13
968	51
968	63
968	88
968	149
968	150
968	216
968	236
968	258
968	301
968	387
968	459
968	480
968	556
968	593
968	611
968	678
968	694
968	702
968	717
968	772
968	774
968	776
968	816
968	820
968	822
968	834
968	848
968	850
968	864
968	883
968	909
968	927
968	969
969	38
969	86
969	360
969	374
969	379
969	446
969	504
969	572
969	575
969	591
969	620
969	640
969	646
969	655
969	703
969	711
969	768
969	793
969	796
969	809
969	831
969	847
969	854
969	857
969	865
969	887
969	891
969	914
969	942
969	968
969	973
969	988
969	990
969	998
970	199
970	287
970	327
970	332
970	347
970	359
970	406
970	524
970	544
970	630
970	634
970	696
970	698
970	703
970	718
970	721
970	723
970	746
970	750
970	799
970	818
970	841
970	851
970	856
970	874
970	886
970	895
970	915
970	934
970	954
970	964
970	978
970	981
970	983
970	991
971	18
971	39
971	78
971	112
971	125
971	254
971	321
971	324
971	371
971	398
971	419
971	481
971	587
971	589
971	632
971	633
971	639
971	648
971	660
971	700
971	810
971	836
971	846
971	869
971	912
971	923
971	932
971	935
971	936
971	941
971	942
971	952
971	965
971	990
971	997
972	232
972	240
972	686
972	691
972	757
972	767
972	783
972	786
972	811
972	844
972	855
972	861
972	863
972	873
972	902
972	940
972	941
972	959
972	984
972	987
972	992
972	994
972	995
972	996
972	997
972	999
973	35
973	38
973	156
973	169
973	316
973	360
973	365
973	374
973	446
973	454
973	479
973	504
973	558
973	572
973	591
973	655
973	703
973	711
973	793
973	795
973	796
973	831
973	847
973	854
973	857
973	914
973	942
973	953
973	967
973	969
973	988
973	989
973	990
973	997
973	998
974	30
974	175
974	257
974	423
974	455
974	471
974	478
974	483
974	493
974	543
974	553
974	586
974	600
974	604
974	605
974	628
974	635
974	685
974	699
974	729
974	735
974	736
974	786
974	811
974	819
974	855
974	912
974	928
974	930
974	949
974	956
974	960
974	976
974	979
974	986
974	987
975	117
975	146
975	215
975	259
975	278
975	395
975	408
975	409
975	465
975	473
975	532
975	597
975	602
975	603
975	609
975	616
975	618
975	639
975	709
975	741
975	747
975	787
975	803
975	824
975	833
975	881
975	911
975	922
975	939
975	942
975	955
975	962
975	963
975	980
975	982
975	993
976	30
976	175
976	257
976	299
976	311
976	423
976	441
976	455
976	471
976	478
976	483
976	493
976	543
976	586
976	597
976	600
976	605
976	628
976	635
976	699
976	736
976	786
976	811
976	854
976	912
976	928
976	930
976	949
976	954
976	956
976	957
976	960
976	974
976	979
976	986
976	992
977	12
977	126
977	134
977	154
977	286
977	318
977	341
977	342
977	389
977	418
977	432
977	490
977	623
977	625
977	645
977	656
977	708
977	712
977	726
977	729
977	731
977	732
977	744
977	808
977	832
977	837
977	850
977	881
977	901
977	918
977	943
977	946
977	951
977	966
977	993
977	996
977	998
978	95
978	111
978	127
978	184
978	205
978	284
978	327
978	336
978	347
978	359
978	397
978	406
978	425
978	544
978	551
978	584
978	634
978	683
978	696
978	698
978	718
978	746
978	762
978	799
978	841
978	851
978	856
978	874
978	886
978	915
978	934
978	954
978	964
978	970
978	981
978	983
978	994
978	998
979	30
979	67
979	161
979	164
979	175
979	213
979	308
979	423
979	455
979	471
979	478
979	483
979	493
979	543
979	553
979	586
979	597
979	600
979	605
979	628
979	635
979	689
979	699
979	736
979	740
979	786
979	811
979	893
979	898
979	912
979	928
979	930
979	949
979	956
979	960
979	963
979	974
979	976
979	986
980	32
980	71
980	102
980	215
980	216
980	241
980	259
980	329
980	388
980	409
980	410
980	456
980	465
980	473
980	532
980	551
980	575
980	602
980	603
980	609
980	616
980	618
980	639
980	709
980	741
980	747
980	775
980	787
980	803
980	833
980	882
980	911
980	922
980	955
980	962
980	963
980	975
980	982
980	993
981	69
981	95
981	117
981	143
981	152
981	170
981	184
981	236
981	287
981	327
981	406
981	480
981	513
981	551
981	594
981	630
981	683
981	696
981	698
981	718
981	737
981	746
981	750
981	769
981	799
981	844
981	851
981	856
981	874
981	875
981	886
981	895
981	915
981	934
981	954
981	964
981	970
981	978
981	983
982	36
982	146
982	241
982	259
982	329
982	388
982	395
982	408
982	410
982	413
982	445
982	465
982	532
982	545
982	602
982	603
982	609
982	616
982	618
982	639
982	709
982	741
982	747
982	762
982	787
982	790
982	803
982	831
982	833
982	858
982	911
982	922
982	955
982	962
982	963
982	975
982	980
982	993
982	994
983	95
983	111
983	117
983	127
983	205
983	236
983	285
983	316
983	347
983	491
983	525
983	544
983	551
983	630
983	634
983	683
983	698
983	746
983	748
983	750
983	769
983	799
983	816
983	841
983	851
983	856
983	874
983	875
983	881
983	886
983	895
983	902
983	915
983	934
983	954
983	964
983	970
983	978
983	981
984	121
984	421
984	578
984	581
984	665
984	686
984	757
984	767
984	783
984	844
984	855
984	863
984	873
984	902
984	940
984	941
984	943
984	945
984	959
984	961
984	972
984	987
984	989
984	992
984	994
984	995
984	997
984	999
985	10
985	132
985	138
985	165
985	244
985	351
985	395
985	396
985	424
985	426
985	519
985	521
985	631
985	651
985	662
985	666
985	677
985	685
985	686
985	690
985	761
985	763
985	791
985	805
985	814
985	826
985	828
985	882
985	884
985	890
985	908
985	909
985	913
985	920
985	933
985	937
985	945
985	948
985	958
986	30
986	67
986	79
986	161
986	226
986	231
986	257
986	354
986	423
986	455
986	471
986	478
986	483
986	493
986	543
986	553
986	586
986	597
986	600
986	605
986	628
986	635
986	643
986	699
986	705
986	736
986	786
986	811
986	911
986	912
986	928
986	930
986	949
986	956
986	960
986	974
986	976
986	979
986	1000
987	305
987	430
987	472
987	477
987	495
987	535
987	578
987	619
987	642
987	686
987	757
987	767
987	783
987	801
987	844
987	855
987	863
987	873
987	879
987	889
987	902
987	940
987	941
987	950
987	959
987	972
987	974
987	984
987	992
987	994
987	995
987	997
987	999
988	35
988	38
988	58
988	106
988	122
988	156
988	316
988	360
988	374
988	379
988	436
988	454
988	479
988	504
988	572
988	591
988	620
988	646
988	655
988	711
988	771
988	781
988	793
988	796
988	831
988	836
988	840
988	847
988	854
988	857
988	865
988	891
988	914
988	917
988	921
988	942
988	969
988	973
988	990
988	996
989	68
989	110
989	195
989	228
989	233
989	249
989	294
989	356
989	357
989	400
989	420
989	440
989	451
989	559
989	574
989	580
989	583
989	608
989	619
989	653
989	689
989	701
989	713
989	714
989	729
989	734
989	750
989	762
989	781
989	785
989	792
989	825
989	892
989	897
989	901
989	947
989	950
989	973
989	984
989	991
989	1000
990	35
990	58
990	59
990	77
990	106
990	122
990	156
990	360
990	365
990	374
990	379
990	398
990	446
990	454
990	479
990	504
990	572
990	575
990	591
990	620
990	646
990	655
990	697
990	703
990	711
990	753
990	793
990	796
990	831
990	847
990	854
990	857
990	865
990	868
990	878
990	891
990	914
990	942
990	969
990	971
990	973
990	988
991	7
991	37
991	108
991	110
991	195
991	207
991	294
991	312
991	356
991	357
991	420
991	431
991	433
991	440
991	476
991	516
991	559
991	568
991	574
991	580
991	583
991	619
991	653
991	657
991	689
991	704
991	713
991	734
991	781
991	792
991	795
991	815
991	886
991	892
991	897
991	947
991	950
991	956
991	961
991	970
991	989
991	1000
992	75
992	85
992	163
992	224
992	229
992	242
992	246
992	306
992	328
992	363
992	402
992	430
992	472
992	477
992	495
992	525
992	535
992	547
992	578
992	686
992	713
992	757
992	767
992	783
992	812
992	844
992	855
992	863
992	873
992	902
992	903
992	940
992	941
992	959
992	961
992	972
992	976
992	984
992	987
992	994
992	995
992	997
992	999
993	32
993	34
993	71
993	215
993	241
993	329
993	388
993	395
993	408
993	409
993	410
993	413
993	465
993	473
993	486
993	501
993	532
993	602
993	603
993	609
993	616
993	618
993	639
993	692
993	709
993	741
993	747
993	771
993	787
993	803
993	832
993	833
993	909
993	911
993	922
993	943
993	955
993	962
993	963
993	975
993	977
993	980
993	982
994	163
994	221
994	242
994	251
994	265
994	306
994	338
994	363
994	367
994	430
994	472
994	477
994	495
994	525
994	535
994	547
994	578
994	686
994	693
994	694
994	757
994	767
994	783
994	796
994	825
994	844
994	855
994	863
994	873
994	895
994	902
994	905
994	906
994	940
994	941
994	959
994	972
994	978
994	982
994	984
994	987
994	992
994	995
994	997
994	999
995	62
995	85
995	95
995	179
995	221
995	229
995	246
995	251
995	265
995	328
995	338
995	363
995	367
995	430
995	472
995	477
995	495
995	525
995	535
995	547
995	578
995	686
995	711
995	757
995	767
995	783
995	824
995	844
995	855
995	858
995	863
995	873
995	902
995	905
995	940
995	941
995	942
995	959
995	963
995	972
995	984
995	987
995	992
995	994
995	997
995	999
996	12
996	70
996	86
996	134
996	297
996	341
996	389
996	418
996	432
996	435
996	450
996	514
996	557
996	562
996	623
996	625
996	645
996	656
996	664
996	676
996	679
996	681
996	708
996	712
996	726
996	729
996	731
996	744
996	832
996	837
996	838
996	842
996	850
996	880
996	901
996	913
996	918
996	933
996	943
996	951
996	965
996	966
996	972
996	977
996	988
996	998
997	85
997	163
997	221
997	229
997	242
997	246
997	251
997	265
997	306
997	328
997	338
997	363
997	367
997	429
997	472
997	477
997	495
997	525
997	535
997	547
997	578
997	599
997	670
997	686
997	745
997	757
997	767
997	783
997	844
997	855
997	863
997	873
997	902
997	940
997	941
997	942
997	955
997	959
997	964
997	971
997	972
997	973
997	984
997	987
997	992
997	994
997	995
997	999
998	12
998	73
998	134
998	199
998	239
998	284
998	297
998	341
998	342
998	352
998	365
998	418
998	421
998	432
998	435
998	450
998	490
998	514
998	623
998	645
998	656
998	664
998	676
998	679
998	681
998	708
998	712
998	726
998	731
998	732
998	744
998	823
998	832
998	850
998	866
998	901
998	918
998	921
998	926
998	938
998	940
998	943
998	951
998	966
998	969
998	973
998	977
998	978
998	996
999	57
999	85
999	163
999	221
999	229
999	241
999	242
999	246
999	251
999	265
999	306
999	328
999	334
999	338
999	363
999	367
999	430
999	472
999	477
999	495
999	525
999	535
999	547
999	578
999	686
999	695
999	731
999	741
999	757
999	767
999	783
999	844
999	849
999	855
999	863
999	873
999	902
999	913
999	931
999	940
999	941
999	959
999	972
999	984
999	987
999	992
999	994
999	995
999	997
1000	37
1000	108
1000	110
1000	178
1000	185
1000	195
1000	228
1000	233
1000	294
1000	312
1000	331
1000	356
1000	357
1000	420
1000	433
1000	440
1000	474
1000	502
1000	512
1000	531
1000	568
1000	574
1000	580
1000	583
1000	608
1000	619
1000	648
1000	653
1000	689
1000	713
1000	734
1000	762
1000	772
1000	781
1000	783
1000	785
1000	792
1000	810
1000	815
1000	825
1000	848
1000	867
1000	892
1000	895
1000	897
1000	947
1000	950
1000	986
1000	989
1000	991
