1	456
1	868
1	910
1	912
2	799
2	973
2	978
2	1000
3	38
3	102
3	181
3	282
4	435
4	963
4	977
4	999
5	223
5	823
5	903
5	991
6	251
6	360
6	383
6	943
7	25
7	36
7	336
7	984
8	420
8	794
8	802
8	808
9	504
9	744
9	881
9	897
10	442
10	799
10	876
10	891
11	275
11	296
11	445
11	973
12	521
12	619
12	798
12	885
13	528
13	745
13	771
13	809
14	93
14	577
14	656
14	689
15	273
15	583
15	668
15	975
16	449
16	851
16	883
16	987
17	382
17	686
17	898
17	936
18	28
18	61
18	176
18	278
19	832
19	873
19	941
19	953
20	107
20	914
20	919
20	922
21	720
21	934
21	943
21	952
22	435
22	777
22	809
22	899
23	631
23	716
23	739
23	873
24	291
24	294
24	538
24	577
25	7
25	36
25	336
25	793
26	426
26	626
26	743
26	879
27	472
27	714
27	777
27	861
28	18
28	35
28	61
28	278
29	75
29	92
29	255
29	539
30	718
30	953
30	976
30	995
31	225
31	489
31	556
31	959
32	771
32	809
32	899
32	960
33	142
33	170
33	275
33	445
34	108
34	921
34	982
34	991
35	28
35	61
35	278
35	987
36	7
36	25
36	336
36	713
37	585
37	784
37	872
37	912
38	3
38	102
38	181
38	517
39	926
39	951
39	962
39	994
40	413
40	551
40	623
40	850
41	490
41	938
41	965
41	999
42	478
42	846
42	989
42	995
43	776
43	931
43	932
43	939
44	518
44	692
44	772
44	882
45	458
45	970
45	985
45	992
46	900
46	924
46	969
46	998
47	480
47	604
47	936
47	987
48	784
48	872
48	884
48	912
49	408
49	457
49	612
49	990
50	328
50	351
50	566
50	862
51	124
51	768
51	827
51	909
52	199
52	332
52	369
52	723
53	102
53	188
53	231
53	239
54	516
54	646
54	663
54	993
55	321
55	772
55	779
55	882
56	480
56	548
56	876
56	891
57	649
57	705
57	738
57	767
58	643
58	908
58	931
58	939
59	927
59	989
59	990
59	995
60	253
60	893
60	953
60	990
61	18
61	28
61	35
61	163
62	343
62	584
62	594
62	781
63	762
63	954
63	990
63	998
64	737
64	857
64	962
64	971
65	137
65	433
65	664
65	796
66	94
66	423
66	599
66	741
67	654
67	963
67	986
67	999
68	139
68	736
68	930
68	936
69	88
69	893
69	990
69	998
70	377
70	946
70	989
70	995
71	196
71	686
71	806
71	890
72	782
72	842
72	868
72	910
73	818
73	931
73	936
73	939
74	723
74	769
74	974
74	988
75	29
75	92
75	255
75	314
76	940
76	980
76	984
76	997
77	751
77	773
77	868
77	872
78	725
78	739
78	873
78	914
79	373
79	479
79	542
79	948
80	798
80	803
80	860
80	1000
81	345
81	979
81	983
81	996
82	132
82	561
82	563
82	936
83	844
83	875
83	904
83	935
84	541
84	629
84	697
84	983
85	95
85	194
85	251
85	360
86	214
86	517
86	671
86	778
87	782
87	910
87	912
87	937
88	69
88	641
88	685
88	874
89	332
89	717
89	719
89	741
90	683
90	834
90	875
90	956
91	672
91	785
91	786
91	864
92	29
92	75
92	255
92	970
93	14
93	259
93	438
93	577
94	66
94	273
94	719
94	876
95	85
95	791
95	919
95	922
96	677
96	753
96	924
96	988
97	342
97	950
97	993
97	996
98	385
98	734
98	754
98	971
99	141
99	960
99	992
99	1000
100	468
100	721
100	852
100	874
101	311
101	887
101	957
101	971
102	3
102	38
102	53
102	181
103	372
103	650
103	810
103	962
104	136
104	466
104	580
104	827
105	107
105	125
105	472
105	913
106	784
106	872
106	910
106	983
107	20
107	105
107	452
107	455
108	34
108	472
108	547
108	913
109	474
109	718
109	821
109	875
110	499
110	972
110	978
110	1000
111	366
111	827
111	909
111	981
112	612
112	745
112	845
112	909
113	690
113	966
113	981
113	999
114	553
114	581
114	845
114	885
115	875
115	908
115	931
115	939
116	744
116	789
116	895
116	896
117	368
117	388
117	477
117	778
118	806
118	890
118	913
118	967
119	183
119	504
119	639
119	666
120	661
120	824
120	864
120	999
121	473
121	550
121	586
121	927
122	362
122	401
122	796
122	797
123	451
123	979
123	984
123	996
124	51
124	709
124	745
124	909
125	105
125	722
125	803
125	860
126	330
126	604
126	930
126	936
127	695
127	799
127	847
127	891
128	312
128	859
128	904
128	935
129	293
129	508
129	862
129	890
130	845
130	949
130	968
130	974
131	676
131	771
131	861
131	899
132	82
132	561
132	563
132	694
133	951
133	959
133	968
133	988
134	582
134	700
134	705
134	738
135	385
135	535
135	986
135	999
136	104
136	707
136	909
136	911
137	65
137	205
137	237
137	649
138	271
138	285
138	310
138	612
139	68
139	722
139	747
139	860
140	757
140	844
140	859
140	935
141	99
141	248
141	829
141	886
142	33
142	920
142	976
142	995
143	174
143	776
143	931
143	939
144	190
144	467
144	516
144	663
145	777
145	938
145	966
145	999
146	204
146	794
146	802
146	808
147	937
147	980
147	990
147	998
148	658
148	908
148	931
148	939
149	642
149	976
149	989
149	995
150	725
150	833
150	873
150	983
151	308
151	821
151	834
151	875
152	371
152	975
152	992
152	1000
153	744
153	914
153	919
153	922
154	806
154	890
154	913
154	998
155	780
155	817
155	849
155	883
156	838
156	968
156	974
156	988
157	277
157	775
157	921
157	991
158	643
158	862
158	867
158	961
159	345
159	453
159	555
159	635
160	342
160	521
160	840
160	885
161	325
161	526
161	584
161	594
162	185
162	821
162	834
162	875
163	61
163	701
163	746
163	778
164	271
164	285
164	310
164	628
165	453
165	555
165	635
165	908
166	225
166	384
166	556
166	789
167	605
167	643
167	752
167	940
168	474
168	924
168	941
168	998
169	292
169	529
169	581
169	637
170	33
170	296
170	388
170	445
171	782
171	857
171	868
171	912
172	295
172	819
172	882
172	887
173	414
173	700
173	764
173	783
174	143
174	298
174	334
174	369
175	422
175	487
175	501
175	775
176	18
176	812
176	898
176	930
177	537
177	773
177	931
177	939
178	805
178	970
178	985
178	986
179	683
179	821
179	834
179	967
180	282
180	561
180	563
180	751
181	3
181	38
181	102
181	922
182	749
182	983
182	996
182	997
183	119
183	504
183	724
183	962
184	219
184	795
184	845
184	885
185	162
185	265
185	580
185	909
186	279
186	289
186	487
186	501
187	276
187	345
187	635
187	952
188	53
188	239
188	300
188	715
189	236
189	817
189	851
189	986
190	144
190	866
190	964
190	995
191	506
191	820
191	826
191	978
192	650
192	813
192	895
192	897
193	813
193	881
193	896
193	995
194	85
194	251
194	360
194	756
195	828
195	988
195	989
195	995
196	71
196	576
196	776
196	913
197	443
197	765
197	817
197	883
198	603
198	818
198	939
198	976
199	52
199	298
199	332
199	648
200	534
200	638
200	756
200	848
201	431
201	481
201	653
201	945
202	712
202	947
202	996
202	997
203	496
203	565
203	697
203	996
204	146
204	918
204	955
204	999
205	137
205	309
205	726
205	796
206	831
206	848
206	929
206	962
207	241
207	479
207	542
207	742
208	292
208	315
208	359
208	810
209	813
209	895
209	896
209	897
210	463
210	917
210	978
210	1000
211	394
211	914
211	919
211	922
212	688
212	841
212	959
212	988
213	733
213	856
213	954
213	998
214	86
214	666
214	743
214	931
215	741
215	796
215	797
215	964
216	469
216	609
216	783
216	847
217	719
217	725
217	833
217	873
218	340
218	747
218	803
218	860
219	184
219	521
219	885
219	949
220	292
220	359
220	396
220	586
221	242
221	963
221	966
221	999
222	546
222	717
222	719
222	798
223	5
223	901
223	982
223	997
224	541
224	629
224	647
224	697
225	31
225	166
225	556
225	994
226	849
226	946
226	976
226	989
227	712
227	727
227	776
227	790
228	574
228	949
228	959
228	988
229	841
229	870
229	959
229	974
230	807
230	962
230	969
230	994
231	53
231	300
231	664
231	723
232	491
232	529
232	581
232	966
233	456
233	649
233	705
233	738
234	452
234	806
234	828
234	913
235	276
235	555
235	635
235	823
236	189
236	765
236	883
236	999
237	137
237	471
237	796
237	929
238	464
238	959
238	968
238	988
239	53
239	188
239	300
239	622
240	591
240	652
240	657
240	851
241	207
241	479
241	542
241	986
242	221
242	760
242	850
242	887
243	735
243	793
243	874
243	886
244	347
244	720
244	858
244	886
245	821
245	834
245	875
245	927
245	969
246	972
246	973
246	992
246	996
246	1000
247	571
247	607
247	615
247	689
247	692
248	141
248	508
248	522
248	862
248	867
249	264
249	491
249	529
249	637
249	796
250	720
250	793
250	858
250	886
250	930
251	6
251	85
251	194
251	360
251	535
252	433
252	557
252	796
252	797
252	974
253	60
253	978
253	981
253	992
253	1000
254	523
254	744
254	850
254	895
254	897
255	29
255	75
255	92
255	699
255	783
256	515
256	704
256	872
256	910
256	912
257	673
257	703
257	881
257	896
257	897
258	510
258	744
258	881
258	895
258	897
259	93
259	587
259	602
259	933
259	962
260	761
260	814
260	844
260	935
260	969
261	482
261	519
261	712
261	727
261	790
262	578
262	590
262	844
262	904
262	935
263	573
263	672
263	824
263	864
263	872
264	249
264	352
264	581
264	637
264	792
265	185
265	437
265	511
265	707
265	909
266	309
266	433
266	634
266	786
266	797
267	344
267	346
267	576
267	770
267	913
268	813
268	875
268	881
268	896
268	897
269	292
269	473
269	586
269	810
269	985
270	275
270	597
270	598
270	689
270	692
271	138
271	164
271	285
271	302
271	310
272	596
272	795
272	816
272	845
272	885
273	15
273	94
273	401
273	681
273	965
274	418
274	431
274	481
274	603
274	653
275	11
275	33
275	270
275	296
275	445
276	187
276	235
276	555
276	635
276	1000
277	157
277	604
277	961
277	965
277	999
278	18
278	28
278	35
278	527
278	814
279	186
279	891
279	972
279	978
279	1000
280	820
280	826
280	858
280	886
280	923
281	662
281	737
281	892
281	957
281	971
282	3
282	180
282	514
282	561
282	563
283	509
283	634
283	877
283	890
283	913
284	624
284	660
284	819
284	882
284	965
285	138
285	164
285	271
285	310
285	603
286	854
286	953
286	959
286	967
286	990
287	499
287	520
287	566
287	862
287	867
288	605
288	643
288	696
288	730
288	752
289	186
289	422
289	487
289	501
289	925
290	378
290	949
290	968
290	974
290	988
291	24
291	438
291	577
291	770
291	797
292	169
292	208
292	220
292	269
292	359
293	129
293	639
293	862
293	867
293	948
294	24
294	438
294	577
294	805
294	973
295	172
295	316
295	451
295	781
295	819
296	11
296	170
296	275
296	445
296	947
297	843
297	963
297	965
297	987
297	999
298	174
298	199
298	334
298	369
298	940
299	606
299	929
299	962
299	982
299	994
300	188
300	231
300	239
300	616
300	972
301	708
301	954
301	980
301	990
301	998
302	271
302	442
302	850
302	957
302	971
303	496
303	565
303	629
303	697
303	749
304	831
304	950
304	956
304	981
304	996
305	638
305	654
305	691
305	708
305	756
306	542
306	949
306	968
306	974
306	988
307	394
307	682
307	799
307	876
307	891
308	151
308	842
308	921
308	969
308	991
309	205
309	266
309	433
309	797
309	854
310	138
310	164
310	271
310	285
310	1000
311	101
311	765
311	780
311	817
311	883
312	128
312	413
312	432
312	551
312	623
313	519
313	837
313	914
313	919
313	922
314	75
314	710
314	901
314	982
314	991
315	208
315	676
315	812
315	898
315	936
316	295
316	388
316	745
316	827
316	909
317	755
317	933
317	966
317	969
317	994
318	481
318	761
318	762
318	904
318	935
319	412
319	892
319	933
319	991
319	994
320	508
320	522
320	566
320	733
320	867
321	55
321	981
321	984
321	993
321	997
322	387
322	725
322	833
322	873
322	888
323	591
323	683
323	834
323	875
323	1000
324	672
324	785
324	824
324	864
324	988
325	161
325	526
325	584
325	594
325	638
326	522
326	738
326	862
326	867
326	982
327	402
327	634
327	962
327	991
327	994
328	50
328	850
328	916
328	957
328	971
329	331
329	596
329	795
329	845
329	885
330	126
330	377
330	418
330	653
330	889
331	329
331	794
331	802
331	808
331	855
332	52
332	89
332	199
332	333
332	334
333	332
333	531
333	826
333	829
333	858
334	174
334	298
334	332
334	369
334	997
335	448
335	785
335	802
335	824
335	864
336	7
336	25
336	36
336	482
336	942
337	540
337	695
337	811
337	876
337	891
338	570
338	868
338	872
338	910
338	912
339	894
339	948
339	961
339	987
339	999
340	218
340	918
340	944
340	956
340	981
341	610
341	769
341	932
341	964
341	995
342	97
342	160
342	619
342	845
342	885
343	62
343	526
343	584
343	594
343	716
344	267
344	551
344	623
344	980
344	981
345	81
345	159
345	187
345	453
345	940
346	267
346	588
346	890
346	913
346	926
347	244
347	452
347	490
347	655
347	890
348	350
348	683
348	804
348	821
348	875
349	452
349	547
349	806
349	890
349	935
350	348
350	447
350	594
350	834
350	938
351	50
351	590
351	862
351	867
351	947
352	264
352	581
352	637
352	915
352	936
353	525
353	907
353	957
353	977
353	999
354	879
354	961
354	963
354	975
354	987
355	533
355	560
355	570
355	852
355	874
356	767
356	889
356	942
356	970
356	985
357	627
357	848
357	969
357	982
357	994
358	636
358	707
358	745
358	827
358	909
359	208
359	220
359	292
359	810
359	931
360	6
360	85
360	194
360	251
360	873
361	945
361	965
361	978
361	986
361	999
362	122
362	443
362	557
362	796
362	797
363	413
363	454
363	564
363	643
363	752
364	713
364	759
364	841
364	959
364	988
365	469
365	667
365	670
365	783
365	909
366	111
366	408
366	612
366	714
366	909
367	788
367	843
367	954
367	980
367	998
368	117
368	701
368	724
368	743
368	839
369	52
369	174
369	298
369	334
369	440
370	416
370	467
370	543
370	646
370	663
371	152
371	879
371	945
371	987
371	999
372	103
372	544
372	650
372	655
372	810
373	79
373	479
373	542
373	917
373	968
374	560
374	654
374	670
374	708
374	756
375	546
375	633
375	722
375	798
375	860
376	884
376	913
376	984
376	993
376	997
377	70
377	330
377	418
377	431
377	653
378	290
378	828
378	942
378	989
378	995
379	976
379	979
379	983
379	993
379	996
380	572
380	661
380	818
380	824
380	864
381	871
381	892
381	914
381	990
381	998
382	17
382	838
382	920
382	927
382	976
383	6
383	415
383	609
383	727
383	790
384	166
384	489
384	556
384	793
384	913
385	98
385	135
385	683
385	834
385	875
386	676
386	812
386	898
386	901
386	930
387	322
387	609
387	670
387	783
387	943
388	117
388	170
388	316
388	707
388	827
389	599
389	717
389	719
389	741
389	879
390	677
390	684
390	735
390	876
390	891
391	509
391	576
391	752
391	806
391	905
392	396
392	712
392	727
392	790
392	891
393	640
393	728
393	908
393	931
393	939
394	211
394	307
394	751
394	872
394	910
394	912
395	703
395	813
395	881
395	895
395	896
395	952
396	220
396	392
396	415
396	559
396	727
396	790
397	679
397	680
397	788
397	933
397	957
397	971
398	507
398	669
398	788
398	857
398	887
398	957
399	547
399	576
399	588
399	867
399	890
399	913
400	461
400	537
400	918
400	965
400	966
400	986
401	122
401	273
401	575
401	583
401	668
401	681
402	327
402	524
402	843
402	850
402	857
402	916
403	744
403	764
403	830
403	837
403	852
403	874
404	956
404	983
404	984
404	985
404	993
404	997
405	917
405	950
405	979
405	981
405	996
405	997
406	557
406	822
406	929
406	951
406	992
406	994
407	752
407	940
407	950
407	952
407	996
407	997
408	49
408	366
408	409
408	457
408	747
408	827
409	408
409	511
409	513
409	571
409	827
409	909
410	422
410	956
410	979
410	984
410	996
410	997
411	432
411	809
411	853
411	861
411	899
411	976
412	319
412	546
412	717
412	719
412	741
412	906
413	40
413	312
413	363
413	432
413	551
413	623
414	173
414	554
414	609
414	667
414	700
414	783
415	383
415	396
415	559
415	698
415	712
415	790
416	370
416	467
416	646
416	663
416	676
416	769
417	770
417	794
417	802
417	808
417	854
417	867
418	274
418	330
418	377
418	431
418	632
418	653
419	557
419	878
419	884
419	952
419	970
419	985
420	8
420	947
420	983
420	985
420	993
420	997
421	476
421	649
421	705
421	711
421	738
421	842
422	175
422	289
422	410
422	487
422	501
422	706
423	66
423	762
423	844
423	859
423	904
423	935
424	825
424	906
424	924
424	967
424	990
424	998
425	449
425	780
425	817
425	883
425	960
425	993
426	26
426	501
426	517
426	609
426	640
426	724
427	529
427	938
427	945
427	963
427	987
427	999
428	786
428	914
428	919
428	922
428	990
428	997
429	507
429	733
429	771
429	809
429	853
429	899
430	513
430	951
430	961
430	969
430	982
430	991
431	201
431	274
431	377
431	418
431	481
431	653
432	312
432	411
432	413
432	551
432	623
432	908
433	65
433	252
433	266
433	309
433	787
433	797
434	533
434	575
434	668
434	681
434	946
434	982
435	4
435	22
435	979
435	983
435	984
435	997
436	774
436	855
436	912
436	930
436	959
436	988
437	265
437	686
437	709
437	930
437	936
437	996
438	93
438	291
438	294
438	577
438	838
438	868
439	611
439	733
439	837
439	914
439	919
439	922
440	369
440	613
440	728
440	776
440	908
440	931
441	476
441	649
441	705
441	738
441	782
441	999
442	10
442	302
442	788
442	850
442	857
442	957
443	197
443	362
443	772
443	781
443	819
443	882
444	776
444	871
444	908
444	931
444	939
444	954
445	11
445	33
445	170
445	275
445	296
445	586
446	940
446	958
446	975
446	978
446	992
446	1000
447	350
447	573
447	683
447	821
447	834
447	875
448	335
448	785
448	824
448	864
448	928
448	994
449	16
449	425
449	583
449	616
449	851
449	883
450	553
450	668
450	731
450	795
450	845
450	885
451	123
451	295
451	567
451	772
451	781
451	882
452	107
452	234
452	347
452	349
452	547
452	816
453	159
453	165
453	345
453	530
453	540
453	635
454	363
454	536
454	696
454	752
454	845
454	889
455	107
455	471
455	490
455	588
455	806
455	999
456	1
456	233
456	972
456	975
456	992
456	1000
457	49
457	408
457	511
457	707
457	909
457	958
458	45
458	664
458	942
458	943
458	970
458	985
459	724
459	839
459	921
459	962
459	969
459	994
460	716
460	739
460	773
460	833
460	873
460	914
461	400
461	592
461	761
461	844
461	904
461	935
462	751
462	856
462	943
462	949
462	952
462	970
463	210
463	818
463	882
463	908
463	931
463	939
464	238
464	515
464	784
464	868
464	910
464	912
465	494
465	811
465	841
465	949
465	968
465	974
466	104
466	528
466	771
466	837
466	853
466	899
467	144
467	370
467	416
467	516
467	646
467	663
468	100
468	587
468	921
468	962
468	991
468	994
469	216
469	365
469	667
469	700
469	783
469	924
470	754
470	760
470	768
470	887
470	916
470	971
471	237
471	455
471	557
471	755
471	796
471	797
472	27
472	105
472	108
472	588
472	806
472	913
473	121
473	269
473	586
473	655
473	664
473	932
474	109
474	168
474	683
474	821
474	834
474	875
475	761
475	959
475	968
475	974
475	978
475	988
476	421
476	441
476	649
476	705
476	738
476	865
477	117
477	504
477	724
477	746
477	778
477	990
478	42
478	591
478	652
478	817
478	851
478	964
479	79
479	207
479	241
479	373
479	542
479	960
480	47
480	56
480	676
480	898
480	930
480	936
481	201
481	274
481	318
481	431
481	653
481	980
482	261
482	336
482	559
482	712
482	727
482	790
483	634
483	842
483	848
483	951
483	960
483	994
484	961
484	979
484	981
484	993
484	996
484	997
485	596
485	965
485	977
485	986
485	987
485	999
486	703
486	728
486	744
486	895
486	896
486	897
487	175
487	186
487	289
487	422
487	501
487	645
488	722
488	798
488	803
488	825
488	860
488	991
489	31
489	384
489	556
489	592
489	648
489	969
490	41
490	347
490	455
490	890
490	913
490	934
491	232
491	249
491	501
491	529
491	581
491	637
492	641
492	723
492	732
492	830
492	852
492	874
493	614
493	871
493	897
493	980
493	990
493	995
494	465
494	940
494	956
494	972
494	981
494	993
495	648
495	716
495	739
495	833
495	873
495	981
496	203
496	303
496	541
496	629
496	697
496	870
497	708
497	717
497	777
497	853
497	861
497	899
498	534
498	560
498	654
498	708
498	756
498	956
499	110
499	287
499	566
499	615
499	862
499	867
500	606
500	857
500	870
500	922
500	957
500	971
501	175
501	186
501	289
501	422
501	426
501	487
501	491
502	805
502	855
502	895
502	959
502	968
502	974
502	988
503	548
503	651
503	770
503	794
503	802
503	808
503	976
504	9
504	119
504	183
504	477
504	666
504	778
504	787
505	746
505	751
505	782
505	868
505	910
505	912
505	940
506	191
506	540
506	784
506	820
506	826
506	829
506	886
507	398
507	429
507	528
507	699
507	853
507	861
507	899
508	129
508	248
508	320
508	862
508	867
508	940
508	951
509	283
509	391
509	512
509	547
509	721
509	890
509	913
510	258
510	604
510	686
510	898
510	930
510	936
510	990
511	265
511	409
511	457
511	513
511	580
511	612
511	930
512	509
512	650
512	714
512	777
512	853
512	861
512	899
513	409
513	430
513	511
513	612
513	681
513	827
513	909
514	282
514	789
514	805
514	856
514	952
514	970
514	985
515	256
515	464
515	751
515	822
515	862
515	872
515	910
516	54
516	144
516	467
516	646
516	663
516	971
516	988
517	38
517	86
517	426
517	532
517	626
517	640
517	701
518	44
518	660
518	699
518	772
518	779
518	819
518	882
519	261
519	313
519	630
519	932
519	976
519	989
519	995
520	287
520	524
520	754
520	887
520	916
520	950
520	971
521	12
521	160
521	219
521	736
521	795
521	845
521	885
522	248
522	320
522	326
522	618
522	738
522	862
522	867
523	254
523	578
523	802
523	895
523	896
523	897
523	922
524	402
524	520
524	680
524	737
524	836
524	931
524	971
525	353
525	635
525	905
525	961
525	966
525	986
525	999
526	161
526	325
526	343
526	584
526	594
526	785
526	996
527	278
527	740
527	886
527	949
527	959
527	968
527	974
528	13
528	466
528	507
528	809
528	848
528	853
528	861
529	169
529	232
529	249
529	427
529	491
529	532
529	637
530	453
530	856
530	925
530	960
530	973
530	992
530	1000
531	333
531	720
531	820
531	858
531	886
531	900
531	974
532	517
532	529
532	711
532	774
532	959
532	974
532	988
533	355
533	434
533	575
533	583
533	668
533	681
533	872
534	200
534	498
534	560
534	638
534	654
534	708
534	756
535	135
535	251
535	902
535	938
535	977
535	978
535	986
536	454
536	564
536	643
536	696
536	750
536	752
536	889
537	177
537	400
537	944
537	979
537	983
537	993
537	997
538	24
538	648
538	716
538	739
538	833
538	873
538	976
539	29
539	617
539	840
539	920
539	937
539	989
539	995
540	337
540	453
540	506
540	820
540	829
540	858
540	886
541	84
541	224
541	496
541	565
541	697
541	890
541	982
542	79
542	207
542	241
542	306
542	373
542	479
542	904
543	370
543	549
543	747
543	798
543	803
543	860
543	967
544	372
544	793
544	820
544	826
544	829
544	886
544	943
545	688
545	915
545	934
545	939
545	942
545	943
545	985
546	222
546	375
546	412
546	599
546	717
546	719
546	741
547	108
547	349
547	399
547	452
547	509
547	890
547	958
548	56
548	503
548	814
548	847
548	941
548	953
548	998
549	543
549	608
549	747
549	798
549	803
549	860
549	977
550	121
550	650
550	655
550	664
550	671
550	810
550	941
551	40
551	312
551	344
551	413
551	432
551	622
551	623
552	898
552	958
552	972
552	975
552	978
552	992
552	1000
553	114
553	450
553	742
553	776
553	795
553	845
553	885
554	414
554	877
554	933
554	934
554	942
554	952
554	985
555	159
555	165
555	235
555	276
555	635
555	824
555	934
556	31
556	166
556	225
556	384
556	489
556	821
556	950
557	252
557	362
557	406
557	419
557	471
557	796
557	797
558	711
558	713
558	949
558	959
558	968
558	974
558	979
559	396
559	415
559	482
559	712
559	727
559	790
559	860
560	355
560	374
560	498
560	534
560	638
560	708
560	756
561	82
561	132
561	180
561	282
561	563
561	683
561	994
562	854
562	872
562	893
562	953
562	967
562	972
562	998
563	82
563	132
563	180
563	282
563	561
563	886
563	909
564	363
564	536
564	605
564	696
564	750
564	752
564	756
565	203
565	303
565	541
565	586
565	629
565	697
565	866
566	50
566	287
566	320
566	499
566	811
566	862
566	867
567	451
567	772
567	779
567	781
567	819
567	882
567	953
567	972
568	855
568	883
568	949
568	959
568	968
568	974
568	988
568	992
569	601
569	958
569	960
569	972
569	973
569	975
569	979
569	1000
570	338
570	355
570	641
570	732
570	830
570	852
570	874
570	928
571	247
571	409
571	597
571	598
571	615
571	620
571	689
571	692
572	380
572	661
572	672
572	748
572	785
572	824
572	864
572	979
573	263
573	447
573	603
573	728
573	773
573	908
573	931
573	939
574	228
574	718
574	870
574	878
574	903
574	943
574	952
574	970
575	401
575	434
575	533
575	583
575	668
575	681
575	740
575	820
576	196
576	267
576	391
576	399
576	890
576	913
576	981
576	984
577	14
577	24
577	93
577	291
577	294
577	438
577	754
577	993
578	262
578	523
578	805
578	813
578	881
578	895
578	896
578	897
579	762
579	814
579	844
579	859
579	890
579	904
579	935
579	938
580	104
580	185
580	511
580	707
580	745
580	835
580	871
580	909
581	114
581	169
581	232
581	264
581	352
581	491
581	637
581	969
582	134
582	768
582	893
582	972
582	973
582	975
582	992
582	1000
583	15
583	401
583	449
583	533
583	575
583	668
583	681
583	966
584	62
584	161
584	325
584	343
584	526
584	594
584	656
584	775
585	37
585	838
585	866
585	920
585	927
585	928
585	964
585	989
586	121
586	220
586	269
586	445
586	473
586	565
586	650
586	810
587	259
587	468
587	634
587	804
587	815
587	944
587	951
587	969
588	346
588	399
588	455
588	472
588	806
588	841
588	890
588	992
589	594
589	816
589	905
589	918
589	955
589	961
589	977
589	987
590	262
590	351
590	662
590	786
590	814
590	844
590	904
590	935
591	240
591	323
591	478
591	616
591	780
591	813
591	851
591	883
592	461
592	489
592	662
592	814
592	859
592	904
592	935
592	995
593	636
593	684
593	695
593	777
593	799
593	811
593	876
593	891
594	62
594	161
594	325
594	343
594	350
594	526
594	584
594	589
595	673
595	703
595	813
595	881
595	895
595	896
595	897
595	979
596	272
596	329
596	485
596	619
596	695
596	795
596	845
596	885
597	270
597	571
597	598
597	615
597	689
597	692
597	942
597	991
598	270
598	571
598	597
598	615
598	689
598	692
598	810
598	968
599	66
599	389
599	546
599	717
599	719
599	741
599	998
599	999
600	670
600	684
600	710
600	799
600	811
600	876
600	891
600	981
601	569
601	944
601	947
601	965
601	979
601	981
601	993
601	996
602	259
602	846
602	940
602	944
602	983
602	993
602	996
602	997
603	198
603	274
603	285
603	573
603	613
603	908
603	931
603	939
604	47
604	126
604	277
604	510
604	736
604	790
604	930
604	936
605	167
605	288
605	564
605	643
605	696
605	752
605	866
605	991
606	299
606	500
606	836
606	850
606	916
606	938
606	957
606	971
607	247
607	685
607	721
607	764
607	830
607	852
607	872
607	874
608	549
608	925
608	960
608	972
608	973
608	989
608	992
608	1000
609	216
609	383
609	387
609	414
609	426
609	670
609	700
609	783
610	341
610	686
610	698
610	812
610	898
610	930
610	936
610	969
611	439
611	715
611	791
611	859
611	914
611	919
611	922
611	997
612	49
612	112
612	138
612	366
612	511
612	513
612	710
612	827
613	440
613	603
613	773
613	818
613	890
613	908
613	939
613	974
614	493
614	693
614	871
614	888
614	900
614	943
614	980
614	998
615	247
615	499
615	571
615	597
615	598
615	630
615	689
615	692
616	300
616	449
616	591
616	765
616	780
616	851
616	883
616	964
617	539
617	784
617	877
617	878
617	942
617	943
617	970
617	985
618	522
618	863
618	929
618	933
618	951
618	969
618	970
618	991
619	12
619	342
619	596
619	793
619	795
619	845
619	885
619	925
620	571
620	856
620	877
620	881
620	903
620	945
620	970
620	985
621	824
621	885
621	979
621	983
621	984
621	993
621	996
621	997
622	239
622	551
622	804
622	822
622	823
622	929
622	982
622	991
623	40
623	312
623	344
623	413
623	432
623	551
623	837
623	910
624	284
624	660
624	779
624	781
624	819
624	876
624	882
624	902
625	703
625	855
625	902
625	945
625	963
625	966
625	977
625	986
626	26
626	517
626	640
626	666
626	743
626	778
626	861
626	911
627	357
627	662
627	762
627	814
627	844
627	859
627	906
627	935
628	164
628	829
628	960
628	972
628	975
628	978
628	992
628	1000
629	84
629	224
629	303
629	496
629	565
629	696
629	697
629	934
630	519
630	615
630	672
630	846
630	932
630	964
630	989
630	995
631	23
631	753
631	855
631	916
631	959
631	968
631	974
631	988
632	418
632	786
632	791
632	837
632	914
632	919
632	920
632	922
633	375
633	722
633	747
633	795
633	798
633	803
633	860
633	993
634	266
634	283
634	327
634	483
634	587
634	787
634	892
634	908
634	991
635	159
635	165
635	187
635	235
635	276
635	453
635	525
635	555
635	994
636	358
636	593
636	848
636	863
636	929
636	951
636	991
636	994
636	998
637	169
637	249
637	264
637	352
637	491
637	529
637	581
637	665
637	963
638	200
638	305
638	325
638	534
638	560
638	654
638	708
638	725
638	756
639	119
639	293
639	947
639	950
639	981
639	983
639	984
639	993
639	996
640	393
640	426
640	517
640	626
640	667
640	701
640	743
640	746
640	748
641	88
641	492
641	570
641	721
641	761
641	764
641	830
641	852
641	944
642	149
642	757
642	856
642	884
642	903
642	934
642	943
642	952
642	985
643	58
643	158
643	167
643	288
643	363
643	536
643	605
643	696
643	752
644	651
644	770
644	794
644	802
644	808
644	900
644	955
644	997
645	487
645	743
645	838
645	927
645	937
645	964
645	976
645	989
645	995
646	54
646	370
646	416
646	467
646	516
646	663
646	674
646	868
646	976
647	224
647	926
647	958
647	973
647	975
647	978
647	992
647	993
647	1000
648	199
648	489
648	495
648	538
648	716
648	739
648	833
648	873
648	994
649	57
649	137
649	233
649	421
649	441
649	476
649	705
649	738
649	935
650	103
650	192
650	372
650	512
650	550
650	586
650	655
650	664
650	810
651	503
651	644
651	770
651	794
651	802
651	808
651	863
651	975
652	240
652	478
652	765
652	780
652	818
652	851
652	883
652	975
652	983
653	201
653	274
653	330
653	377
653	418
653	431
653	481
653	903
653	978
654	67
654	305
654	374
654	498
654	534
654	638
654	708
654	756
654	765
655	347
655	372
655	473
655	550
655	650
655	664
655	781
655	810
655	817
656	14
656	584
656	874
656	880
656	950
656	979
656	981
656	993
656	997
657	240
657	843
657	941
657	953
657	954
657	964
657	967
657	980
657	998
658	148
658	870
658	883
658	915
658	934
658	942
658	943
658	970
658	985
659	789
659	856
659	881
659	884
659	903
659	915
659	953
659	970
659	985
660	284
660	518
660	624
660	677
660	779
660	781
660	819
660	882
660	955
661	120
661	380
661	572
661	705
661	785
661	802
661	824
661	864
661	998
662	281
662	590
662	592
662	627
662	761
662	859
662	904
662	935
662	953
663	54
663	144
663	370
663	416
663	467
663	516
663	646
663	966
663	985
664	65
664	231
664	458
664	473
664	550
664	650
664	655
664	810
664	928
665	637
665	897
665	956
665	979
665	981
665	983
665	984
665	996
665	997
666	119
666	214
666	504
666	626
666	701
666	743
666	746
666	944
666	988
667	365
667	414
667	469
667	640
667	670
667	700
667	720
667	783
667	880
668	15
668	401
668	434
668	450
668	533
668	575
668	583
668	681
668	753
669	398
669	676
669	698
669	709
669	736
669	930
669	936
669	944
669	998
670	365
670	374
670	387
670	600
670	609
670	667
670	700
670	783
670	908
671	86
671	550
671	840
671	920
671	927
671	932
671	937
671	964
671	989
672	91
672	263
672	324
672	572
672	630
672	785
672	824
672	828
672	864
673	257
673	595
673	847
673	941
673	953
673	954
673	980
673	990
673	998
674	646
674	852
674	944
674	956
674	979
674	981
674	984
674	996
674	997
675	736
675	920
675	932
675	937
675	949
675	964
675	976
675	989
675	995
676	131
676	315
676	386
676	416
676	480
676	669
676	898
676	930
676	936
677	96
677	390
677	660
677	730
677	740
677	949
677	968
677	974
677	988
678	832
678	893
678	941
678	946
678	954
678	967
678	980
678	981
678	990
679	397
679	680
679	836
679	857
679	916
679	957
679	971
679	975
679	980
680	397
680	524
680	679
680	704
680	836
680	853
680	887
680	963
680	971
681	273
681	401
681	434
681	513
681	533
681	575
681	583
681	668
681	782
682	307
682	684
682	695
682	710
682	811
682	873
682	876
682	891
682	994
683	90
683	179
683	323
683	348
683	385
683	447
683	474
683	561
683	875
683	925
684	390
684	593
684	600
684	682
684	710
684	811
684	834
684	852
684	876
684	891
685	88
685	607
685	721
685	732
685	764
685	793
685	830
685	852
685	874
685	889
686	17
686	71
686	437
686	510
686	610
686	703
686	709
686	812
686	898
686	930
687	691
687	715
687	786
687	791
687	837
687	914
687	919
687	922
687	950
687	985
688	212
688	545
688	900
688	923
688	960
688	972
688	973
688	978
688	992
688	1000
689	14
689	247
689	270
689	571
689	597
689	598
689	615
689	692
689	954
689	984
690	113
690	831
690	865
690	905
690	955
690	961
690	970
690	977
690	987
690	999
691	305
691	687
691	715
691	786
691	791
691	822
691	837
691	914
691	919
691	922
692	44
692	247
692	270
692	571
692	597
692	598
692	615
692	689
692	877
692	900
693	614
693	856
693	869
693	958
693	960
693	973
693	975
693	978
693	992
693	1000
694	132
694	800
694	826
694	932
694	937
694	946
694	964
694	976
694	977
694	995
695	127
695	337
695	593
695	596
695	682
695	799
695	811
695	834
695	876
695	891
696	288
696	454
696	536
696	564
696	605
696	629
696	643
696	752
696	800
696	885
697	84
697	203
697	224
697	303
697	496
697	541
697	565
697	629
697	914
697	971
698	415
698	610
698	669
698	736
698	812
698	867
698	898
698	930
698	936
698	980
699	255
699	507
699	518
699	711
699	723
699	730
699	949
699	968
699	974
699	988
700	134
700	173
700	414
700	469
700	609
700	667
700	670
700	783
700	864
700	923
701	163
701	368
701	517
701	640
701	666
701	724
701	743
701	746
701	836
701	944
702	721
702	843
702	900
702	911
702	917
702	924
702	954
702	967
702	990
702	998
703	257
703	395
703	486
703	595
703	625
703	686
703	744
703	881
703	896
703	1000
704	256
704	680
704	760
704	788
704	833
704	857
704	916
704	929
704	957
704	971
705	57
705	134
705	233
705	421
705	441
705	476
705	649
705	661
705	738
705	945
706	422
706	888
706	893
706	911
706	917
706	963
706	967
706	980
706	990
706	998
707	136
707	265
707	358
707	388
707	457
707	580
707	745
707	835
707	859
707	866
708	301
708	305
708	374
708	497
708	498
708	534
708	560
708	638
708	654
708	756
709	124
709	437
709	669
709	686
709	736
709	898
709	901
709	930
709	936
709	999
710	314
710	600
710	612
710	682
710	684
710	799
710	811
710	876
710	891
710	905
711	421
711	532
711	558
711	699
711	855
711	949
711	952
711	959
711	974
711	988
712	202
712	227
712	261
712	392
712	415
712	482
712	559
712	727
712	790
712	866
713	36
713	364
713	558
713	716
713	753
713	774
713	887
713	949
713	968
713	974
713	988
714	27
714	366
714	512
714	777
714	809
714	818
714	853
714	861
714	899
714	922
714	983
715	188
715	611
715	687
715	691
715	786
715	837
715	879
715	914
715	919
715	922
715	939
716	23
716	343
716	460
716	495
716	538
716	648
716	713
716	725
716	833
716	869
716	873
717	89
717	222
717	389
717	412
717	497
717	546
717	599
717	719
717	741
717	928
717	986
718	30
718	109
718	574
718	846
718	866
718	927
718	946
718	964
718	976
718	989
718	995
719	89
719	94
719	217
719	222
719	389
719	412
719	546
719	599
719	717
719	741
719	973
720	21
720	244
720	250
720	531
720	667
720	735
720	793
720	820
720	826
720	829
720	858
721	100
721	509
721	607
721	641
721	685
721	702
721	731
721	732
721	764
721	830
721	874
722	125
722	139
722	375
722	488
722	633
722	747
722	798
722	803
722	838
722	860
722	897
723	52
723	74
723	231
723	492
723	699
723	855
723	949
723	959
723	968
723	974
723	988
724	183
724	368
724	426
724	459
724	477
724	701
724	746
724	778
724	840
724	916
724	963
725	78
725	150
725	217
725	322
725	638
725	716
725	739
725	779
725	828
725	833
725	873
726	205
726	923
726	958
726	972
726	973
726	975
726	978
726	990
726	992
726	994
726	1000
727	227
727	261
727	383
727	392
727	396
727	482
727	559
727	712
727	783
727	788
727	790
728	393
728	440
728	486
728	573
728	773
728	776
728	808
728	818
728	908
728	931
728	939
729	838
729	902
729	927
729	928
729	948
729	955
729	965
729	966
729	986
729	987
729	999
730	288
730	677
730	699
730	753
730	841
730	949
730	959
730	968
730	988
730	991
730	996
731	450
731	721
731	828
731	866
731	932
731	937
731	946
731	964
731	976
731	989
731	995
732	492
732	570
732	685
732	721
732	764
732	804
732	830
732	852
732	874
732	895
732	953
733	213
733	320
733	429
733	439
733	835
733	911
733	953
733	954
733	967
733	990
733	998
734	98
734	749
734	788
734	807
734	836
734	850
734	916
734	944
734	957
734	971
734	988
735	243
735	390
735	720
735	793
735	811
735	820
735	826
735	829
735	858
735	886
735	955
736	68
736	521
736	604
736	669
736	675
736	698
736	709
736	812
736	898
736	930
736	936
737	64
737	281
737	524
737	748
737	749
737	754
737	887
737	916
737	940
737	943
737	957
738	57
738	134
738	233
738	326
738	421
738	441
738	476
738	522
738	649
738	705
738	933
739	23
739	78
739	460
739	495
739	538
739	648
739	725
739	833
739	873
739	883
739	962
740	527
740	575
740	677
740	841
740	857
740	949
740	959
740	968
740	974
740	988
740	996
741	66
741	89
741	215
741	389
741	412
741	546
741	599
741	717
741	719
741	859
741	970
742	207
742	553
742	811
742	940
742	956
742	981
742	983
742	984
742	993
742	996
742	997
743	26
743	214
743	368
743	626
743	640
743	645
743	666
743	701
743	746
743	778
743	845
744	9
744	116
744	153
744	254
744	258
744	403
744	486
744	703
744	853
744	881
744	895
745	13
745	112
745	124
745	316
745	358
745	580
745	707
745	827
745	909
745	963
745	965
746	163
746	477
746	505
746	640
746	666
746	701
746	724
746	743
746	760
746	778
746	915
747	139
747	218
747	408
747	543
747	549
747	633
747	722
747	798
747	803
747	859
747	860
748	572
748	640
748	737
748	775
748	848
748	892
748	962
748	969
748	982
748	991
748	994
749	182
749	303
749	734
749	737
749	760
749	836
749	857
749	887
749	957
749	971
749	992
750	536
750	564
750	787
750	839
750	863
750	933
750	946
750	951
750	962
750	982
750	994
751	77
751	180
751	394
751	462
751	505
751	515
751	782
751	784
751	868
751	872
751	910
751	912
752	167
752	288
752	363
752	391
752	407
752	454
752	536
752	564
752	605
752	643
752	696
752	898
753	96
753	631
753	668
753	713
753	730
753	774
753	841
753	902
753	933
753	949
753	968
753	974
754	98
754	470
754	520
754	577
754	737
754	788
754	850
754	887
754	934
754	946
754	957
754	971
755	317
755	471
755	787
755	796
755	823
755	842
755	929
755	960
755	969
755	982
755	991
755	994
756	194
756	200
756	305
756	374
756	498
756	534
756	560
756	564
756	638
756	654
756	708
756	865
757	140
757	642
757	905
757	918
757	938
757	948
757	951
757	965
757	966
757	977
757	986
757	987
758	838
758	927
758	932
758	937
758	946
758	947
758	950
758	964
758	976
758	987
758	989
758	995
759	364
759	852
759	865
759	869
759	925
759	926
759	958
759	960
759	978
759	984
759	992
759	1000
760	242
760	470
760	704
760	746
760	749
760	830
760	836
760	857
760	916
760	957
760	971
760	995
761	260
761	318
761	461
761	475
761	641
761	662
761	762
761	791
761	814
761	859
761	904
761	935
762	63
762	318
762	423
762	579
762	627
762	761
762	813
762	814
762	859
762	904
762	934
762	935
763	847
763	871
763	888
763	911
763	953
763	967
763	975
763	980
763	984
763	990
763	998
763	999
764	173
764	403
764	607
764	641
764	685
764	721
764	732
764	830
764	852
764	865
764	874
764	919
765	197
765	236
765	311
765	616
765	652
765	654
765	780
765	783
765	817
765	851
765	856
765	883
766	907
766	911
766	940
766	944
766	947
766	968
766	978
766	981
766	983
766	993
766	996
766	997
767	57
767	356
767	865
767	917
767	958
767	960
767	970
767	972
767	973
767	975
767	992
767	1000
768	51
768	470
768	582
768	839
768	923
768	958
768	960
768	972
768	973
768	975
768	992
768	1000
769	74
769	341
769	416
769	866
769	909
769	920
769	937
769	946
769	964
769	976
769	989
769	995
770	267
770	291
770	417
770	503
770	644
770	651
770	794
770	801
770	802
770	808
771	13
771	32
771	131
771	429
771	466
771	777
771	836
771	853
771	861
771	899
771	937
771	941
772	44
772	55
772	443
772	451
772	518
772	567
772	779
772	781
772	843
772	882
772	938
772	964
773	77
773	177
773	460
773	573
773	613
773	728
773	776
773	818
773	908
773	929
773	931
773	939
774	436
774	532
774	713
774	753
774	812
774	855
774	893
774	949
774	957
774	959
774	968
774	988
775	157
775	175
775	584
775	748
775	822
775	839
775	892
775	895
775	901
775	982
775	991
775	994
776	43
776	143
776	196
776	227
776	440
776	444
776	553
776	728
776	773
776	818
776	908
776	931
777	22
777	27
777	145
777	497
777	512
777	593
777	714
777	771
777	809
777	861
777	899
777	963
778	86
778	117
778	163
778	477
778	504
778	626
778	724
778	743
778	746
778	827
778	877
778	974
779	55
779	518
779	567
779	624
779	660
779	725
779	772
779	781
779	819
779	882
779	946
779	955
780	155
780	311
780	425
780	591
780	616
780	652
780	765
780	790
780	817
780	851
780	864
780	883
780	954
781	62
781	295
781	443
781	451
781	567
781	624
781	655
781	660
781	772
781	779
781	819
781	882
781	999
782	72
782	87
782	171
782	441
782	505
782	681
782	751
782	784
782	861
782	868
782	872
782	910
782	912
783	173
783	216
783	255
783	365
783	387
783	414
783	469
783	609
783	667
783	670
783	700
783	727
783	765
784	37
784	48
784	106
784	464
784	506
784	617
784	751
784	782
784	868
784	872
784	910
784	912
784	995
785	91
785	324
785	335
785	448
785	526
785	572
785	661
785	672
785	792
785	824
785	864
785	971
785	975
786	91
786	266
786	428
786	590
786	632
786	687
786	691
786	715
786	791
786	837
786	914
786	919
786	922
787	433
787	504
787	634
787	750
787	755
787	842
787	886
787	921
787	929
787	962
787	969
787	982
787	994
788	367
788	397
788	398
788	442
788	704
788	727
788	734
788	754
788	887
788	916
788	957
788	971
788	988
789	116
789	166
789	514
789	659
789	877
789	889
789	903
789	915
789	934
789	941
789	952
789	970
789	985
790	227
790	261
790	383
790	392
790	396
790	415
790	482
790	559
790	604
790	712
790	727
790	780
790	878
791	95
791	611
791	632
791	687
791	691
791	761
791	786
791	813
791	837
791	896
791	914
791	919
791	922
792	264
792	785
792	921
792	948
792	950
792	955
792	961
792	963
792	966
792	977
792	986
792	987
792	999
793	25
793	243
793	250
793	384
793	544
793	619
793	685
793	720
793	735
793	820
793	826
793	858
793	886
794	8
794	146
794	331
794	417
794	503
794	644
794	651
794	770
794	802
794	808
794	869
794	945
794	988
795	184
795	272
795	329
795	450
795	521
795	553
795	596
795	619
795	633
795	845
795	866
795	885
795	985
796	65
796	122
796	205
796	215
796	237
796	249
796	252
796	362
796	471
796	557
796	755
796	797
796	936
797	122
797	215
797	252
797	266
797	291
797	309
797	362
797	433
797	471
797	557
797	796
797	857
797	883
798	12
798	80
798	222
798	375
798	488
798	543
798	549
798	633
798	722
798	747
798	803
798	860
798	895
799	2
799	10
799	127
799	307
799	593
799	600
799	695
799	710
799	811
799	876
799	891
799	928
799	955
800	694
800	696
800	823
800	846
800	916
800	920
800	927
800	937
800	946
800	964
800	976
800	989
800	995
801	770
801	815
801	894
801	907
801	947
801	950
801	956
801	957
801	981
801	984
801	987
801	993
801	996
801	997
802	8
802	146
802	331
802	335
802	417
802	503
802	523
802	644
802	651
802	661
802	770
802	794
802	808
802	822
803	80
803	125
803	218
803	488
803	543
803	549
803	633
803	722
803	747
803	798
803	805
803	860
803	878
803	962
804	348
804	587
804	622
804	732
804	826
804	892
804	921
804	933
804	951
804	956
804	962
804	969
804	982
804	994
805	178
805	294
805	502
805	514
805	578
805	803
805	870
805	878
805	903
805	934
805	942
805	952
805	970
805	985
806	71
806	118
806	154
806	234
806	349
806	391
806	455
806	472
806	588
806	820
806	890
806	913
806	941
806	947
807	230
807	734
807	918
807	930
807	948
807	955
807	961
807	963
807	965
807	966
807	977
807	986
807	987
807	999
808	8
808	146
808	331
808	417
808	503
808	644
808	651
808	728
808	770
808	794
808	802
808	852
808	853
808	925
809	13
809	22
809	32
809	411
809	429
809	528
809	714
809	777
809	833
809	853
809	861
809	885
809	899
809	980
810	103
810	208
810	269
810	359
810	372
810	550
810	586
810	598
810	650
810	655
810	664
810	850
810	894
810	985
811	337
811	465
811	566
811	593
811	600
811	682
811	684
811	695
811	710
811	735
811	742
811	799
811	876
811	891
812	176
812	315
812	386
812	610
812	686
812	698
812	736
812	774
812	876
812	898
812	906
812	930
812	936
812	939
813	192
813	193
813	209
813	268
813	395
813	578
813	591
813	595
813	762
813	791
813	881
813	895
813	896
813	897
814	260
814	278
814	548
814	579
814	590
814	592
814	627
814	761
814	762
814	849
814	859
814	904
814	923
814	935
815	587
815	801
815	849
815	907
815	938
815	944
815	947
815	979
815	983
815	984
815	985
815	993
815	996
815	997
816	272
816	452
816	589
816	917
816	923
816	926
816	958
816	960
816	972
816	973
816	975
816	978
816	992
816	1000
817	155
817	189
817	197
817	311
817	425
817	478
817	655
817	765
817	780
817	851
817	883
817	888
817	919
817	990
818	73
818	198
818	380
818	463
818	613
818	652
818	714
818	728
818	773
818	776
818	908
818	931
818	939
818	1000
819	172
819	284
819	295
819	443
819	518
819	567
819	624
819	660
819	779
819	781
819	882
819	952
819	980
819	991
820	191
820	280
820	506
820	531
820	540
820	544
820	575
820	720
820	735
820	793
820	806
820	829
820	858
820	977
821	109
821	151
821	162
821	179
821	245
821	348
821	447
821	474
821	556
821	834
821	875
821	896
821	912
821	956
822	406
822	515
822	622
822	691
822	775
822	802
822	901
822	921
822	929
822	933
822	951
822	977
822	982
822	991
822	994
823	5
823	235
823	622
823	755
823	800
823	831
823	839
823	892
823	901
823	921
823	962
823	969
823	982
823	991
823	994
824	120
824	263
824	324
824	335
824	380
824	448
824	555
824	572
824	621
824	661
824	672
824	785
824	864
824	945
824	984
825	424
825	488
825	826
825	830
825	917
825	925
825	926
825	958
825	960
825	972
825	973
825	975
825	978
825	992
825	1000
826	191
826	280
826	333
826	506
826	544
826	694
826	720
826	735
826	793
826	804
826	825
826	829
826	858
826	886
826	989
827	51
827	104
827	111
827	316
827	358
827	388
827	408
827	409
827	513
827	612
827	745
827	778
827	884
827	909
827	1000
828	195
828	234
828	378
828	672
828	725
828	731
828	840
828	927
828	937
828	946
828	964
828	976
828	985
828	989
828	995
829	141
829	333
829	506
829	540
829	544
829	628
829	720
829	735
829	820
829	826
829	858
829	886
829	943
829	960
829	994
830	403
830	492
830	570
830	607
830	641
830	685
830	721
830	732
830	760
830	764
830	825
830	852
830	874
830	906
830	959
831	206
831	304
831	690
831	823
831	902
831	928
831	945
831	963
831	965
831	966
831	977
831	986
831	987
831	993
831	999
832	19
832	678
832	847
832	888
832	900
832	906
832	911
832	919
832	941
832	949
832	954
832	980
832	990
832	995
832	998
833	150
833	217
833	322
833	460
833	495
833	538
833	648
833	704
833	716
833	725
833	739
833	809
833	873
833	902
833	989
834	90
834	151
834	162
834	179
834	245
834	323
834	350
834	385
834	447
834	474
834	684
834	695
834	821
834	875
834	894
835	580
835	707
835	733
835	854
835	871
835	878
835	897
835	900
835	911
835	924
835	953
835	954
835	967
835	980
835	990
836	524
836	606
836	679
836	680
836	701
836	734
836	749
836	760
836	771
836	850
836	887
836	916
836	957
836	971
836	974
837	313
837	403
837	439
837	466
837	623
837	632
837	687
837	691
837	715
837	786
837	791
837	914
837	919
837	922
837	976
838	156
838	382
838	438
838	585
838	645
838	722
838	729
838	758
838	866
838	932
838	946
838	964
838	976
838	989
838	995
839	368
839	459
839	750
839	768
839	775
839	823
839	933
839	935
839	951
839	962
839	969
839	976
839	982
839	991
839	994
840	160
840	539
840	671
840	724
840	828
840	846
840	920
840	932
840	946
840	964
840	976
840	977
840	989
840	995
840	998
841	212
841	229
841	364
841	465
841	588
841	730
841	740
841	753
841	871
841	878
841	949
841	959
841	968
841	974
841	988
841	991
842	72
842	308
842	421
842	483
842	755
842	787
842	863
842	921
842	933
842	945
842	962
842	969
842	973
842	982
842	991
842	994
843	297
843	367
843	402
843	657
843	702
843	772
843	871
843	888
843	906
843	941
843	953
843	955
843	967
843	980
843	990
843	998
844	83
844	140
844	260
844	262
844	423
844	461
844	579
844	590
844	627
844	859
844	880
844	904
844	920
844	935
844	984
844	999
845	112
845	114
845	130
845	184
845	272
845	329
845	342
845	450
845	454
845	521
845	553
845	596
845	619
845	743
845	795
845	885
846	42
846	602
846	630
846	718
846	800
846	840
846	881
846	927
846	932
846	937
846	952
846	964
846	976
846	989
846	995
846	996
847	127
847	216
847	548
847	673
847	763
847	832
847	888
847	906
847	924
847	939
847	948
847	953
847	954
847	967
847	980
847	998
848	200
848	206
848	357
848	483
848	528
848	636
848	748
848	863
848	892
848	901
848	921
848	951
848	968
848	991
848	994
848	998
849	155
849	226
849	814
849	815
849	918
849	928
849	948
849	955
849	961
849	963
849	965
849	966
849	977
849	986
849	987
849	999
850	40
850	242
850	254
850	302
850	328
850	402
850	442
850	606
850	734
850	754
850	810
850	836
850	916
850	957
850	971
850	979
851	16
851	189
851	240
851	449
851	478
851	591
851	616
851	652
851	765
851	780
851	817
851	869
851	883
851	929
851	957
851	983
852	100
852	355
852	403
852	492
852	570
852	607
852	641
852	674
852	684
852	685
852	732
852	759
852	764
852	808
852	830
852	874
853	411
853	429
853	466
853	497
853	507
853	512
853	528
853	680
853	714
853	744
853	771
853	808
853	809
853	861
853	899
853	949
854	286
854	309
854	417
854	562
854	835
854	900
854	906
854	911
854	924
854	935
854	954
854	967
854	979
854	980
854	990
854	998
855	331
855	436
855	502
855	568
855	625
855	631
855	711
855	723
855	774
855	924
855	949
855	959
855	968
855	974
855	988
855	995
856	213
856	462
856	514
856	530
856	620
856	642
856	659
856	693
856	765
856	884
856	889
856	915
856	934
856	942
856	952
856	970
856	985
857	64
857	171
857	398
857	402
857	442
857	500
857	679
857	704
857	740
857	749
857	760
857	797
857	887
857	916
857	924
857	957
857	971
858	244
858	250
858	280
858	333
858	531
858	540
858	720
858	735
858	793
858	820
858	826
858	829
858	886
858	904
858	910
858	926
858	967
859	128
859	140
859	423
859	579
859	592
859	611
859	627
859	662
859	707
859	741
859	747
859	761
859	762
859	814
859	844
859	904
859	935
860	80
860	125
860	139
860	218
860	375
860	488
860	543
860	549
860	559
860	633
860	722
860	747
860	798
860	803
860	904
860	945
860	985
861	27
861	131
861	411
861	497
861	507
861	512
861	528
861	626
861	714
861	771
861	777
861	782
861	809
861	853
861	899
861	989
861	990
862	50
862	129
862	158
862	248
862	287
862	293
862	326
862	351
862	499
862	508
862	515
862	522
862	566
862	867
862	902
862	942
862	982
863	618
863	636
863	651
863	750
863	842
863	848
863	925
863	929
863	933
863	951
863	969
863	970
863	982
863	987
863	991
863	994
863	999
864	91
864	120
864	263
864	324
864	335
864	380
864	448
864	572
864	661
864	672
864	700
864	780
864	785
864	824
864	929
864	978
864	998
865	476
865	690
865	756
865	759
865	764
865	767
865	917
865	923
865	925
865	926
865	958
865	960
865	972
865	973
865	975
865	978
865	1000
866	190
866	565
866	585
866	605
866	707
866	712
866	718
866	731
866	769
866	795
866	838
866	937
866	946
866	964
866	976
866	989
866	995
867	158
867	248
867	287
867	293
867	320
867	326
867	351
867	399
867	417
867	499
867	508
867	522
867	566
867	698
867	862
867	968
867	972
868	1
868	72
868	77
868	171
868	338
868	438
868	464
868	505
868	646
868	751
868	782
868	784
868	872
868	898
868	910
868	912
868	919
869	693
869	716
869	759
869	794
869	851
869	917
869	923
869	925
869	926
869	956
869	958
869	960
869	973
869	975
869	978
869	992
869	1000
870	229
870	496
870	500
870	574
870	658
870	805
870	877
870	878
870	884
870	889
870	915
870	934
870	942
870	943
870	952
870	970
870	985
870	1000
871	381
871	444
871	493
871	580
871	614
871	763
871	835
871	841
871	843
871	873
871	906
871	953
871	954
871	964
871	967
871	980
871	990
871	998
872	37
872	48
872	77
872	106
872	256
872	263
872	338
872	394
872	515
872	533
872	562
872	607
872	751
872	782
872	784
872	868
872	910
872	912
873	19
873	23
873	78
873	150
873	217
873	322
873	360
873	460
873	495
873	538
873	648
873	682
873	716
873	725
873	739
873	833
873	871
873	907
874	88
874	100
874	243
874	355
874	403
874	492
874	570
874	607
874	656
874	685
874	721
874	732
874	764
874	830
874	852
874	936
874	967
874	973
875	83
875	90
875	109
875	115
875	151
875	162
875	245
875	268
875	323
875	348
875	385
875	447
875	474
875	683
875	821
875	834
875	913
875	997
876	10
876	56
876	94
876	307
876	337
876	390
876	593
876	600
876	624
876	682
876	684
876	695
876	710
876	799
876	811
876	812
876	891
876	971
877	283
877	554
877	617
877	620
877	692
877	778
877	789
877	870
877	878
877	889
877	915
877	932
877	934
877	942
877	943
877	952
877	968
877	970
877	985
878	419
878	574
878	617
878	790
878	803
878	805
878	835
878	841
878	870
878	877
878	889
878	903
878	915
878	942
878	943
878	946
878	952
878	970
878	985
879	26
879	354
879	371
879	389
879	715
879	902
879	928
879	937
879	938
879	945
879	948
879	955
879	961
879	963
879	977
879	986
879	987
879	998
879	999
880	656
880	667
880	844
880	894
880	907
880	940
880	944
880	948
880	950
880	956
880	970
880	979
880	981
880	983
880	984
880	992
880	993
880	996
880	997
881	9
881	193
881	257
881	258
881	268
881	395
881	578
881	595
881	620
881	659
881	703
881	744
881	813
881	846
881	895
881	896
881	897
881	936
881	965
882	44
882	55
882	172
882	284
882	443
882	451
882	463
882	518
882	567
882	624
882	660
882	772
882	779
882	781
882	819
882	889
882	911
882	941
882	991
883	16
883	155
883	197
883	236
883	311
883	425
883	449
883	568
883	591
883	616
883	652
883	658
883	739
883	765
883	780
883	797
883	817
883	851
883	927
884	48
884	376
884	419
884	642
884	659
884	827
884	856
884	870
884	889
884	901
884	903
884	915
884	934
884	942
884	943
884	952
884	965
884	970
884	985
885	12
885	114
885	160
885	184
885	219
885	272
885	329
885	342
885	450
885	521
885	553
885	596
885	619
885	621
885	696
885	795
885	809
885	845
885	996
886	141
886	243
886	244
886	250
886	280
886	506
886	527
886	531
886	540
886	544
886	563
886	735
886	787
886	793
886	826
886	829
886	858
886	933
886	959
887	101
887	172
887	242
887	398
887	470
887	520
887	680
887	713
887	737
887	749
887	754
887	788
887	836
887	857
887	899
887	904
887	916
887	957
887	971
887	996
888	322
888	614
888	706
888	763
888	817
888	832
888	843
888	847
888	893
888	900
888	906
888	919
888	941
888	953
888	957
888	967
888	980
888	990
888	994
888	998
889	330
889	356
889	454
889	536
889	685
889	789
889	856
889	870
889	877
889	878
889	882
889	884
889	903
889	915
889	934
889	942
889	943
889	952
889	970
889	985
890	71
890	118
890	129
890	154
890	283
890	346
890	347
890	349
890	399
890	490
890	509
890	541
890	547
890	576
890	579
890	588
890	613
890	806
890	913
890	939
891	10
891	56
891	127
891	279
891	307
891	337
891	390
891	392
891	593
891	600
891	682
891	684
891	695
891	710
891	799
891	811
891	876
891	935
891	971
891	978
892	281
892	319
892	381
892	634
892	748
892	775
892	804
892	823
892	848
892	900
892	901
892	926
892	929
892	933
892	962
892	969
892	980
892	982
892	991
892	994
893	60
893	69
893	562
893	582
893	678
893	706
893	774
893	888
893	906
893	924
893	941
893	953
893	954
893	961
893	967
893	980
893	990
893	991
893	998
893	1000
894	339
894	801
894	810
894	834
894	880
894	907
894	920
894	940
894	944
894	947
894	950
894	956
894	979
894	981
894	983
894	984
894	990
894	993
894	996
894	997
895	116
895	192
895	209
895	254
895	258
895	395
895	486
895	502
895	523
895	578
895	595
895	732
895	744
895	775
895	798
895	813
895	881
895	896
895	897
895	932
896	116
896	193
896	209
896	257
896	268
896	395
896	486
896	523
896	578
896	595
896	703
896	791
896	813
896	821
896	881
896	895
896	897
896	907
896	942
896	992
897	9
897	192
897	209
897	254
897	257
897	258
897	268
897	486
897	493
897	523
897	578
897	595
897	665
897	722
897	813
897	835
897	881
897	895
897	896
897	969
898	17
898	176
898	315
898	386
898	480
898	510
898	552
898	610
898	676
898	686
898	698
898	709
898	736
898	752
898	812
898	868
898	910
898	930
898	936
898	984
899	22
899	32
899	131
899	411
899	429
899	466
899	497
899	507
899	512
899	714
899	771
899	777
899	809
899	853
899	861
899	887
899	923
899	925
899	970
899	996
900	46
900	531
900	614
900	644
900	688
900	692
900	702
900	832
900	835
900	854
900	888
900	892
900	911
900	924
900	941
900	954
900	967
900	980
900	990
900	998
901	223
901	314
901	386
901	709
901	775
901	822
901	823
901	848
901	884
901	892
901	921
901	929
901	933
901	951
901	962
901	969
901	982
901	988
901	991
901	992
901	994
902	535
902	624
902	625
902	729
902	753
902	831
902	833
902	862
902	879
902	918
902	928
902	945
902	948
902	954
902	955
902	961
902	965
902	966
902	977
902	986
902	987
903	5
903	574
903	620
903	642
903	653
903	659
903	789
903	805
903	878
903	884
903	889
903	915
903	918
903	934
903	942
903	943
903	952
903	970
903	974
903	985
903	1000
904	83
904	128
904	262
904	318
904	423
904	461
904	542
904	579
904	590
904	592
904	662
904	761
904	762
904	814
904	844
904	858
904	859
904	860
904	887
904	931
904	935
905	391
905	525
905	589
905	690
905	710
905	757
905	918
905	938
905	945
905	948
905	951
905	955
905	961
905	963
905	965
905	972
905	973
905	977
905	986
905	987
905	999
906	412
906	424
906	627
906	812
906	830
906	832
906	843
906	847
906	854
906	871
906	888
906	893
906	911
906	924
906	941
906	953
906	966
906	967
906	980
906	990
906	998
907	353
907	766
907	801
907	815
907	873
907	880
907	894
907	896
907	911
907	944
907	947
907	950
907	956
907	974
907	979
907	981
907	983
907	984
907	993
907	996
907	997
908	58
908	115
908	148
908	165
908	393
908	432
908	440
908	444
908	463
908	573
908	603
908	613
908	634
908	670
908	728
908	773
908	776
908	818
908	931
908	939
908	981
909	51
909	111
909	112
909	124
909	136
909	185
909	265
909	316
909	358
909	365
909	366
909	409
909	457
909	513
909	563
909	580
909	745
909	769
909	827
909	913
909	993
910	1
910	72
910	87
910	106
910	256
910	338
910	394
910	464
910	505
910	515
910	623
910	751
910	782
910	784
910	858
910	868
910	872
910	898
910	912
910	971
910	989
911	136
911	626
911	702
911	706
911	733
911	763
911	766
911	832
911	835
911	854
911	882
911	900
911	906
911	907
911	924
911	941
911	954
911	967
911	980
911	990
911	998
912	1
912	37
912	48
912	87
912	171
912	256
912	338
912	394
912	436
912	464
912	505
912	751
912	782
912	784
912	821
912	868
912	872
912	910
912	923
912	932
912	936
912	986
913	105
913	108
913	118
913	154
913	196
913	234
913	267
913	283
913	346
913	376
913	384
913	399
913	472
913	490
913	509
913	576
913	806
913	875
913	890
913	909
913	976
913	995
914	20
914	78
914	153
914	211
914	313
914	381
914	428
914	439
914	460
914	611
914	632
914	687
914	691
914	697
914	715
914	786
914	791
914	837
914	919
914	922
914	969
914	987
915	352
915	545
915	658
915	659
915	746
915	789
915	856
915	870
915	877
915	878
915	884
915	889
915	903
915	934
915	942
915	943
915	952
915	957
915	970
915	973
915	985
915	999
916	328
916	402
916	470
916	520
916	606
916	631
916	679
916	704
916	724
916	734
916	737
916	760
916	788
916	800
916	836
916	850
916	857
916	887
916	957
916	958
916	971
916	988
916	989
917	210
917	373
917	405
917	702
917	706
917	767
917	816
917	825
917	865
917	869
917	923
917	925
917	926
917	948
917	958
917	960
917	972
917	973
917	975
917	978
917	982
917	992
917	1000
918	204
918	340
918	400
918	589
918	757
918	807
918	849
918	902
918	903
918	905
918	928
918	938
918	954
918	955
918	961
918	965
918	966
918	977
918	986
918	987
918	992
918	993
918	999
919	20
919	95
919	153
919	211
919	313
919	428
919	439
919	611
919	632
919	687
919	691
919	715
919	764
919	786
919	791
919	817
919	832
919	837
919	868
919	888
919	914
919	922
919	954
920	142
920	382
920	539
920	585
920	632
920	671
920	675
920	769
920	800
920	840
920	844
920	894
920	927
920	932
920	937
920	946
920	951
920	964
920	972
920	976
920	987
920	989
920	995
921	34
921	157
921	308
921	459
921	468
921	787
921	792
921	804
921	822
921	823
921	842
921	848
921	901
921	927
921	955
921	962
921	969
921	982
921	983
921	989
921	991
921	993
921	994
922	20
922	95
922	153
922	181
922	211
922	313
922	428
922	439
922	500
922	523
922	611
922	632
922	687
922	691
922	714
922	715
922	786
922	791
922	837
922	914
922	919
922	932
922	977
923	280
923	688
923	700
923	726
923	768
923	814
923	816
923	865
923	869
923	899
923	912
923	917
923	925
923	926
923	958
923	960
923	972
923	973
923	975
923	978
923	983
923	992
923	1000
924	46
924	96
924	168
924	424
924	469
924	702
924	835
924	847
924	854
924	855
924	857
924	893
924	900
924	906
924	911
924	941
924	953
924	954
924	960
924	967
924	980
924	990
924	998
925	289
925	530
925	608
925	619
925	683
925	759
925	808
925	825
925	863
925	865
925	869
925	899
925	917
925	923
925	926
925	958
925	960
925	972
925	973
925	975
925	978
925	992
925	1000
926	39
926	346
926	647
926	759
926	816
926	825
926	858
926	865
926	869
926	892
926	917
926	923
926	925
926	958
926	960
926	972
926	973
926	975
926	978
926	982
926	992
926	995
926	1000
927	59
927	121
927	245
927	382
927	585
927	645
927	671
927	718
927	729
927	758
927	800
927	828
927	846
927	883
927	920
927	921
927	932
927	937
927	946
927	964
927	976
927	989
927	995
928	448
928	570
928	585
928	664
928	717
928	729
928	799
928	831
928	849
928	879
928	902
928	918
928	938
928	945
928	955
928	961
928	963
928	965
928	966
928	977
928	986
928	987
928	999
929	206
929	237
929	299
929	406
929	618
929	622
929	636
929	704
929	755
929	773
929	787
929	822
929	851
929	863
929	864
929	892
929	901
929	933
929	951
929	962
929	966
929	969
929	982
929	991
930	68
930	126
930	176
930	250
930	386
930	436
930	437
930	480
930	510
930	511
930	604
930	610
930	669
930	676
930	686
930	698
930	709
930	736
930	807
930	812
930	898
930	936
930	959
930	989
931	43
931	58
931	73
931	115
931	143
931	148
931	177
931	214
931	359
931	393
931	440
931	444
931	463
931	524
931	573
931	603
931	728
931	773
931	776
931	818
931	904
931	908
931	939
931	951
931	981
932	43
932	341
932	473
932	519
932	630
932	671
932	675
932	694
932	731
932	758
932	838
932	840
932	846
932	877
932	895
932	912
932	920
932	922
932	927
932	937
932	946
932	964
932	976
932	989
932	995
933	259
933	317
933	319
933	397
933	554
933	618
933	738
933	750
933	753
933	804
933	822
933	839
933	842
933	863
933	886
933	892
933	901
933	929
933	951
933	962
933	969
933	973
933	982
933	991
933	994
934	21
934	490
934	545
934	554
934	555
934	629
934	642
934	658
934	754
934	762
934	789
934	805
934	856
934	870
934	877
934	884
934	889
934	903
934	915
934	942
934	943
934	952
934	961
934	970
934	985
935	83
935	128
935	140
935	260
935	262
935	318
935	349
935	423
935	461
935	579
935	590
935	592
935	627
935	649
935	662
935	761
935	762
935	814
935	839
935	844
935	854
935	859
935	891
935	904
935	946
936	17
936	47
936	68
936	73
936	82
936	126
936	315
936	352
936	437
936	480
936	510
936	604
936	610
936	669
936	676
936	698
936	709
936	736
936	796
936	812
936	874
936	881
936	898
936	912
936	930
937	87
937	147
937	539
937	645
937	671
937	675
937	694
937	731
937	758
937	769
937	771
937	800
937	828
937	846
937	866
937	879
937	920
937	927
937	932
937	946
937	958
937	964
937	976
937	978
937	989
937	995
938	41
938	145
938	350
938	427
938	535
938	579
938	606
938	757
938	772
938	815
938	879
938	905
938	918
938	928
938	945
938	948
938	955
938	958
938	961
938	962
938	965
938	966
938	977
938	986
938	987
938	999
939	43
939	58
939	73
939	115
939	143
939	148
939	177
939	198
939	393
939	444
939	463
939	545
939	573
939	603
939	613
939	715
939	728
939	773
939	812
939	818
939	847
939	890
939	908
939	931
939	975
939	997
940	76
940	167
940	298
940	345
940	407
940	446
940	494
940	505
940	508
940	602
940	737
940	742
940	766
940	880
940	894
940	944
940	947
940	950
940	956
940	979
940	981
940	983
940	984
940	993
940	996
940	997
941	19
941	168
941	548
941	550
941	657
941	673
941	678
941	771
941	789
941	806
941	832
941	843
941	882
941	888
941	893
941	900
941	906
941	911
941	924
941	947
941	953
941	963
941	967
941	980
941	990
941	998
942	336
942	356
942	378
942	458
942	545
942	554
942	597
942	617
942	658
942	805
942	856
942	862
942	870
942	877
942	878
942	884
942	889
942	896
942	903
942	915
942	934
942	943
942	952
942	970
942	972
942	977
942	985
943	6
943	21
943	387
943	458
943	462
943	544
943	545
943	574
943	614
943	617
943	642
943	658
943	737
943	829
943	870
943	877
943	878
943	884
943	889
943	903
943	915
943	934
943	942
943	952
943	961
943	970
943	985
944	340
944	537
944	587
944	601
944	602
944	641
944	666
944	669
944	674
944	701
944	734
944	766
944	815
944	880
944	894
944	907
944	940
944	947
944	950
944	956
944	979
944	981
944	983
944	984
944	993
944	996
944	997
945	201
945	361
945	371
945	427
945	620
945	625
945	705
945	794
945	824
945	831
945	842
945	860
945	879
945	902
945	905
945	928
945	938
945	948
945	955
945	961
945	963
945	965
945	966
945	977
945	986
945	987
945	999
946	70
946	226
946	434
946	678
946	694
946	718
946	731
946	750
946	754
946	758
946	769
946	779
946	800
946	828
946	838
946	840
946	866
946	878
946	920
946	927
946	932
946	935
946	937
946	964
946	976
946	989
946	995
947	202
947	296
947	351
947	420
947	601
947	639
947	758
947	766
947	801
947	806
947	815
947	894
947	907
947	940
947	941
947	944
947	950
947	956
947	974
947	979
947	981
947	982
947	983
947	984
947	993
947	996
947	997
948	79
948	293
948	339
948	729
948	757
948	792
948	807
948	847
948	849
948	879
948	880
948	902
948	905
948	917
948	938
948	945
948	955
948	961
948	963
948	965
948	966
948	977
948	986
948	987
948	996
948	997
948	999
949	130
949	219
949	228
949	290
949	306
949	462
949	465
949	527
949	558
949	568
949	675
949	677
949	699
949	711
949	713
949	723
949	730
949	740
949	753
949	774
949	832
949	841
949	853
949	855
949	956
949	974
949	988
950	97
950	304
950	405
950	407
950	520
950	556
950	639
950	656
950	687
950	758
950	792
950	801
950	880
950	894
950	907
950	940
950	944
950	947
950	956
950	958
950	979
950	981
950	983
950	984
950	986
950	993
950	996
950	997
951	39
951	133
951	406
951	430
951	483
951	508
951	587
951	618
951	636
951	750
951	757
951	804
951	822
951	839
951	848
951	863
951	901
951	905
951	920
951	929
951	931
951	933
951	962
951	969
951	982
951	987
951	991
951	994
952	21
952	187
952	395
952	407
952	419
952	462
952	514
952	554
952	574
952	642
952	711
952	789
952	805
952	819
952	846
952	856
952	870
952	877
952	878
952	884
952	889
952	903
952	915
952	934
952	942
952	943
952	959
952	962
952	970
952	985
953	19
953	30
953	60
953	286
953	548
953	562
953	567
953	657
953	659
953	662
953	673
953	732
953	733
953	763
953	835
953	843
953	847
953	871
953	888
953	893
953	906
953	924
953	941
953	954
953	967
953	979
953	980
953	982
953	990
953	998
954	63
954	213
954	301
954	367
954	444
954	657
954	673
954	678
954	689
954	702
954	733
954	780
954	832
954	835
954	847
954	854
954	871
954	893
954	900
954	902
954	911
954	918
954	919
954	924
954	953
954	957
954	967
954	980
954	990
954	998
955	204
955	589
955	644
955	660
955	690
955	729
955	735
955	779
955	792
955	799
955	807
955	843
955	849
955	879
955	902
955	905
955	918
955	921
955	928
955	938
955	945
955	948
955	961
955	963
955	965
955	966
955	977
955	986
955	987
955	988
955	999
956	90
956	304
956	340
956	404
956	410
956	494
956	498
956	665
956	674
956	742
956	801
956	804
956	821
956	869
956	880
956	894
956	907
956	940
956	944
956	947
956	949
956	950
956	967
956	979
956	981
956	983
956	984
956	993
956	994
956	996
956	997
957	101
957	281
957	302
957	328
957	353
957	397
957	398
957	442
957	500
957	606
957	679
957	704
957	734
957	737
957	749
957	754
957	760
957	774
957	788
957	801
957	836
957	850
957	851
957	857
957	887
957	888
957	915
957	916
957	954
957	971
957	997
958	446
958	457
958	547
958	552
958	569
958	647
958	693
958	726
958	759
958	767
958	768
958	816
958	825
958	865
958	869
958	916
958	917
958	923
958	925
958	926
958	937
958	938
958	950
958	960
958	972
958	973
958	975
958	978
958	986
958	992
958	996
958	1000
959	31
959	133
959	212
959	228
959	229
959	238
959	286
959	364
959	436
959	475
959	502
959	527
959	532
959	558
959	568
959	631
959	711
959	723
959	730
959	740
959	774
959	830
959	841
959	855
959	886
959	930
959	952
959	960
959	968
959	974
959	988
959	991
960	32
960	99
960	425
960	479
960	483
960	530
960	569
960	608
960	628
960	688
960	693
960	755
960	759
960	767
960	768
960	816
960	825
960	829
960	865
960	869
960	917
960	923
960	924
960	925
960	926
960	958
960	959
960	972
960	973
960	975
960	978
960	992
960	1000
961	158
961	277
961	339
961	354
961	430
961	484
961	525
961	589
961	690
961	792
961	807
961	849
961	879
961	893
961	902
961	905
961	918
961	928
961	934
961	938
961	943
961	945
961	948
961	955
961	963
961	964
961	965
961	966
961	977
961	986
961	987
961	988
961	999
962	39
962	64
962	103
962	183
962	206
962	230
962	259
962	299
962	327
962	459
962	468
962	739
962	748
962	750
962	787
962	803
962	804
962	823
962	839
962	842
962	892
962	901
962	921
962	929
962	933
962	938
962	951
962	952
962	968
962	969
962	982
962	991
962	994
963	4
963	67
963	221
963	297
963	354
963	427
963	625
963	637
963	680
963	706
963	724
963	745
963	777
963	792
963	807
963	831
963	849
963	879
963	905
963	928
963	941
963	945
963	948
963	955
963	961
963	965
963	966
963	977
963	980
963	986
963	987
963	995
963	999
964	190
964	215
964	341
964	478
964	585
964	616
964	630
964	645
964	657
964	671
964	675
964	694
964	718
964	731
964	758
964	769
964	772
964	800
964	828
964	838
964	840
964	846
964	866
964	871
964	920
964	927
964	932
964	937
964	946
964	961
964	976
964	989
964	995
964	997
965	41
965	273
965	277
965	284
965	297
965	361
965	400
965	485
965	601
965	729
965	745
965	757
965	807
965	831
965	849
965	881
965	884
965	902
965	905
965	918
965	928
965	938
965	945
965	948
965	955
965	961
965	963
965	966
965	967
965	977
965	986
965	987
965	989
965	999
966	113
966	145
966	221
966	232
966	317
966	400
966	525
966	583
966	625
966	663
966	729
966	757
966	792
966	807
966	831
966	849
966	902
966	906
966	918
966	928
966	929
966	938
966	945
966	948
966	955
966	961
966	963
966	965
966	975
966	977
966	979
966	986
966	987
966	999
967	118
967	179
967	286
967	424
967	543
967	562
967	657
967	678
967	702
967	706
967	733
967	763
967	835
967	843
967	847
967	854
967	858
967	871
967	874
967	888
967	893
967	900
967	906
967	911
967	924
967	941
967	953
967	954
967	956
967	965
967	971
967	980
967	990
967	998
968	130
968	133
968	156
968	238
968	290
968	306
968	373
968	465
968	475
968	502
968	527
968	558
968	568
968	598
968	631
968	677
968	699
968	713
968	723
968	730
968	740
968	753
968	766
968	774
968	841
968	848
968	855
968	867
968	877
968	959
968	962
968	974
968	977
968	988
968	997
969	46
969	230
969	245
969	260
969	308
969	317
969	357
969	430
969	459
969	489
969	581
969	587
969	610
969	618
969	748
969	755
969	787
969	804
969	823
969	839
969	842
969	863
969	892
969	897
969	901
969	914
969	921
969	929
969	933
969	951
969	962
969	982
969	991
969	994
969	998
970	45
970	92
970	178
970	356
970	419
970	458
970	462
970	514
970	574
970	617
970	618
970	620
970	658
970	659
970	690
970	741
970	767
970	789
970	805
970	856
970	863
970	870
970	877
970	878
970	880
970	884
970	889
970	899
970	903
970	915
970	934
970	942
970	943
970	952
970	985
971	64
971	98
971	101
971	281
971	302
971	328
971	397
971	470
971	500
971	516
971	520
971	524
971	606
971	679
971	680
971	697
971	704
971	734
971	749
971	754
971	760
971	785
971	788
971	836
971	850
971	857
971	876
971	887
971	891
971	910
971	916
971	957
971	967
971	982
971	1000
972	110
972	246
972	279
972	300
972	456
972	494
972	552
972	562
972	567
972	569
972	582
972	608
972	628
972	688
972	726
972	767
972	768
972	816
972	825
972	865
972	867
972	905
972	917
972	920
972	923
972	925
972	926
972	942
972	958
972	960
972	973
972	975
972	978
972	992
972	1000
973	2
973	11
973	246
973	294
973	530
973	569
973	582
973	608
973	647
973	688
973	693
973	719
973	726
973	767
973	768
973	816
973	825
973	842
973	865
973	869
973	874
973	905
973	915
973	917
973	923
973	925
973	926
973	933
973	958
973	960
973	972
973	975
973	978
973	984
973	992
973	1000
974	74
974	130
974	156
974	229
974	252
974	290
974	306
974	465
974	475
974	502
974	527
974	531
974	532
974	558
974	568
974	613
974	631
974	677
974	699
974	711
974	713
974	723
974	740
974	753
974	778
974	836
974	841
974	855
974	903
974	907
974	947
974	949
974	959
974	968
974	984
974	988
975	15
975	152
975	354
975	446
975	456
975	552
975	569
975	582
975	628
975	647
975	651
975	652
975	679
975	693
975	726
975	763
975	767
975	768
975	785
975	816
975	825
975	865
975	869
975	917
975	923
975	925
975	926
975	939
975	958
975	960
975	966
975	972
975	973
975	978
975	992
975	1000
976	30
976	142
976	149
976	198
976	226
976	379
976	382
976	411
976	503
976	519
976	538
976	645
976	646
976	675
976	694
976	718
976	731
976	758
976	769
976	800
976	828
976	837
976	838
976	839
976	840
976	846
976	866
976	913
976	920
976	927
976	932
976	937
976	946
976	964
976	989
976	995
977	4
977	353
977	485
977	535
977	549
977	589
977	625
977	690
977	694
977	757
977	792
977	807
977	820
977	822
977	831
977	840
977	849
977	879
977	902
977	905
977	918
977	922
977	928
977	938
977	942
977	945
977	948
977	955
977	961
977	963
977	965
977	966
977	968
977	986
977	987
977	999
977	1000
978	2
978	110
978	191
978	210
978	253
978	279
978	361
978	446
978	475
978	535
978	552
978	628
978	647
978	653
978	688
978	693
978	726
978	759
978	766
978	816
978	825
978	864
978	865
978	869
978	891
978	917
978	923
978	925
978	926
978	937
978	958
978	960
978	972
978	973
978	975
978	992
978	1000
979	81
979	123
979	379
979	405
979	410
979	435
979	484
979	537
979	558
979	569
979	572
979	595
979	601
979	621
979	656
979	665
979	674
979	815
979	850
979	854
979	880
979	894
979	907
979	940
979	944
979	947
979	950
979	953
979	956
979	966
979	981
979	983
979	984
979	993
979	996
979	997
979	998
980	76
980	147
980	301
980	344
980	367
980	481
980	493
980	614
980	657
980	673
980	678
980	679
980	698
980	706
980	763
980	809
980	819
980	832
980	835
980	843
980	847
980	854
980	871
980	888
980	892
980	893
980	900
980	906
980	911
980	924
980	941
980	953
980	954
980	963
980	967
980	990
980	992
980	998
981	111
981	113
981	253
981	304
981	321
981	340
981	344
981	405
981	484
981	494
981	495
981	576
981	600
981	601
981	639
981	656
981	665
981	674
981	678
981	742
981	766
981	801
981	880
981	894
981	907
981	908
981	931
981	940
981	944
981	947
981	950
981	956
981	979
981	983
981	984
981	993
981	996
981	997
982	34
982	223
982	299
982	314
982	326
982	357
982	430
982	434
982	541
982	622
982	748
982	750
982	755
982	775
982	787
982	804
982	822
982	823
982	839
982	842
982	862
982	863
982	892
982	901
982	917
982	921
982	926
982	929
982	933
982	947
982	951
982	953
982	962
982	969
982	971
982	987
982	991
982	994
983	81
983	84
983	106
983	150
983	182
983	379
983	404
983	420
983	435
983	537
983	602
983	621
983	639
983	652
983	665
983	714
983	742
983	766
983	815
983	851
983	880
983	894
983	907
983	921
983	923
983	940
983	944
983	947
983	950
983	956
983	979
983	981
983	984
983	986
983	989
983	993
983	996
983	997
984	7
984	76
984	123
984	321
984	376
984	404
984	410
984	435
984	576
984	621
984	639
984	665
984	674
984	689
984	742
984	759
984	763
984	801
984	815
984	824
984	844
984	880
984	894
984	898
984	907
984	940
984	944
984	947
984	950
984	956
984	973
984	974
984	979
984	981
984	983
984	993
984	996
984	997
985	45
985	178
985	269
985	356
985	404
985	419
985	420
985	458
985	514
985	545
985	554
985	617
985	620
985	642
985	658
985	659
985	663
985	687
985	789
985	795
985	805
985	810
985	815
985	828
985	856
985	860
985	870
985	877
985	878
985	884
985	889
985	903
985	915
985	934
985	942
985	943
985	952
985	970
986	67
986	135
986	178
986	189
986	241
986	361
986	400
986	485
986	525
986	535
986	625
986	717
986	729
986	757
986	792
986	807
986	831
986	849
986	879
986	902
986	905
986	912
986	918
986	928
986	938
986	945
986	948
986	950
986	955
986	958
986	961
986	963
986	965
986	966
986	977
986	983
986	987
986	997
986	999
987	16
987	35
987	47
987	297
987	339
987	354
987	371
987	427
987	485
987	589
987	690
987	729
987	757
987	758
987	792
987	801
987	807
987	831
987	849
987	863
987	879
987	902
987	905
987	914
987	918
987	920
987	928
987	938
987	945
987	948
987	951
987	955
987	961
987	963
987	965
987	966
987	977
987	982
987	986
987	999
988	74
988	96
988	133
988	156
988	195
988	212
988	228
988	238
988	290
988	306
988	324
988	364
988	436
988	475
988	502
988	516
988	532
988	568
988	631
988	666
988	677
988	699
988	711
988	713
988	723
988	730
988	734
988	740
988	774
988	788
988	794
988	841
988	855
988	901
988	916
988	949
988	955
988	959
988	961
988	968
988	974
989	42
989	59
989	70
989	149
989	195
989	226
989	378
989	519
989	539
989	585
989	608
989	630
989	645
989	671
989	675
989	718
989	731
989	758
989	769
989	800
989	826
989	828
989	833
989	838
989	840
989	846
989	861
989	866
989	910
989	916
989	920
989	921
989	927
989	930
989	932
989	937
989	946
989	964
989	965
989	976
989	983
989	995
990	49
990	59
990	60
990	63
990	69
990	147
990	286
990	301
990	381
990	424
990	428
990	477
990	493
990	510
990	673
990	678
990	702
990	706
990	726
990	733
990	763
990	817
990	832
990	835
990	843
990	854
990	861
990	871
990	888
990	893
990	894
990	900
990	906
990	911
990	924
990	941
990	953
990	954
990	967
990	980
990	995
990	998
991	5
991	34
991	157
991	308
991	314
991	319
991	327
991	430
991	468
991	488
991	597
991	605
991	618
991	622
991	634
991	636
991	730
991	748
991	755
991	775
991	819
991	822
991	823
991	839
991	841
991	842
991	848
991	863
991	882
991	892
991	893
991	901
991	921
991	929
991	933
991	951
991	959
991	962
991	969
991	982
991	994
991	995
992	45
992	99
992	152
992	246
992	253
992	406
992	446
992	456
992	530
992	552
992	568
992	582
992	588
992	608
992	628
992	647
992	688
992	693
992	726
992	749
992	759
992	767
992	768
992	816
992	825
992	869
992	880
992	896
992	901
992	917
992	918
992	923
992	925
992	926
992	958
992	960
992	972
992	973
992	975
992	978
992	980
992	999
992	1000
993	54
993	97
993	321
993	376
993	379
993	404
993	420
993	425
993	484
993	494
993	537
993	577
993	601
993	602
993	621
993	633
993	639
993	647
993	656
993	742
993	766
993	801
993	815
993	831
993	880
993	894
993	907
993	909
993	918
993	921
993	940
993	944
993	947
993	950
993	956
993	979
993	981
993	983
993	984
993	994
993	996
993	997
993	998
994	39
994	225
994	230
994	299
994	317
994	319
994	327
994	357
994	406
994	448
994	459
994	468
994	483
994	561
994	635
994	636
994	648
994	682
994	726
994	748
994	750
994	755
994	775
994	787
994	804
994	822
994	823
994	829
994	839
994	842
994	848
994	863
994	888
994	892
994	901
994	921
994	933
994	951
994	956
994	962
994	969
994	982
994	991
994	993
995	30
995	42
995	59
995	70
995	142
995	149
995	190
995	193
995	195
995	341
995	378
995	493
995	519
995	539
995	592
995	630
995	645
995	675
995	694
995	718
995	731
995	758
995	760
995	769
995	784
995	800
995	828
995	832
995	838
995	840
995	846
995	855
995	866
995	913
995	920
995	926
995	927
995	932
995	937
995	946
995	963
995	964
995	976
995	989
995	990
995	991
996	81
996	97
996	123
996	182
996	202
996	203
996	246
996	304
996	379
996	405
996	407
996	410
996	437
996	484
996	526
996	601
996	602
996	621
996	639
996	665
996	674
996	730
996	740
996	742
996	766
996	801
996	815
996	846
996	880
996	885
996	887
996	894
996	899
996	907
996	940
996	944
996	947
996	948
996	950
996	956
996	958
996	979
996	981
996	983
996	984
996	993
996	997
997	76
997	182
997	202
997	223
997	321
997	334
997	376
997	404
997	405
997	407
997	410
997	420
997	428
997	435
997	484
997	537
997	602
997	611
997	621
997	644
997	656
997	665
997	674
997	742
997	766
997	801
997	815
997	875
997	880
997	894
997	907
997	939
997	940
997	944
997	947
997	948
997	950
997	956
997	957
997	964
997	968
997	979
997	981
997	983
997	984
997	986
997	993
997	996
998	46
998	63
998	69
998	147
998	154
998	168
998	213
998	301
998	367
998	381
998	424
998	548
998	562
998	599
998	614
998	636
998	657
998	661
998	669
998	673
998	702
998	706
998	733
998	763
998	832
998	840
998	843
998	847
998	848
998	854
998	864
998	871
998	879
998	888
998	893
998	900
998	906
998	911
998	924
998	941
998	953
998	954
998	967
998	969
998	979
998	980
998	990
998	993
999	4
999	41
999	67
999	113
999	120
999	135
999	145
999	204
999	221
999	236
999	277
999	297
999	339
999	353
999	361
999	371
999	427
999	441
999	455
999	485
999	525
999	599
999	690
999	709
999	729
999	763
999	781
999	792
999	807
999	831
999	844
999	849
999	863
999	879
999	905
999	915
999	918
999	928
999	938
999	945
999	948
999	955
999	961
999	963
999	965
999	966
999	977
999	986
999	987
999	992
1000	2
1000	80
1000	99
1000	110
1000	152
1000	210
1000	246
1000	253
1000	276
1000	279
1000	310
1000	323
1000	446
1000	456
1000	530
1000	552
1000	569
1000	582
1000	608
1000	628
1000	647
1000	688
1000	693
1000	703
1000	726
1000	759
1000	767
1000	768
1000	816
1000	818
1000	825
1000	827
1000	865
1000	869
1000	870
1000	893
1000	903
1000	917
1000	923
1000	925
1000	926
1000	958
1000	960
1000	971
1000	972
1000	973
1000	975
1000	977
1000	978
1000	992
