1	173
1	260
1	709
1	849
2	394
2	497
2	505
2	710
3	677
3	696
3	734
3	975
4	788
4	827
4	889
4	924
5	638
5	946
5	962
5	980
6	677
6	711
6	734
6	845
7	114
7	302
7	733
7	873
8	897
8	915
8	936
8	956
9	662
9	951
9	964
9	990
10	642
10	889
10	957
10	969
11	907
11	953
11	975
11	983
12	748
12	935
12	974
12	979
13	457
13	707
13	877
13	969
14	891
14	934
14	949
14	954
15	90
15	840
15	934
15	946
16	336
16	800
16	900
16	904
17	76
17	272
17	705
17	895
18	933
18	975
18	983
18	992
19	670
19	716
19	743
19	947
20	229
20	271
20	558
20	794
21	350
21	820
21	923
21	988
22	68
22	191
22	636
22	718
23	723
23	745
23	813
23	978
24	329
24	825
24	874
24	929
25	474
25	611
25	783
25	863
26	679
26	930
26	967
26	990
27	734
27	984
27	988
27	991
28	848
28	972
28	984
28	988
29	382
29	388
29	433
29	928
30	860
30	959
30	987
30	1000
31	865
31	868
31	884
31	961
32	353
32	522
32	893
32	928
33	768
33	907
33	975
33	983
34	642
34	887
34	987
34	1000
35	867
35	920
35	943
35	990
36	286
36	346
36	391
36	664
37	454
37	679
37	819
37	937
38	545
38	971
38	993
38	997
39	816
39	897
39	913
39	961
40	584
40	749
40	848
40	906
41	312
41	955
41	974
41	979
42	170
42	310
42	526
42	686
43	380
43	671
43	682
43	997
44	512
44	847
44	851
44	980
45	921
45	929
45	958
45	972
46	47
46	912
46	952
46	954
47	46
47	976
47	995
47	996
48	84
48	91
48	254
48	869
49	765
49	766
49	855
49	885
50	95
50	828
50	961
50	974
51	355
51	682
51	765
51	849
52	853
52	886
52	889
52	924
53	190
53	329
53	394
53	491
54	87
54	748
54	823
54	935
55	537
55	817
55	846
55	879
56	613
56	621
56	627
56	991
57	791
57	815
57	980
57	994
58	303
58	327
58	579
58	651
59	190
59	252
59	329
59	1000
60	488
60	862
60	891
60	951
61	129
61	153
61	426
61	456
62	388
62	483
62	650
62	718
63	624
63	802
63	870
63	943
64	359
64	379
64	424
64	908
65	870
65	970
65	989
65	998
66	379
66	900
66	904
66	993
67	970
67	985
67	989
67	993
68	22
68	232
68	465
68	858
69	829
69	864
69	867
69	928
70	443
70	663
70	784
70	978
71	855
71	985
71	992
71	998
72	540
72	771
72	774
72	834
73	210
73	769
73	905
73	969
74	343
74	679
74	842
74	968
75	564
75	716
75	784
75	956
76	17
76	817
76	839
76	879
77	569
77	689
77	938
77	979
78	916
78	977
78	993
78	997
79	582
79	806
79	969
79	970
80	161
80	555
80	765
80	936
81	231
81	608
81	683
81	835
82	921
82	923
82	966
82	991
83	694
83	821
83	992
83	998
84	48
84	249
84	381
84	621
85	363
85	449
85	487
85	876
86	673
86	871
86	919
86	939
87	54
87	338
87	385
87	543
88	150
88	240
88	313
88	976
89	930
89	943
89	968
89	990
90	15
90	384
90	606
90	704
91	48
91	853
91	889
91	924
92	541
92	671
92	682
92	843
93	508
93	698
93	925
93	942
94	733
94	984
94	988
94	991
95	50
95	981
95	982
95	989
96	263
96	497
96	865
96	917
97	838
97	947
97	973
97	996
98	940
98	958
98	996
98	999
99	469
99	647
99	723
99	745
100	318
100	337
100	583
100	708
101	437
101	527
101	572
101	613
102	815
102	854
102	934
102	958
103	503
103	950
103	987
103	1000
104	524
104	560
104	922
104	997
105	782
105	972
105	984
105	988
106	795
106	949
106	959
106	1000
107	797
107	917
107	926
107	1000
108	742
108	838
108	959
108	985
109	772
109	892
109	950
109	979
110	696
110	711
110	734
110	978
111	445
111	691
111	721
111	935
112	510
112	918
112	949
112	952
113	158
113	889
113	924
113	953
114	7
114	368
114	638
114	930
115	520
115	849
115	914
115	921
116	771
116	837
116	868
116	904
117	262
117	932
117	941
117	987
118	524
118	560
118	966
118	974
119	735
119	748
119	971
119	997
120	734
120	871
120	936
120	956
121	841
121	973
121	995
121	999
122	264
122	981
122	985
122	989
123	538
123	547
123	816
123	850
124	809
124	839
124	846
124	879
125	741
125	913
125	961
125	964
126	213
126	402
126	685
126	873
127	555
127	579
127	651
127	744
128	761
128	769
128	982
128	998
129	61
129	426
129	456
129	674
130	890
130	921
130	935
130	991
131	590
131	622
131	640
131	672
132	696
132	711
132	720
132	818
133	299
133	717
133	726
133	954
134	844
134	946
134	978
134	999
135	214
135	579
135	744
135	800
136	185
136	621
136	627
136	637
137	307
137	866
137	932
137	995
138	917
138	958
138	965
138	994
139	325
139	721
139	912
139	952
140	609
140	972
140	988
140	991
141	963
141	984
141	988
141	991
142	358
142	647
142	658
142	823
143	545
143	853
143	924
143	963
144	936
144	948
144	993
144	997
145	148
145	154
145	315
145	898
146	159
146	253
146	319
146	871
147	513
147	598
147	936
147	968
148	145
148	154
148	315
148	500
149	600
149	872
149	901
149	957
150	88
150	240
150	313
150	335
151	266
151	940
151	966
151	996
152	474
152	733
152	764
152	873
153	61
153	426
153	456
153	996
154	145
154	148
154	315
154	987
155	253
155	370
155	532
155	942
156	908
156	968
156	979
156	994
157	699
157	929
157	932
157	950
158	113
158	417
158	703
158	758
159	146
159	370
159	532
159	895
160	167
160	470
160	519
160	526
161	80
161	184
161	222
161	849
162	590
162	622
162	640
162	902
163	810
163	821
163	883
163	908
164	173
164	430
164	634
164	893
165	793
165	970
165	981
165	985
166	387
166	647
166	745
166	845
167	160
167	230
167	796
167	986
168	676
168	951
168	967
168	990
169	468
169	857
169	932
169	945
170	42
170	410
170	519
170	994
171	560
171	706
171	937
171	939
172	265
172	683
172	704
172	835
173	1
173	164
173	693
173	709
174	532
174	839
174	846
174	879
175	370
175	410
175	567
175	889
176	713
176	972
176	988
176	991
177	357
177	378
177	528
177	920
178	191
178	423
178	465
178	976
179	753
179	837
179	900
179	904
180	269
180	773
180	956
180	957
181	341
181	703
181	758
181	977
182	739
182	811
182	870
182	903
183	234
183	585
183	704
183	971
184	161
184	771
184	957
184	969
185	136
185	372
185	581
185	613
186	828
186	860
186	861
186	913
187	259
187	962
187	976
187	995
188	703
188	758
188	826
188	999
189	854
189	922
189	946
189	994
190	53
190	59
190	329
190	934
191	22
191	178
191	423
191	774
192	449
192	487
192	907
192	970
193	357
193	378
193	528
193	879
194	254
194	279
194	381
194	399
195	503
195	855
195	896
195	914
196	366
196	584
196	853
196	870
197	636
197	661
197	961
197	975
198	709
198	907
198	927
198	983
199	743
199	788
199	853
199	924
200	317
200	327
200	444
200	892
201	566
201	596
201	625
201	995
202	218
202	235
202	277
202	522
203	735
203	748
203	774
203	834
204	942
204	981
204	992
204	998
205	387
205	890
205	984
205	988
206	713
206	919
206	942
206	980
207	582
207	929
207	950
207	987
208	452
208	764
208	861
208	873
209	775
209	794
209	934
209	940
210	73
210	517
210	978
210	995
211	911
211	953
211	958
211	961
212	653
212	867
212	928
212	999
213	126
213	638
213	764
213	776
214	135
214	317
214	744
214	815
215	443
215	890
215	972
215	991
216	917
216	958
216	986
216	996
217	628
217	661
217	937
217	939
218	202
218	235
218	277
218	998
219	949
219	953
219	965
219	986
220	349
220	566
220	596
220	625
221	673
221	919
221	939
221	991
222	161
222	882
222	896
222	914
223	590
223	618
223	622
223	907
224	284
224	394
224	427
224	497
225	722
225	788
225	924
225	950
226	281
226	685
226	771
226	904
227	496
227	703
227	758
227	766
228	892
228	926
228	987
228	1000
229	20
229	772
229	775
229	934
230	167
230	540
230	834
230	978
231	81
231	962
231	978
231	999
232	68
232	423
232	465
232	614
233	397
233	804
233	889
233	924
234	183
234	544
234	704
234	924
235	202
235	218
235	277
235	588
236	359
236	379
236	424
236	962
237	964
237	967
237	984
237	990
238	717
238	923
238	988
238	991
239	541
239	548
239	671
239	682
240	88
240	150
240	313
240	551
241	413
241	749
241	802
241	843
242	451
242	970
242	981
242	985
243	867
243	880
243	893
243	995
244	876
244	989
244	993
244	997
245	670
245	715
245	987
245	1000
246	941
246	950
246	977
246	1000
247	539
247	856
247	915
247	956
248	970
248	985
248	992
248	1000
249	84
249	869
249	911
249	986
250	567
250	902
250	905
250	976
251	964
251	967
251	971
251	990
252	59
252	962
252	996
252	999
253	146
253	155
253	305
253	532
253	567
254	48
254	194
254	279
254	381
254	650
255	609
255	827
255	886
255	957
255	969
256	943
256	951
256	967
256	990
256	999
257	905
257	972
257	984
257	991
257	992
258	756
258	877
258	950
258	959
258	987
259	187
259	588
259	809
259	913
259	961
260	1
260	563
260	620
260	634
260	709
261	314
261	339
261	768
261	896
261	914
262	117
262	909
262	971
262	993
262	997
263	96
263	661
263	913
263	961
263	992
264	122
264	909
264	919
264	937
264	939
265	172
265	811
265	863
265	903
265	934
266	151
266	548
266	663
266	784
266	935
267	432
267	963
267	981
267	992
267	998
268	352
268	531
268	583
268	708
268	993
269	180
269	767
269	855
269	914
269	955
270	412
270	576
270	670
270	716
270	743
271	20
271	639
271	896
271	914
271	986
272	17
272	304
272	338
272	968
272	994
273	741
273	944
273	950
273	963
273	998
274	922
274	925
274	946
274	994
274	995
275	776
275	800
275	801
275	819
275	900
276	404
276	552
276	568
276	792
276	987
277	202
277	218
277	235
277	806
277	950
278	283
278	295
278	304
278	887
278	975
279	194
279	254
279	323
279	381
279	628
280	739
280	851
280	903
280	934
280	989
281	226
281	494
281	806
281	848
281	969
282	498
282	953
282	958
282	986
282	1000
283	278
283	295
283	304
283	801
283	956
284	224
284	832
284	901
284	957
284	969
285	906
285	920
285	943
285	964
285	990
286	36
286	346
286	391
286	460
286	576
287	544
287	943
287	964
287	982
287	990
288	871
288	915
288	936
288	956
288	991
289	337
289	566
289	596
289	625
289	846
290	589
290	629
290	676
290	743
290	776
291	614
291	981
291	985
291	992
291	998
292	334
292	478
292	630
292	701
292	842
293	322
293	700
293	707
293	865
293	961
294	488
294	634
294	849
294	952
294	954
295	278
295	283
295	304
295	823
295	927
296	608
296	718
296	791
296	835
296	855
297	681
297	764
297	814
297	873
297	946
298	692
298	899
298	955
298	974
298	979
299	133
299	480
299	985
299	989
299	992
300	677
300	696
300	711
300	734
300	827
301	430
301	456
301	511
301	563
301	709
302	7
302	859
302	970
302	981
302	985
303	58
303	786
303	819
303	867
303	928
304	272
304	278
304	283
304	295
304	501
305	253
305	938
305	955
305	974
305	979
306	836
306	923
306	972
306	984
306	994
307	137
307	722
307	853
307	889
307	924
308	489
308	744
308	781
308	847
308	985
309	855
309	971
309	988
309	993
309	997
310	42
310	470
310	519
310	560
310	922
311	709
311	725
311	948
311	993
311	997
312	41
312	546
312	552
312	781
312	831
313	88
313	150
313	240
313	488
313	988
314	261
314	624
314	854
314	881
314	986
315	145
315	148
315	154
315	436
315	956
316	460
316	910
316	917
316	953
316	986
317	200
317	214
317	408
317	685
317	744
318	100
318	583
318	649
318	698
318	708
319	146
319	410
319	567
319	650
319	772
320	467
320	780
320	782
320	844
320	949
321	331
321	524
321	533
321	560
321	882
322	293
322	800
322	822
322	948
322	993
323	279
323	882
323	933
323	975
323	983
324	330
324	915
324	936
324	956
324	989
325	139
325	341
325	417
325	758
325	888
326	831
326	881
326	893
326	953
326	965
327	58
327	200
327	444
327	744
327	961
328	454
328	501
328	628
328	655
328	937
329	24
329	53
329	59
329	190
329	914
330	324
330	869
330	964
330	965
330	986
331	321
331	524
331	560
331	619
331	662
332	625
332	754
332	755
332	952
332	954
333	477
333	839
333	846
333	879
333	985
334	292
334	701
334	777
334	842
334	968
335	150
335	501
335	885
335	895
335	942
336	16
336	375
336	825
336	912
336	949
337	100
337	289
337	566
337	596
337	625
338	87
338	272
338	778
338	955
338	974
339	261
339	446
339	527
339	723
339	914
340	619
340	647
340	723
340	745
340	970
341	181
341	325
341	496
341	758
341	805
342	910
342	911
342	957
342	958
342	986
343	74
343	533
343	632
343	746
343	842
344	587
344	833
344	881
344	950
344	965
345	608
345	614
345	718
345	835
345	846
346	36
346	286
346	391
346	460
346	820
347	921
347	923
347	969
347	984
347	988
348	570
348	619
348	723
348	745
348	912
349	220
349	793
349	946
349	980
349	994
350	21
350	493
350	826
350	974
350	979
351	356
351	375
351	971
351	993
351	997
352	268
352	531
352	583
352	708
352	899
353	32
353	630
353	728
353	840
353	903
354	413
354	633
354	749
354	870
354	895
355	51
355	653
355	849
355	855
355	914
356	351
356	670
356	927
356	975
356	983
357	177
357	193
357	378
357	528
357	865
358	142
358	543
358	689
358	739
358	850
359	64
359	236
359	379
359	424
359	724
360	802
360	864
360	880
360	928
360	931
361	442
361	696
361	886
361	898
361	968
362	752
362	838
362	900
362	904
362	987
363	85
363	449
363	487
363	851
363	995
364	502
364	525
364	918
364	949
364	952
365	604
365	624
365	754
365	802
365	870
366	196
366	749
366	784
366	870
366	916
367	898
367	942
367	968
367	987
367	994
368	114
368	539
368	687
368	733
368	873
369	572
369	963
369	982
369	989
369	998
370	155
370	159
370	175
370	532
370	945
371	544
371	585
371	606
371	704
371	903
372	185
372	572
372	621
372	962
372	996
373	447
373	616
373	738
373	756
373	980
374	421
374	644
374	802
374	870
374	974
375	336
375	351
375	891
375	912
375	918
376	604
376	624
376	870
376	928
376	930
377	588
377	710
377	911
377	949
377	961
378	177
378	193
378	357
378	392
378	528
379	64
379	66
379	236
379	359
379	424
380	43
380	541
380	591
380	671
380	682
381	84
381	194
381	254
381	279
381	813
382	29
382	403
382	438
382	580
382	900
383	525
383	691
383	774
383	834
383	989
384	90
384	888
384	971
384	993
384	997
385	87
385	386
385	620
385	748
385	750
386	385
386	485
386	748
386	823
386	850
387	166
387	205
387	902
387	935
387	979
388	29
388	62
388	403
388	580
388	742
389	540
389	586
389	592
389	724
389	932
390	512
390	627
390	678
390	781
390	847
391	36
391	286
391	346
391	460
391	631
392	378
392	915
392	936
392	950
392	956
393	430
393	857
393	972
393	984
393	991
394	2
394	53
394	224
394	427
394	505
395	769
395	919
395	937
395	939
395	968
396	841
396	944
396	982
396	989
396	992
397	233
397	921
397	972
397	984
397	991
398	414
398	731
398	962
398	975
398	983
399	194
399	874
399	933
399	975
399	983
400	771
400	800
400	801
400	874
400	900
401	741
401	860
401	869
401	961
401	981
402	126
402	763
402	935
402	974
402	979
403	382
403	388
403	433
403	438
403	580
404	276
404	613
404	751
404	781
404	831
405	531
405	583
405	708
405	984
405	999
406	609
406	622
406	948
406	957
406	969
407	835
407	890
407	919
407	937
407	939
408	317
408	579
408	651
408	744
408	869
408	992
409	905
409	921
409	927
409	972
409	984
409	991
410	170
410	175
410	319
410	532
410	567
410	790
411	425
411	873
411	972
411	984
411	988
411	991
412	270
412	589
412	629
412	743
412	898
412	993
413	241
413	354
413	584
413	802
413	947
413	962
414	398
414	819
414	951
414	964
414	967
414	990
415	641
415	923
415	947
415	960
415	962
415	996
416	682
416	826
416	899
416	938
416	974
416	979
417	158
417	325
417	496
417	692
417	703
417	923
418	912
418	930
418	948
418	951
418	964
418	990
419	874
419	882
419	927
419	928
419	969
419	983
420	460
420	663
420	675
420	905
420	988
420	991
421	374
421	446
421	584
421	802
421	870
421	949
422	538
422	599
422	776
422	837
422	900
422	904
423	178
423	191
423	232
423	465
423	857
423	917
424	64
424	236
424	359
424	379
424	685
424	912
425	411
425	680
425	841
425	909
425	993
425	997
426	61
426	129
426	153
426	456
426	755
426	860
427	224
427	394
427	497
427	505
427	826
427	925
428	516
428	724
428	856
428	915
428	936
428	956
429	587
429	610
429	712
429	919
429	939
429	985
430	164
430	301
430	393
430	563
430	634
430	709
431	821
431	976
431	977
431	980
431	995
431	999
432	267
432	720
432	881
432	911
432	953
432	965
433	29
433	403
433	438
433	580
433	855
433	964
434	777
434	844
434	854
434	907
434	965
434	986
435	791
435	925
435	942
435	969
435	980
435	999
436	315
436	721
436	862
436	912
436	954
436	963
437	101
437	705
437	808
437	838
437	941
437	1000
438	382
438	403
438	433
438	580
438	635
438	924
439	830
439	922
439	927
439	975
439	977
439	983
440	559
440	632
440	746
440	842
440	902
440	997
441	726
441	764
441	817
441	839
441	846
441	879
442	361
442	773
442	852
442	915
442	936
442	956
443	70
443	215
443	530
443	548
443	784
443	915
444	200
444	327
444	520
444	617
444	651
444	744
445	111
445	626
445	633
445	737
445	916
445	949
446	339
446	421
446	552
446	594
446	751
446	831
447	373
447	883
447	929
447	941
447	952
447	1000
448	518
448	931
448	981
448	982
448	986
448	992
449	85
449	192
449	363
449	487
449	981
449	984
450	699
450	930
450	951
450	964
450	967
450	990
451	242
451	927
451	966
451	976
451	977
451	995
452	208
452	575
452	681
452	685
452	688
452	873
453	605
453	878
453	955
453	960
453	977
453	995
454	37
454	328
454	694
454	911
454	919
454	937
455	587
455	858
455	919
455	937
455	939
455	967
456	61
456	129
456	153
456	301
456	426
456	998
457	13
457	825
457	872
457	877
457	926
457	969
458	632
458	866
458	895
458	922
458	980
458	994
459	559
459	817
459	839
459	846
459	879
459	892
460	286
460	316
460	346
460	391
460	420
460	852
461	492
461	579
461	777
461	912
461	953
461	986
462	465
462	843
462	891
462	912
462	918
462	949
463	687
463	825
463	905
463	972
463	988
463	991
464	483
464	691
464	735
464	774
464	834
464	962
465	68
465	178
465	232
465	423
465	462
465	901
466	830
466	874
466	906
466	944
466	975
466	983
467	320
467	499
467	919
467	937
467	939
467	943
468	169
468	931
468	937
468	944
468	981
468	998
469	99
469	788
469	804
469	853
469	889
469	924
470	160
470	310
470	519
470	526
470	784
470	907
471	578
471	813
471	951
471	955
471	974
471	979
472	554
472	586
472	592
472	674
472	724
472	758
473	502
473	668
473	857
473	933
473	945
473	1000
474	25
474	152
474	866
474	932
474	945
474	1000
475	807
475	835
475	856
475	915
475	956
475	978
476	782
476	912
476	918
476	929
476	949
476	954
477	333
477	803
477	807
477	871
477	951
477	956
478	292
478	626
478	701
478	746
478	750
478	842
479	579
479	594
479	751
479	792
479	847
479	974
480	299
480	684
480	796
480	939
480	958
480	986
481	874
481	933
481	948
481	975
481	983
481	988
482	886
482	963
482	970
482	982
482	992
482	998
483	62
483	464
483	562
483	726
483	778
483	835
484	824
484	850
484	888
484	960
484	973
484	999
485	386
485	899
485	902
485	972
485	974
485	979
486	494
486	825
486	935
486	949
486	952
486	954
487	85
487	192
487	363
487	449
487	780
487	976
488	60
488	294
488	313
488	891
488	899
488	918
489	308
489	781
489	792
489	803
489	831
489	948
490	767
490	818
490	907
490	936
490	975
490	983
491	53
491	820
491	836
491	905
491	972
491	988
492	461
492	869
492	914
492	957
492	965
492	986
493	350
493	524
493	966
493	977
493	996
493	999
494	281
494	486
494	614
494	862
494	912
494	949
495	746
495	806
495	909
495	916
495	993
495	997
496	227
496	341
496	417
496	703
496	758
496	798
497	2
497	96
497	224
497	427
497	505
497	964
498	282
498	527
498	699
498	756
498	917
498	965
499	467
499	729
499	812
499	919
499	937
499	939
500	148
500	929
500	950
500	963
500	987
500	1000
501	304
501	328
501	335
501	821
501	968
501	994
502	364
502	473
502	759
502	929
502	941
502	1000
503	103
503	195
503	946
503	968
503	980
503	994
504	753
504	797
504	848
504	901
504	957
504	969
505	2
505	394
505	427
505	497
505	752
505	763
506	530
506	548
506	564
506	663
506	784
506	998
507	557
507	728
507	824
507	863
507	903
507	934
508	93
508	535
508	876
508	922
508	968
508	994
508	996
509	515
509	586
509	592
509	593
509	674
509	724
509	995
510	112
510	852
510	940
510	966
510	973
510	977
510	978
511	301
511	603
511	821
511	886
511	908
511	925
511	946
512	44
512	390
512	546
512	623
512	678
512	831
512	979
513	147
513	714
513	719
513	750
513	886
513	925
513	994
514	599
514	789
514	865
514	907
514	933
514	975
514	990
515	509
515	586
515	591
515	674
515	724
515	878
515	929
516	428
516	884
516	944
516	963
516	967
516	985
516	998
517	210
517	768
517	834
517	922
517	966
517	978
517	996
518	448
518	662
518	982
518	986
518	989
518	998
518	999
519	160
519	170
519	310
519	470
519	526
519	680
519	916
520	115
520	444
520	762
520	765
520	766
520	896
520	914
521	528
521	696
521	874
521	948
521	971
521	993
521	997
522	32
522	202
522	559
522	574
522	805
522	819
522	928
523	739
523	851
523	863
523	903
523	921
523	934
523	998
524	104
524	118
524	321
524	331
524	493
524	560
524	752
525	364
525	383
525	691
525	735
525	774
525	834
525	985
526	42
526	160
526	470
526	519
526	720
526	748
526	874
527	101
527	339
527	498
527	767
527	849
527	855
527	896
528	177
528	193
528	357
528	378
528	521
528	567
528	932
529	574
529	909
529	912
529	916
529	971
529	993
529	997
530	443
530	506
530	564
530	663
530	784
530	842
530	959
531	268
531	352
531	405
531	583
531	648
531	708
531	858
532	155
532	159
532	174
532	253
532	370
532	410
532	990
533	321
533	343
533	897
533	943
533	964
533	967
533	990
534	643
534	654
534	916
534	971
534	993
534	997
534	999
535	508
535	545
535	804
535	840
535	853
535	889
535	924
536	691
536	832
536	886
536	925
536	942
536	968
536	994
537	55
537	800
537	801
537	837
537	868
537	900
537	904
538	123
538	422
538	822
538	916
538	971
538	993
538	997
539	247
539	368
539	681
539	685
539	739
539	764
539	873
540	72
540	230
540	389
540	691
540	735
540	774
540	834
541	92
541	239
541	380
541	671
541	682
541	903
541	934
542	544
542	626
542	660
542	717
542	949
542	952
542	954
543	87
543	358
543	665
543	816
543	850
543	987
543	988
544	234
544	287
544	371
544	542
544	585
544	606
544	704
545	38
545	143
545	535
545	744
545	804
545	889
545	924
546	312
546	512
546	781
546	792
546	847
546	901
546	952
547	123
547	603
547	689
547	717
547	730
547	816
547	850
548	239
548	266
548	443
548	506
548	663
548	784
548	836
549	590
549	622
549	640
549	719
549	949
550	950
550	953
550	963
550	982
550	989
550	992
550	998
551	240
551	686
551	908
551	942
551	980
551	994
551	1000
552	276
552	312
552	446
552	751
552	831
552	954
552	960
553	731
553	923
553	935
553	938
553	954
553	974
553	979
554	472
554	715
554	910
554	926
554	929
554	932
554	1000
555	80
555	127
555	766
555	767
555	896
555	914
555	985
556	667
556	938
556	942
556	955
556	974
556	979
556	1000
557	507
557	905
557	913
557	921
557	984
557	988
557	991
558	20
558	577
558	660
558	851
558	903
558	908
558	934
559	440
559	459
559	522
559	599
559	679
559	746
559	842
560	104
560	118
560	171
560	310
560	321
560	331
560	524
561	879
561	892
561	926
561	959
561	980
561	987
561	1000
562	483
562	571
562	575
562	683
562	726
562	833
562	835
563	260
563	301
563	430
563	634
563	709
563	869
563	997
564	75
564	506
564	530
564	663
564	727
564	784
564	951
565	607
565	864
565	867
565	880
565	893
565	909
565	928
566	201
566	220
566	289
566	337
566	596
566	625
566	862
567	175
567	250
567	253
567	319
567	410
567	528
567	994
568	276
568	678
568	714
568	792
568	831
568	847
568	907
569	77
569	591
569	805
569	819
569	893
569	928
569	977
570	348
570	619
570	647
570	683
570	723
570	745
570	969
571	562
571	587
571	608
571	614
571	718
571	726
571	790
572	101
572	369
572	372
572	613
572	621
572	627
572	759
573	584
573	617
573	921
573	984
573	988
573	991
573	997
574	522
574	529
574	819
574	864
574	867
574	893
574	928
575	452
575	562
575	638
575	685
575	733
575	873
575	993
576	270
576	286
576	834
576	866
576	929
576	941
576	959
576	987
577	558
577	894
577	944
577	958
577	985
577	989
577	992
577	998
578	471
578	731
578	753
578	960
578	966
578	995
578	996
578	999
579	58
579	127
579	135
579	408
579	461
579	479
579	651
579	744
580	382
580	388
580	403
580	433
580	438
580	757
580	926
580	961
581	185
581	681
581	803
581	856
581	871
581	915
581	936
581	956
582	79
582	207
582	726
582	848
582	877
582	926
582	957
582	969
583	100
583	268
583	318
583	352
583	405
583	531
583	708
583	795
584	40
584	196
584	413
584	421
584	573
584	749
584	870
584	975
585	183
585	371
585	544
585	606
585	704
585	788
585	816
585	917
586	389
586	472
586	509
586	515
586	591
586	674
586	724
586	930
587	344
587	429
587	455
587	571
587	729
587	919
587	937
587	939
588	235
588	259
588	377
588	661
588	828
588	868
588	928
588	961
589	290
589	412
589	635
589	670
589	676
589	690
589	716
589	743
590	131
590	162
590	223
590	549
590	622
590	640
590	945
590	966
591	380
591	515
591	569
591	586
591	592
591	674
591	724
591	908
592	389
592	472
592	509
592	591
592	674
592	724
592	843
592	867
593	509
593	909
593	916
593	948
593	971
593	974
593	993
593	997
594	446
594	479
594	678
594	721
594	751
594	831
594	847
594	956
595	920
595	941
595	943
595	946
595	951
595	967
595	990
595	994
596	201
596	220
596	289
596	337
596	566
596	625
596	948
596	998
597	606
597	818
597	830
597	935
597	938
597	955
597	974
597	979
598	147
598	807
598	871
598	915
598	936
598	956
598	985
598	987
599	422
599	514
599	559
599	833
599	882
599	933
599	975
599	983
600	149
600	793
600	898
600	946
600	950
600	968
600	980
600	994
601	793
601	817
601	846
601	890
601	923
601	972
601	984
601	991
602	798
602	942
602	963
602	981
602	984
602	985
602	989
602	992
603	511
603	547
603	665
603	766
603	816
603	823
603	850
603	913
604	365
604	376
604	745
604	749
604	797
604	802
604	870
604	920
605	453
605	897
605	920
605	930
605	964
605	966
605	967
605	990
606	90
606	371
606	544
606	585
606	597
606	704
606	824
606	942
607	565
607	678
607	796
607	815
607	854
607	953
607	958
607	986
608	81
608	296
608	345
608	571
608	734
608	826
608	835
608	964
609	140
609	255
609	406
609	852
609	877
609	887
609	901
609	969
610	429
610	747
610	898
610	922
610	925
610	958
610	968
610	980
611	25
611	668
611	787
611	811
611	851
611	903
611	910
611	934
612	672
612	845
612	930
612	951
612	964
612	967
612	982
612	990
613	56
613	101
613	185
613	404
613	572
613	621
613	627
613	671
614	232
614	291
614	345
614	494
614	571
614	718
614	726
614	835
615	744
615	768
615	780
615	782
615	891
615	949
615	952
615	954
616	373
616	761
616	909
616	948
616	971
616	990
616	993
616	997
617	444
617	573
617	849
617	941
617	945
617	950
617	959
617	987
618	223
618	648
618	722
618	788
618	804
618	853
618	873
618	924
619	331
619	340
619	348
619	570
619	647
619	723
619	745
619	956
620	260
620	385
620	658
620	689
620	748
620	816
620	850
620	997
621	56
621	84
621	136
621	372
621	572
621	613
621	627
621	718
622	131
622	162
622	223
622	406
622	549
622	590
622	640
622	958
623	512
623	711
623	731
623	882
623	907
623	933
623	939
623	983
624	63
624	314
624	365
624	376
624	749
624	802
624	852
624	870
625	201
625	220
625	289
625	332
625	337
625	566
625	596
625	829
626	445
626	478
626	542
626	730
626	862
626	918
626	954
626	998
627	56
627	136
627	390
627	572
627	613
627	621
627	734
627	766
628	217
628	279
628	328
628	706
628	919
628	932
628	937
628	939
629	290
629	412
629	670
629	676
629	716
629	743
629	815
629	828
630	292
630	353
630	765
630	766
630	849
630	855
630	896
630	914
631	391
631	677
631	869
631	910
631	911
631	917
631	958
631	965
632	343
632	440
632	458
632	679
632	701
632	746
632	842
632	972
633	354
633	445
633	643
633	876
633	948
633	971
633	993
633	997
634	164
634	260
634	294
634	430
634	563
634	709
634	770
634	808
635	438
635	589
635	883
635	885
635	895
635	946
635	980
635	994
636	22
636	197
636	809
636	865
636	868
636	913
636	961
636	993
637	136
637	726
637	858
637	902
637	935
637	955
637	974
637	979
638	5
638	114
638	213
638	575
638	733
638	873
638	942
638	994
639	271
639	763
639	766
639	849
639	855
639	896
639	909
639	914
640	131
640	162
640	549
640	590
640	622
640	783
640	856
640	961
641	415
641	764
641	780
641	966
641	976
641	978
641	995
641	999
642	10
642	34
642	693
642	892
642	929
642	950
642	987
642	1000
643	534
643	633
643	706
643	854
643	909
643	948
643	971
643	997
644	374
644	745
644	793
644	885
644	960
644	968
644	980
644	994
645	836
645	866
645	921
645	923
645	925
645	972
645	984
645	988
646	888
646	896
646	916
646	918
646	948
646	971
646	983
646	993
646	997
647	99
647	142
647	166
647	340
647	570
647	619
647	723
647	745
647	929
648	531
648	618
648	809
648	860
648	865
648	868
648	913
648	961
648	973
649	318
649	772
649	832
649	866
649	945
649	950
649	959
649	994
649	1000
650	62
650	254
650	319
650	887
650	920
650	951
650	964
650	967
650	990
651	58
651	127
651	408
651	444
651	579
651	684
651	744
651	811
651	992
652	706
652	779
652	878
652	916
652	960
652	976
652	995
652	996
652	999
653	212
653	355
653	804
653	845
653	963
653	981
653	982
653	989
653	992
654	534
654	657
654	773
654	803
654	807
654	871
654	936
654	956
654	999
655	328
655	844
655	858
655	906
655	973
655	976
655	977
655	990
655	999
656	737
656	740
656	747
656	812
656	818
656	851
656	874
656	975
656	983
657	654
657	773
657	803
657	856
657	907
657	936
657	956
657	981
657	999
658	142
658	620
658	689
658	730
658	816
658	823
658	850
658	863
658	993
659	736
659	858
659	902
659	911
659	935
659	938
659	955
659	974
659	979
660	542
660	558
660	668
660	669
660	775
660	811
660	863
660	881
660	885
661	197
661	217
661	263
661	588
661	700
661	741
661	809
661	865
661	973
662	9
662	331
662	518
662	970
662	982
662	985
662	986
662	989
662	992
663	70
663	266
663	420
663	506
663	530
663	548
663	564
663	784
663	951
664	36
664	910
664	963
664	970
664	981
664	982
664	987
664	992
664	998
665	543
665	603
665	689
665	748
665	804
665	816
665	823
665	849
665	976
666	770
666	784
666	786
666	864
666	867
666	880
666	893
666	928
666	955
667	556
667	786
667	808
667	827
667	832
667	848
667	872
667	957
667	969
668	473
668	611
668	660
668	840
668	863
668	895
668	903
668	918
668	934
669	660
669	728
669	794
669	811
669	829
669	863
669	914
669	934
669	995
670	19
670	245
670	270
670	356
670	589
670	629
670	676
670	716
670	743
671	43
671	92
671	239
671	380
671	541
671	613
671	682
671	962
671	967
672	131
672	612
672	892
672	931
672	963
672	970
672	981
672	982
672	992
673	86
673	221
673	706
673	712
673	888
673	919
673	937
673	939
673	952
674	129
674	472
674	509
674	515
674	586
674	591
674	592
674	724
674	960
675	420
675	747
675	850
675	890
675	972
675	973
675	984
675	988
675	991
676	168
676	290
676	589
676	629
676	670
676	716
676	743
676	887
676	970
677	3
677	6
677	300
677	631
677	696
677	711
677	734
677	761
677	999
678	390
678	512
678	568
678	594
678	607
678	751
678	792
678	809
678	923
679	26
679	37
679	74
679	559
679	632
679	701
679	746
679	842
679	998
680	425
680	519
680	888
680	894
680	938
680	948
680	971
680	993
680	997
681	297
681	452
681	539
681	581
681	685
681	733
681	837
681	873
681	972
682	43
682	51
682	92
682	239
682	380
682	416
682	541
682	671
682	888
683	81
683	172
683	562
683	570
683	708
683	718
683	726
683	835
683	837
684	480
684	651
684	815
684	840
684	861
684	869
684	910
684	965
684	986
685	126
685	226
685	317
685	424
685	452
685	539
685	575
685	681
685	764
686	42
686	551
686	776
686	791
686	872
686	895
686	946
686	968
686	994
687	368
687	463
687	890
687	923
687	972
687	984
687	988
687	991
687	998
688	452
688	761
688	809
688	822
688	876
688	915
688	916
688	948
688	997
689	77
689	358
689	547
689	620
689	658
689	665
689	722
689	823
689	850
689	972
690	589
690	770
690	805
690	819
690	824
690	864
690	868
690	880
690	893
690	928
691	111
691	383
691	464
691	525
691	536
691	540
691	735
691	774
691	834
691	935
692	298
692	417
692	943
692	947
692	966
692	973
692	976
692	977
692	978
692	996
693	173
693	642
693	829
693	836
693	878
693	962
693	966
693	995
693	996
693	999
694	83
694	454
694	908
694	970
694	975
694	982
694	985
694	989
694	992
694	998
695	703
695	885
695	908
695	920
695	922
695	942
695	946
695	954
695	968
695	994
696	3
696	110
696	132
696	300
696	361
696	521
696	677
696	711
696	734
696	837
697	706
697	810
697	813
697	887
697	935
697	938
697	955
697	974
697	979
697	983
698	93
698	318
698	818
698	830
698	894
698	907
698	927
698	933
698	975
698	983
699	157
699	450
699	498
699	811
699	833
699	911
699	953
699	958
699	965
699	986
700	293
700	661
700	710
700	765
700	809
700	828
700	860
700	947
700	961
700	977
701	292
701	334
701	478
701	632
701	679
701	746
701	842
701	971
701	973
701	992
702	844
702	931
702	949
702	953
702	963
702	970
702	982
702	989
702	992
702	998
703	158
703	181
703	188
703	227
703	417
703	496
703	695
703	758
703	842
703	975
704	90
704	172
704	183
704	234
704	371
704	544
704	585
704	606
704	921
704	965
705	17
705	437
705	866
705	926
705	927
705	929
705	945
705	959
705	971
705	987
706	171
706	628
706	643
706	652
706	673
706	697
706	712
706	729
706	937
706	939
707	13
707	293
707	809
707	860
707	865
707	868
707	905
707	913
707	922
707	961
708	100
708	268
708	318
708	352
708	405
708	531
708	583
708	683
708	933
708	1000
709	1
709	173
709	198
709	260
709	301
709	311
709	430
709	563
709	634
709	980
710	2
710	377
710	700
710	828
710	836
710	865
710	868
710	913
710	961
710	993
711	6
711	110
711	132
711	300
711	623
711	677
711	696
711	734
711	914
711	994
712	429
712	673
712	706
712	729
712	832
712	868
712	900
712	919
712	937
712	939
713	176
713	206
713	882
713	885
713	922
713	942
713	946
713	968
713	974
713	980
714	513
714	568
714	820
714	905
714	923
714	941
714	972
714	984
714	988
714	991
715	245
715	554
715	831
715	859
715	926
715	941
715	945
715	947
715	959
715	987
716	19
716	75
716	270
716	589
716	629
716	670
716	676
716	743
716	802
716	913
716	993
717	133
717	238
717	542
717	547
717	730
717	862
717	891
717	912
717	949
717	952
717	970
718	22
718	62
718	296
718	345
718	571
718	614
718	621
718	683
718	726
718	835
718	939
719	513
719	549
719	791
719	793
719	840
719	883
719	898
719	908
719	930
719	980
719	994
720	132
720	432
720	526
720	815
720	881
720	910
720	911
720	938
720	953
720	965
720	986
721	111
721	139
721	436
721	594
721	754
721	882
721	912
721	918
721	952
721	954
721	990
722	225
722	307
722	618
722	689
722	788
722	804
722	819
722	875
722	889
722	924
722	936
723	23
723	99
723	339
723	340
723	348
723	570
723	619
723	647
723	745
723	838
723	924
724	359
724	389
724	428
724	472
724	509
724	515
724	586
724	591
724	592
724	674
724	931
725	311
725	887
725	897
725	916
725	920
725	930
725	943
725	964
725	967
725	983
725	990
726	133
726	441
726	483
726	562
726	571
726	582
726	614
726	637
726	683
726	718
726	835
727	564
727	783
727	867
727	876
727	884
727	888
727	909
727	916
727	971
727	993
727	997
728	353
728	507
728	669
728	811
728	827
728	840
728	851
728	863
728	890
728	934
728	957
729	499
729	587
729	706
729	712
729	756
729	866
729	919
729	937
729	939
729	955
729	996
730	547
730	626
730	658
730	717
730	782
730	862
730	891
730	912
730	918
730	938
730	949
731	398
731	553
731	578
731	623
731	812
731	880
731	925
731	927
731	933
731	975
731	983
732	743
732	829
732	844
732	947
732	960
732	976
732	977
732	978
732	981
732	995
732	999
733	7
733	94
733	152
733	368
733	575
733	638
733	681
733	764
733	799
733	890
733	1000
734	3
734	6
734	27
734	110
734	120
734	300
734	608
734	627
734	677
734	696
734	711
735	119
735	203
735	464
735	525
735	540
735	691
735	767
735	774
735	834
735	943
735	973
736	659
736	795
736	894
736	915
736	931
736	970
736	981
736	985
736	989
736	992
736	998
737	445
737	656
737	780
737	782
737	828
737	862
737	891
737	949
737	952
737	954
737	978
738	373
738	756
738	857
738	892
738	903
738	929
738	944
738	959
738	960
738	987
738	1000
739	182
739	280
739	358
739	523
739	539
739	794
739	811
739	840
739	903
739	934
739	984
740	656
740	812
740	818
740	874
740	902
740	927
740	933
740	975
740	983
740	993
740	1000
741	125
741	273
741	401
741	661
741	828
741	860
741	868
741	913
741	961
741	984
741	995
742	108
742	388
742	838
742	857
742	873
742	913
742	926
742	932
742	959
742	987
742	1000
743	19
743	199
743	270
743	290
743	412
743	589
743	629
743	670
743	676
743	716
743	732
743	856
744	127
744	135
744	214
744	308
744	317
744	327
744	408
744	444
744	545
744	579
744	615
744	651
745	23
745	99
745	166
745	340
745	348
745	570
745	604
745	619
745	644
745	647
745	723
745	936
746	343
746	440
746	478
746	495
746	559
746	632
746	679
746	701
746	803
746	830
746	836
746	842
747	610
747	656
747	675
747	785
747	812
747	882
747	904
747	927
747	933
747	975
747	982
747	983
748	12
748	54
748	119
748	203
748	385
748	386
748	526
748	620
748	665
748	816
748	823
748	850
749	40
749	241
749	354
749	366
749	584
749	604
749	624
749	773
749	802
749	870
749	928
749	947
750	385
750	478
750	513
750	883
750	908
750	925
750	942
750	968
750	974
750	976
750	980
750	994
751	404
751	446
751	479
751	552
751	594
751	678
751	792
751	800
751	814
751	847
751	945
751	972
752	362
752	505
752	524
752	771
752	776
752	800
752	801
752	820
752	837
752	847
752	900
752	904
753	179
753	504
753	578
753	755
753	817
753	843
753	844
753	960
753	973
753	988
753	995
753	996
754	332
754	365
754	721
754	778
754	780
754	782
754	788
754	818
754	862
754	918
754	952
754	954
755	332
755	426
755	753
755	757
755	843
755	934
755	947
755	966
755	977
755	978
755	995
755	996
756	258
756	373
756	498
756	729
756	738
756	830
756	866
756	892
756	945
756	950
756	959
756	987
757	580
757	755
757	760
757	763
757	817
757	839
757	846
757	879
757	882
757	980
758	158
758	181
758	188
758	227
758	325
758	341
758	472
758	496
758	703
758	861
758	931
758	1000
759	502
759	572
759	836
759	865
759	892
759	926
759	945
759	950
759	959
759	985
759	987
759	1000
760	757
760	763
760	817
760	822
760	839
760	846
760	879
760	923
760	986
761	128
761	616
761	677
761	688
761	834
761	876
761	888
761	909
761	926
761	971
761	993
761	997
762	520
762	906
762	931
762	944
762	952
762	960
762	963
762	981
762	982
762	989
762	992
762	998
763	402
763	505
763	639
763	757
763	760
763	817
763	839
763	846
763	879
763	952
764	152
764	208
764	213
764	297
764	441
764	539
764	641
764	685
764	733
764	873
764	958
764	997
765	49
765	51
765	80
765	520
765	630
765	700
765	767
765	855
765	873
765	896
765	914
765	920
765	986
766	49
766	227
766	520
766	555
766	603
766	627
766	630
766	639
766	767
766	849
766	896
766	914
766	924
767	269
767	490
767	527
767	555
767	735
767	765
767	766
767	849
767	855
767	889
767	896
767	914
767	959
768	33
768	261
768	517
768	615
768	859
768	875
768	947
768	948
768	966
768	976
768	977
768	995
768	999
769	73
769	128
769	395
769	808
769	827
769	848
769	852
769	872
769	893
769	901
769	949
769	957
769	969
770	634
770	666
770	690
770	786
770	805
770	819
770	864
770	876
770	880
770	893
770	928
770	973
770	990
771	72
771	116
771	184
771	226
771	400
771	752
771	776
771	801
771	837
771	848
771	900
771	904
771	988
772	109
772	229
772	319
772	649
772	799
772	857
772	892
772	920
772	932
772	941
772	959
772	987
772	1000
773	180
773	442
773	654
773	657
773	749
773	856
773	871
773	872
773	915
773	928
773	936
773	953
773	956
774	72
774	191
774	203
774	383
774	464
774	525
774	540
774	691
774	735
774	834
774	878
774	983
774	994
775	209
775	229
775	660
775	811
775	840
775	851
775	863
775	903
775	918
775	934
775	940
775	983
775	996
776	213
776	275
776	290
776	422
776	686
776	752
776	771
776	789
776	800
776	801
776	837
776	900
776	904
777	334
777	434
777	461
777	815
777	869
777	910
777	914
777	917
777	933
777	953
777	959
777	965
777	986
778	338
778	483
778	754
778	858
778	899
778	902
778	935
778	938
778	954
778	955
778	974
778	979
778	988
779	652
779	785
779	802
779	887
779	897
779	920
779	930
779	943
779	951
779	964
779	965
779	967
779	990
780	320
780	487
780	615
780	641
780	737
780	754
780	825
780	860
780	862
780	901
780	918
780	952
780	954
781	308
781	312
781	390
781	404
781	489
781	546
781	792
781	793
781	805
781	831
781	847
781	862
781	993
782	105
782	320
782	476
782	615
782	730
782	737
782	754
782	825
782	835
782	912
782	952
782	961
782	979
783	25
783	640
783	727
783	876
783	888
783	909
783	916
783	948
783	971
783	983
783	993
783	994
783	997
784	70
784	75
784	266
784	366
784	443
784	470
784	506
784	530
784	548
784	564
784	663
784	666
784	983
785	747
785	779
785	792
785	812
785	818
785	830
785	880
785	882
785	907
785	927
785	933
785	975
785	983
786	303
786	666
786	667
786	770
786	796
786	805
786	864
786	867
786	880
786	893
786	922
786	928
786	990
787	611
787	806
787	808
787	827
787	832
787	852
787	872
787	886
787	901
787	917
787	957
787	969
787	982
788	4
788	199
788	225
788	469
788	585
788	618
788	722
788	754
788	804
788	811
788	853
788	889
788	924
789	514
789	776
789	894
789	898
789	913
789	944
789	963
789	970
789	981
789	982
789	985
789	989
789	998
790	410
790	571
790	864
790	931
790	944
790	957
790	970
790	981
790	982
790	985
790	989
790	992
790	998
791	57
791	296
791	435
791	686
791	719
791	850
791	883
791	895
791	908
791	944
791	968
791	974
791	980
791	994
792	276
792	479
792	489
792	546
792	568
792	678
792	751
792	781
792	785
792	829
792	831
792	847
792	866
792	914
793	165
793	349
793	600
793	601
793	644
793	719
793	781
793	822
793	883
793	942
793	968
793	980
793	991
793	994
794	20
794	209
794	669
794	739
794	811
794	840
794	851
794	861
794	863
794	885
794	892
794	903
794	906
794	916
795	106
795	583
795	736
795	829
795	833
795	844
795	960
795	962
795	973
795	976
795	977
795	978
795	996
795	999
796	167
796	480
796	607
796	786
796	833
796	854
796	869
796	880
796	913
796	945
796	958
796	963
796	965
796	986
797	107
797	504
797	604
797	838
797	926
797	929
797	932
797	941
797	943
797	945
797	950
797	982
797	987
797	1000
798	496
798	602
798	801
798	843
798	875
798	940
798	947
798	960
798	976
798	977
798	978
798	986
798	995
798	996
799	733
799	772
799	814
799	841
799	887
799	897
799	920
799	930
799	943
799	951
799	964
799	967
799	981
799	990
800	16
800	135
800	275
800	322
800	400
800	537
800	751
800	752
800	776
800	801
800	837
800	900
800	904
800	1000
801	275
801	283
801	400
801	537
801	752
801	771
801	776
801	798
801	800
801	837
801	900
801	904
801	968
801	997
802	63
802	241
802	360
802	365
802	374
802	413
802	421
802	604
802	624
802	716
802	749
802	779
802	870
802	994
803	477
803	489
803	581
803	654
803	657
803	746
803	807
803	856
803	871
803	915
803	936
803	937
803	956
803	967
804	233
804	469
804	535
804	545
804	618
804	653
804	665
804	722
804	788
804	853
804	859
804	889
804	924
804	931
805	341
805	522
805	569
805	690
805	770
805	781
805	786
805	819
805	864
805	880
805	893
805	928
805	966
805	983
806	79
806	277
806	281
806	495
806	787
806	808
806	827
806	852
806	870
806	877
806	901
806	957
806	965
806	969
807	475
807	477
807	598
807	654
807	803
807	831
807	856
807	871
807	915
807	920
807	936
807	956
807	959
807	965
808	437
808	634
808	667
808	769
808	787
808	806
808	852
808	872
808	877
808	901
808	955
808	957
808	969
808	975
809	124
809	259
809	636
809	648
809	661
809	678
809	688
809	700
809	707
809	860
809	868
809	913
809	957
809	961
809	996
810	163
810	697
810	813
810	826
810	858
810	895
810	899
810	902
810	909
810	935
810	938
810	955
810	962
810	974
810	979
811	182
811	265
811	611
811	651
811	660
811	669
811	699
811	728
811	739
811	775
811	788
811	794
811	851
811	934
811	970
812	499
812	656
812	731
812	740
812	747
812	785
812	830
812	907
812	927
812	940
812	945
812	975
812	981
812	983
812	984
813	23
813	381
813	471
813	697
813	810
813	858
813	899
813	902
813	935
813	938
813	955
813	974
813	979
813	983
813	991
814	297
814	751
814	799
814	816
814	841
814	887
814	897
814	920
814	930
814	943
814	951
814	955
814	964
814	967
814	990
815	57
815	102
815	214
815	607
815	629
815	684
815	720
815	777
815	881
815	910
815	917
815	953
815	958
815	965
815	979
816	39
816	123
816	543
816	547
816	585
816	603
816	620
816	658
816	665
816	748
816	814
816	823
816	850
816	900
816	944
817	55
817	76
817	441
817	459
817	601
817	753
817	757
817	760
817	763
817	839
817	846
817	877
817	879
817	899
818	132
818	490
818	597
818	656
818	698
818	740
818	754
818	785
818	819
818	830
818	881
818	927
818	933
818	975
818	983
819	37
819	275
819	303
819	414
819	522
819	569
819	574
819	690
819	722
819	770
819	805
819	818
819	867
819	880
819	928
820	21
820	346
820	491
820	714
820	752
820	890
820	911
820	921
820	923
820	970
820	972
820	984
820	986
820	988
820	991
821	83
821	163
821	431
821	501
821	511
821	898
821	922
821	925
821	933
821	942
821	946
821	952
821	968
821	982
821	994
822	322
822	538
822	688
822	760
822	793
822	864
822	876
822	888
822	916
822	948
822	958
822	971
822	984
822	993
822	997
823	54
823	142
823	295
823	386
823	603
823	658
823	665
823	689
823	748
823	816
823	850
823	863
823	868
823	990
823	996
824	484
824	507
824	606
824	690
824	859
824	878
824	962
824	966
824	973
824	977
824	978
824	993
824	995
824	996
824	999
825	24
825	336
825	457
825	463
825	486
825	780
825	782
825	875
825	891
825	912
825	918
825	949
825	952
825	954
825	966
826	188
826	350
826	416
826	427
826	608
826	810
826	830
826	899
826	902
826	935
826	938
826	955
826	974
826	979
826	992
827	4
827	255
827	300
827	667
827	728
827	769
827	787
827	806
827	832
827	852
827	877
827	901
827	949
827	957
827	969
828	50
828	186
828	588
828	629
828	700
828	710
828	737
828	741
828	860
828	864
828	868
828	913
828	930
828	961
828	989
829	69
829	625
829	669
829	693
829	732
829	792
829	795
829	906
829	947
829	966
829	967
829	973
829	995
829	996
829	999
830	439
830	466
830	597
830	698
830	746
830	756
830	785
830	812
830	818
830	826
830	874
830	882
830	907
830	927
830	983
831	312
831	326
831	404
831	446
831	489
831	512
831	552
831	568
831	594
831	715
831	781
831	792
831	807
831	847
831	904
832	284
832	536
832	649
832	667
832	712
832	787
832	827
832	848
832	872
832	877
832	901
832	925
832	957
832	958
832	969
833	344
833	562
833	599
833	699
833	795
833	796
833	861
833	910
833	917
833	953
833	956
833	958
833	965
833	980
833	986
834	72
834	203
834	230
834	383
834	464
834	517
834	525
834	540
834	576
834	691
834	735
834	761
834	774
834	873
834	991
835	81
835	172
835	296
835	345
835	407
835	475
835	483
835	562
835	608
835	614
835	683
835	718
835	726
835	782
835	862
835	957
836	306
836	491
836	548
836	645
836	693
836	710
836	746
836	759
836	890
836	905
836	921
836	923
836	972
836	984
836	988
836	991
837	116
837	179
837	422
837	537
837	681
837	683
837	696
837	752
837	771
837	776
837	800
837	801
837	846
837	900
837	904
837	913
838	97
838	108
838	362
838	437
838	723
838	742
838	797
838	913
838	926
838	932
838	941
838	945
838	950
838	959
838	987
838	1000
839	76
839	124
839	174
839	333
839	441
839	459
839	757
839	760
839	763
839	817
839	845
839	846
839	864
839	879
839	991
839	992
840	15
840	353
840	535
840	668
840	684
840	719
840	728
840	739
840	775
840	794
840	851
840	863
840	903
840	929
840	934
840	939
841	121
841	396
841	425
841	799
841	814
841	887
841	897
841	920
841	930
841	943
841	951
841	961
841	963
841	964
841	967
841	990
842	74
842	292
842	334
842	343
842	440
842	478
842	530
842	559
842	632
842	679
842	701
842	703
842	746
842	904
842	932
842	976
843	92
843	241
843	462
843	592
843	753
843	755
843	798
843	906
843	940
843	960
843	962
843	973
843	976
843	978
843	995
843	999
844	134
844	320
844	434
844	655
844	702
844	732
844	753
844	795
844	859
844	878
844	948
844	962
844	973
844	976
844	995
844	996
845	6
845	166
845	612
845	653
845	839
845	884
845	912
845	944
845	963
845	970
845	981
845	982
845	985
845	989
845	992
845	998
846	55
846	124
846	174
846	289
846	333
846	345
846	441
846	459
846	601
846	757
846	760
846	763
846	817
846	837
846	839
846	879
847	44
847	308
847	390
847	479
847	546
847	568
847	594
847	751
847	752
847	781
847	792
847	831
847	956
847	978
847	984
847	991
848	28
848	40
848	281
848	504
848	582
848	667
848	769
848	771
848	832
848	852
848	872
848	877
848	901
848	951
848	957
848	969
848	982
849	1
849	51
849	115
849	161
849	294
849	355
849	527
849	617
849	630
849	639
849	665
849	766
849	767
849	855
849	857
849	896
849	955
850	123
850	358
850	386
850	484
850	543
850	547
850	603
850	620
850	658
850	675
850	689
850	748
850	791
850	816
850	823
850	856
850	896
851	44
851	280
851	363
851	523
851	558
851	611
851	656
851	728
851	775
851	794
851	811
851	840
851	863
851	903
851	922
851	934
851	995
852	442
852	460
852	510
852	609
852	624
852	769
852	787
852	806
852	808
852	827
852	848
852	872
852	877
852	901
852	938
852	957
852	969
853	52
853	91
853	143
853	196
853	199
853	307
853	469
853	535
853	618
853	788
853	804
853	889
853	910
853	924
853	931
853	978
853	981
854	102
854	189
854	314
854	434
854	607
854	643
854	796
854	861
854	881
854	895
854	910
854	911
854	917
854	958
854	986
854	995
854	998
855	49
855	71
855	195
855	269
855	296
855	309
855	355
855	433
855	527
855	630
855	639
855	765
855	767
855	849
855	893
855	896
855	914
856	247
856	428
856	475
856	581
856	640
856	657
856	743
856	773
856	803
856	807
856	850
856	871
856	897
856	915
856	936
856	956
856	971
857	169
857	393
857	423
857	473
857	738
857	742
857	772
857	849
857	929
857	932
857	941
857	945
857	950
857	958
857	959
857	965
857	1000
858	68
858	455
858	531
858	637
858	655
858	659
858	778
858	810
858	813
858	899
858	902
858	935
858	938
858	955
858	974
858	976
858	979
859	302
859	715
859	768
859	804
859	824
859	844
859	906
859	915
859	945
859	947
859	966
859	973
859	976
859	977
859	978
859	996
859	999
860	30
860	186
860	401
860	426
860	648
860	700
860	707
860	741
860	780
860	809
860	828
860	865
860	868
860	871
860	913
860	961
860	963
861	186
861	208
861	684
861	758
861	794
861	833
861	854
861	881
861	891
861	910
861	911
861	917
861	953
861	958
861	965
861	986
861	996
862	60
862	436
862	494
862	566
862	626
862	717
862	730
862	737
862	754
862	780
862	781
862	835
862	891
862	902
862	903
862	918
862	952
862	954
863	25
863	265
863	507
863	523
863	658
863	660
863	668
863	669
863	728
863	775
863	794
863	823
863	840
863	851
863	885
863	931
863	934
863	989
864	69
864	360
864	565
864	574
864	666
864	690
864	770
864	786
864	790
864	805
864	822
864	828
864	839
864	880
864	893
864	918
864	928
864	948
865	31
865	96
865	293
865	357
865	514
865	636
865	648
865	661
865	707
865	710
865	759
865	860
865	868
865	913
865	954
865	961
865	963
865	982
866	137
866	458
866	474
866	576
866	645
866	649
866	705
866	729
866	756
866	792
866	884
866	892
866	926
866	929
866	932
866	945
866	950
866	1000
867	35
867	69
867	212
867	243
867	303
867	565
867	574
867	592
867	666
867	727
867	786
867	819
867	880
867	893
867	896
867	928
867	959
867	963
868	31
868	116
868	537
868	588
868	636
868	648
868	690
868	707
868	710
868	712
868	741
868	809
868	823
868	828
868	860
868	865
868	913
868	961
869	48
869	249
869	330
869	401
869	408
869	492
869	563
869	631
869	684
869	777
869	796
869	911
869	917
869	928
869	953
869	958
869	965
869	986
870	63
870	65
870	182
870	196
870	354
870	365
870	366
870	374
870	376
870	421
870	584
870	604
870	624
870	749
870	802
870	806
870	986
870	999
871	86
871	120
871	146
871	288
871	477
871	581
871	598
871	654
871	773
871	803
871	807
871	856
871	860
871	915
871	936
871	956
871	960
871	972
872	149
872	457
872	667
872	686
872	769
872	773
872	787
872	808
872	832
872	848
872	852
872	877
872	901
872	926
872	957
872	967
872	969
872	986
873	7
873	126
873	152
873	208
873	297
873	368
873	411
873	452
873	539
873	575
873	618
873	638
873	681
873	742
873	764
873	765
873	834
873	979
874	24
874	399
874	400
874	419
874	466
874	481
874	521
874	526
874	656
874	740
874	830
874	882
874	907
874	910
874	927
874	933
874	975
874	983
875	722
875	768
875	798
875	825
875	882
875	926
875	940
875	960
875	962
875	966
875	969
875	973
875	976
875	977
875	978
875	996
875	997
875	999
876	85
876	244
876	508
876	633
876	688
876	727
876	761
876	770
876	783
876	822
876	888
876	909
876	918
876	948
876	953
876	971
876	993
876	997
877	13
877	258
877	457
877	582
877	609
877	806
877	808
877	817
877	827
877	832
877	848
877	852
877	872
877	916
877	933
877	957
877	964
877	969
877	985
878	453
878	515
878	652
878	693
878	774
878	824
878	844
878	940
878	944
878	962
878	966
878	973
878	977
878	978
878	986
878	993
878	995
878	996
878	999
879	55
879	76
879	124
879	174
879	193
879	333
879	441
879	459
879	561
879	757
879	760
879	763
879	817
879	839
879	846
879	904
879	930
879	936
879	996
880	243
880	360
880	565
880	666
880	690
880	731
880	770
880	785
880	786
880	796
880	805
880	819
880	864
880	867
880	888
880	893
880	922
880	928
880	937
881	314
881	326
881	344
881	432
881	660
881	720
881	815
881	818
881	854
881	861
881	907
881	910
881	911
881	953
881	958
881	959
881	965
881	986
881	992
882	222
882	321
882	323
882	419
882	599
882	623
882	713
882	721
882	747
882	757
882	785
882	830
882	874
882	875
882	907
882	927
882	933
882	975
882	983
883	163
883	447
883	635
883	719
883	750
883	791
883	793
883	885
883	886
883	908
883	937
883	938
883	942
883	946
883	961
883	968
883	980
883	991
883	994
884	31
884	516
884	727
884	845
884	866
884	894
884	924
884	931
884	941
884	944
884	963
884	966
884	970
884	981
884	982
884	985
884	989
884	992
884	998
885	49
885	335
885	635
885	644
885	660
885	695
885	713
885	794
885	863
885	883
885	886
885	895
885	906
885	908
885	922
885	925
885	942
885	975
885	980
885	994
886	52
886	255
886	361
886	482
886	511
886	513
886	536
886	787
886	883
886	885
886	895
886	898
886	908
886	921
886	922
886	925
886	946
886	963
886	980
886	994
887	34
887	278
887	609
887	650
887	676
887	697
887	725
887	779
887	799
887	814
887	841
887	897
887	920
887	930
887	943
887	951
887	964
887	967
887	987
887	990
888	325
888	384
888	484
888	646
888	673
888	680
888	682
888	727
888	761
888	783
888	822
888	876
888	880
888	909
888	916
888	948
888	971
888	985
888	993
888	997
889	4
889	10
889	52
889	91
889	113
889	175
889	233
889	307
889	469
889	535
889	545
889	722
889	767
889	788
889	804
889	853
889	911
889	924
889	981
889	994
890	130
890	205
890	215
890	407
890	601
890	675
890	687
890	728
890	733
890	820
890	836
890	905
890	921
890	923
890	925
890	975
890	984
890	988
890	991
890	995
891	14
891	60
891	375
891	462
891	488
891	615
891	717
891	730
891	737
891	825
891	861
891	862
891	928
891	934
891	947
891	949
891	952
891	954
891	966
891	982
892	109
892	200
892	228
892	459
892	561
892	642
892	672
892	738
892	756
892	759
892	772
892	794
892	866
892	929
892	932
892	941
892	977
892	987
892	997
892	1000
893	32
893	164
893	243
893	326
893	565
893	569
893	574
893	666
893	690
893	769
893	770
893	786
893	805
893	855
893	864
893	867
893	880
893	928
893	952
893	981
894	577
894	680
894	698
894	736
894	789
894	884
894	896
894	931
894	944
894	961
894	963
894	970
894	980
894	981
894	982
894	985
894	989
894	992
894	997
894	998
895	17
895	159
895	335
895	354
895	458
895	635
895	668
895	686
895	791
895	810
895	854
895	885
895	886
895	898
895	908
895	922
895	942
895	946
895	955
895	980
895	994
896	195
896	222
896	261
896	271
896	520
896	527
896	555
896	630
896	639
896	646
896	765
896	766
896	767
896	849
896	850
896	855
896	867
896	894
896	914
896	936
896	971
897	8
897	39
897	533
897	605
897	725
897	779
897	799
897	814
897	841
897	856
897	887
897	920
897	930
897	939
897	943
897	951
897	957
897	964
897	967
897	973
897	990
898	145
898	361
898	367
898	412
898	600
898	610
898	719
898	789
898	821
898	886
898	895
898	908
898	915
898	922
898	925
898	942
898	946
898	965
898	973
898	980
898	994
899	298
899	352
899	416
899	485
899	488
899	778
899	810
899	813
899	817
899	826
899	858
899	902
899	911
899	930
899	935
899	938
899	955
899	968
899	974
899	976
899	979
900	16
900	66
900	179
900	275
900	362
900	382
900	400
900	422
900	537
900	712
900	752
900	771
900	776
900	800
900	801
900	816
900	837
900	904
900	927
900	937
900	979
901	149
901	284
901	465
901	504
901	546
901	609
901	769
901	780
901	787
901	806
901	808
901	827
901	832
901	848
901	852
901	872
901	930
901	938
901	957
901	968
901	969
902	162
902	250
902	387
902	440
902	485
902	637
902	659
902	740
902	778
902	810
902	813
902	826
902	858
902	862
902	899
902	935
902	938
902	955
902	974
902	979
902	980
903	182
903	265
903	280
903	353
903	371
903	507
903	523
903	541
903	558
903	611
903	668
903	738
903	739
903	775
903	794
903	840
903	851
903	862
903	925
903	934
903	941
903	999
904	16
904	66
904	116
904	179
904	226
904	362
904	422
904	537
904	747
904	752
904	771
904	776
904	800
904	801
904	831
904	837
904	842
904	879
904	900
904	944
904	946
904	990
905	73
905	250
905	257
905	409
905	420
905	463
905	491
905	557
905	707
905	714
905	836
905	890
905	910
905	917
905	921
905	923
905	959
905	972
905	984
905	985
905	988
905	991
906	40
906	285
906	466
906	655
906	762
906	794
906	829
906	843
906	859
906	885
906	940
906	947
906	960
906	962
906	966
906	973
906	976
906	977
906	978
906	981
906	995
906	996
906	999
907	11
907	33
907	192
907	198
907	223
907	434
907	470
907	490
907	514
907	568
907	623
907	657
907	698
907	785
907	812
907	830
907	874
907	881
907	882
907	927
907	933
907	975
907	983
908	64
908	156
908	163
908	511
908	551
908	558
908	591
908	694
908	695
908	719
908	750
908	791
908	883
908	885
908	886
908	895
908	898
908	925
908	954
908	968
908	979
908	980
908	983
909	262
909	264
909	425
909	495
909	529
909	565
909	593
909	616
909	639
909	643
909	727
909	761
909	783
909	810
909	876
909	888
909	916
909	946
909	948
909	967
909	969
909	971
909	993
909	997
910	316
910	342
910	554
910	611
910	631
910	664
910	684
910	720
910	777
910	815
910	833
910	853
910	854
910	861
910	874
910	881
910	905
910	911
910	917
910	953
910	955
910	958
910	965
910	986
911	211
911	249
911	342
911	377
911	432
911	454
911	631
911	659
911	699
911	720
911	820
911	854
911	861
911	869
911	881
911	889
911	899
911	910
911	917
911	924
911	953
911	958
911	965
911	986
912	46
912	139
912	336
912	348
912	375
912	418
912	424
912	436
912	461
912	462
912	476
912	494
912	529
912	717
912	721
912	730
912	782
912	825
912	845
912	918
912	925
912	934
912	952
912	954
913	39
913	125
913	186
913	259
913	263
913	557
913	603
913	636
913	648
913	707
913	710
913	716
913	741
913	742
913	789
913	796
913	809
913	828
913	837
913	838
913	860
913	865
913	868
913	961
914	115
914	195
914	222
914	261
914	269
914	271
914	329
914	339
914	355
914	492
914	520
914	555
914	630
914	639
914	669
914	711
914	765
914	766
914	767
914	777
914	792
914	855
914	896
914	992
915	8
915	247
915	288
915	324
915	392
915	428
915	442
915	443
915	475
915	581
915	598
915	688
915	736
915	773
915	803
915	807
915	856
915	859
915	871
915	898
915	936
915	956
915	976
915	988
916	78
916	366
916	445
916	495
916	519
916	529
916	534
916	538
916	593
916	646
916	652
916	688
916	725
916	727
916	783
916	794
916	822
916	877
916	888
916	909
916	948
916	971
916	993
916	997
917	96
917	107
917	138
917	216
917	316
917	423
917	498
917	585
917	631
917	777
917	787
917	815
917	833
917	854
917	861
917	869
917	905
917	910
917	911
917	953
917	958
917	965
917	983
917	986
917	996
918	112
918	364
918	375
918	462
918	476
918	488
918	626
918	646
918	668
918	721
918	730
918	754
918	775
918	780
918	825
918	862
918	864
918	876
918	912
918	919
918	949
918	952
918	954
918	978
918	988
919	86
919	206
919	221
919	264
919	395
919	407
919	429
919	454
919	455
919	467
919	499
919	587
919	628
919	673
919	712
919	729
919	918
919	937
919	939
919	940
919	941
919	953
919	965
919	982
919	992
920	35
920	177
920	285
920	595
920	604
920	605
920	650
920	695
920	725
920	765
920	772
920	779
920	799
920	807
920	814
920	841
920	887
920	897
920	930
920	943
920	951
920	953
920	964
920	967
920	990
921	45
921	82
921	115
921	130
921	347
921	397
921	409
921	523
921	557
921	573
921	645
921	704
921	820
921	836
921	886
921	890
921	905
921	923
921	924
921	946
921	961
921	972
921	984
921	988
921	991
921	996
922	104
922	189
922	274
922	310
922	439
922	458
922	508
922	517
922	610
922	695
922	707
922	713
922	786
922	821
922	851
922	880
922	885
922	886
922	895
922	898
922	925
922	942
922	946
922	968
922	980
922	994
923	21
923	82
923	238
923	306
923	347
923	415
923	417
923	553
923	601
923	645
923	678
923	687
923	714
923	760
923	820
923	836
923	890
923	905
923	921
923	940
923	945
923	951
923	972
923	984
923	988
923	991
924	4
924	52
924	91
924	113
924	143
924	199
924	225
924	233
924	234
924	307
924	438
924	469
924	535
924	545
924	618
924	722
924	723
924	766
924	788
924	804
924	853
924	884
924	889
924	911
924	921
924	945
925	93
925	274
925	427
925	435
925	511
925	513
925	536
925	610
925	645
925	731
925	750
925	821
925	832
925	885
925	886
925	890
925	898
925	903
925	908
925	912
925	922
925	942
925	960
925	968
925	980
925	994
926	107
926	228
926	457
926	554
926	561
926	580
926	582
926	705
926	715
926	742
926	759
926	761
926	797
926	838
926	866
926	872
926	875
926	932
926	941
926	944
926	945
926	950
926	959
926	987
926	990
926	1000
927	198
927	295
927	356
927	409
927	419
927	439
927	451
927	698
927	705
927	731
927	740
927	747
927	785
927	812
927	818
927	830
927	874
927	882
927	900
927	907
927	933
927	969
927	975
927	983
927	997
927	1000
928	29
928	32
928	69
928	212
928	303
928	360
928	376
928	419
928	522
928	565
928	569
928	574
928	588
928	666
928	690
928	749
928	770
928	773
928	786
928	805
928	819
928	864
928	867
928	869
928	880
928	891
928	893
929	24
929	45
929	157
929	207
929	447
929	476
929	500
929	502
929	515
929	554
929	576
929	642
929	647
929	705
929	738
929	797
929	840
929	857
929	866
929	892
929	945
929	950
929	954
929	971
929	974
929	987
929	1000
930	26
930	89
930	114
930	376
930	418
930	450
930	586
930	605
930	612
930	719
930	725
930	779
930	799
930	814
930	828
930	841
930	879
930	887
930	897
930	899
930	901
930	920
930	943
930	951
930	964
930	967
930	990
931	360
931	448
931	468
931	672
931	702
931	724
931	736
931	758
931	762
931	790
931	804
931	853
931	863
931	884
931	894
931	940
931	944
931	963
931	970
931	978
931	981
931	982
931	984
931	985
931	989
931	992
931	998
932	117
932	137
932	157
932	169
932	389
932	474
932	528
932	554
932	628
932	742
932	772
932	797
932	838
932	842
932	857
932	866
932	892
932	926
932	941
932	945
932	959
932	960
932	978
932	983
932	987
932	994
932	1000
933	18
933	323
933	399
933	473
933	481
933	514
933	599
933	623
933	698
933	708
933	731
933	740
933	747
933	777
933	785
933	818
933	821
933	874
933	877
933	882
933	907
933	927
933	939
933	965
933	974
933	975
933	983
934	14
934	15
934	102
934	190
934	209
934	229
934	265
934	280
934	507
934	523
934	541
934	558
934	611
934	668
934	669
934	728
934	739
934	755
934	775
934	811
934	840
934	851
934	863
934	891
934	903
934	912
934	973
935	12
935	54
935	111
935	130
935	266
935	387
935	402
935	486
935	553
935	597
935	637
935	659
935	691
935	697
935	778
935	810
935	813
935	826
935	858
935	899
935	902
935	938
935	955
935	974
935	979
935	984
935	999
936	8
936	80
936	120
936	144
936	147
936	288
936	324
936	392
936	428
936	442
936	490
936	581
936	598
936	654
936	657
936	722
936	745
936	773
936	803
936	807
936	856
936	871
936	879
936	896
936	915
936	951
936	956
937	37
937	171
937	217
937	264
937	328
937	395
937	407
937	454
937	455
937	467
937	468
937	499
937	587
937	628
937	673
937	706
937	712
937	729
937	803
937	880
937	883
937	900
937	919
937	939
937	947
937	957
937	1000
938	77
938	305
938	416
938	553
938	556
938	597
938	659
938	680
938	697
938	720
938	730
938	778
938	810
938	813
938	826
938	852
938	858
938	883
938	899
938	901
938	902
938	935
938	955
938	968
938	973
938	974
938	979
939	86
939	171
939	217
939	221
939	264
939	395
939	407
939	429
939	455
939	467
939	480
939	499
939	587
939	623
939	628
939	673
939	706
939	712
939	718
939	729
939	840
939	897
939	919
939	933
939	937
939	991
939	992
940	98
940	151
940	209
940	510
940	775
940	798
940	812
940	843
940	875
940	878
940	906
940	919
940	923
940	931
940	947
940	960
940	962
940	966
940	967
940	969
940	973
940	976
940	977
940	978
940	995
940	996
940	999
941	117
941	246
941	437
941	447
941	502
941	576
941	595
941	617
941	714
941	715
941	772
941	797
941	838
941	857
941	884
941	892
941	903
941	919
941	926
941	932
941	945
941	950
941	969
941	970
941	987
941	988
941	1000
942	93
942	155
942	204
942	206
942	335
942	367
942	435
942	536
942	551
942	556
942	602
942	606
942	638
942	695
942	713
942	750
942	793
942	821
942	883
942	885
942	895
942	898
942	922
942	925
942	949
942	968
942	980
942	986
943	35
943	63
943	89
943	256
943	285
943	287
943	467
943	533
943	595
943	692
943	725
943	735
943	779
943	797
943	799
943	814
943	841
943	887
943	897
943	920
943	930
943	947
943	951
943	964
943	967
943	970
943	990
943	992
944	273
944	396
944	466
944	468
944	516
944	577
944	738
944	762
944	789
944	790
944	791
944	816
944	845
944	878
944	884
944	894
944	904
944	926
944	931
944	963
944	964
944	970
944	971
944	981
944	982
944	985
944	989
944	992
944	998
945	169
945	370
945	473
945	474
945	590
945	617
945	649
945	705
945	715
945	751
945	756
945	759
945	796
945	797
945	812
945	838
945	857
945	859
945	866
945	923
945	924
945	926
945	929
945	932
945	941
945	959
945	987
945	989
945	1000
946	5
946	15
946	134
946	189
946	274
946	297
946	349
946	503
946	511
946	595
946	600
946	635
946	686
946	695
946	713
946	821
946	883
946	886
946	895
946	898
946	904
946	909
946	921
946	922
946	968
946	973
946	980
946	987
946	994
947	19
947	97
947	413
947	415
947	692
947	700
947	715
947	732
947	749
947	755
947	768
947	798
947	829
947	859
947	891
947	906
947	937
947	940
947	943
947	960
947	962
947	973
947	976
947	977
947	978
947	989
947	995
947	996
947	999
948	144
948	311
948	322
948	406
948	418
948	481
948	489
948	521
948	593
948	596
948	616
948	633
948	643
948	646
948	680
948	688
948	768
948	783
948	822
948	844
948	864
948	876
948	888
948	909
948	916
948	971
948	988
948	993
948	997
949	14
949	106
949	112
949	219
949	320
949	336
949	364
949	377
949	421
949	445
949	462
949	476
949	486
949	494
949	542
949	549
949	615
949	702
949	717
949	730
949	737
949	769
949	825
949	827
949	891
949	918
949	942
949	952
949	954
950	103
950	109
950	157
950	207
950	225
950	246
950	258
950	273
950	277
950	344
950	392
950	500
950	550
950	600
950	617
950	642
950	649
950	756
950	759
950	797
950	838
950	857
950	866
950	926
950	929
950	941
950	959
950	975
950	976
950	1000
951	9
951	60
951	168
951	256
951	414
951	418
951	450
951	471
951	477
951	564
951	595
951	612
951	650
951	663
951	779
951	799
951	814
951	841
951	848
951	887
951	897
951	920
951	923
951	930
951	936
951	943
951	964
951	967
951	982
951	990
952	46
952	112
952	139
952	294
952	332
952	364
952	447
952	486
952	542
952	546
952	615
952	673
952	717
952	721
952	737
952	754
952	762
952	763
952	780
952	782
952	821
952	825
952	862
952	891
952	893
952	912
952	918
952	949
952	954
952	965
952	995
953	11
953	113
953	211
953	219
953	282
953	316
953	326
953	432
953	461
953	550
953	607
953	699
953	702
953	720
953	773
953	777
953	815
953	833
953	861
953	869
953	876
953	881
953	910
953	911
953	917
953	919
953	920
953	965
953	977
953	986
953	996
954	14
954	46
954	133
954	294
954	332
954	436
954	476
954	486
954	542
954	552
954	553
954	615
954	626
954	695
954	721
954	737
954	754
954	778
954	780
954	825
954	862
954	865
954	891
954	908
954	912
954	918
954	929
954	949
954	952
954	972
954	981
955	41
955	269
955	298
955	305
955	338
955	453
955	471
955	556
955	597
955	637
955	659
955	666
955	697
955	729
955	778
955	808
955	810
955	813
955	814
955	826
955	849
955	858
955	895
955	899
955	902
955	910
955	935
955	938
955	962
955	974
955	979
956	8
956	75
956	120
956	180
956	247
956	283
956	288
956	315
956	324
956	392
956	428
956	442
956	475
956	477
956	581
956	594
956	598
956	619
956	654
956	657
956	773
956	803
956	807
956	833
956	847
956	856
956	871
956	915
956	936
956	968
956	987
957	10
957	149
957	180
957	184
957	255
957	284
957	342
957	406
957	492
957	504
957	582
957	667
957	728
957	769
957	787
957	790
957	806
957	808
957	809
957	827
957	832
957	835
957	848
957	852
957	872
957	877
957	897
957	901
957	937
957	969
957	995
958	45
958	98
958	102
958	138
958	211
958	216
958	282
958	342
958	480
958	577
958	607
958	610
958	622
958	631
958	699
958	764
958	796
958	815
958	822
958	832
958	833
958	854
958	857
958	861
958	869
958	881
958	910
958	911
958	917
958	960
958	965
958	986
959	30
959	106
959	108
959	258
959	530
959	561
959	576
959	617
959	649
959	705
959	715
959	738
959	742
959	756
959	759
959	767
959	772
959	777
959	807
959	838
959	857
959	867
959	881
959	905
959	926
959	932
959	945
959	950
959	969
959	985
959	987
959	996
959	1000
960	415
960	453
960	484
960	552
960	578
960	644
960	652
960	674
960	732
960	738
960	753
960	762
960	795
960	798
960	843
960	871
960	875
960	906
960	925
960	932
960	940
960	947
960	958
960	962
960	966
960	967
960	973
960	976
960	977
960	978
960	989
960	995
960	996
960	999
961	31
961	39
961	50
961	125
961	197
961	211
961	259
961	263
961	293
961	327
961	377
961	401
961	580
961	588
961	636
961	640
961	648
961	700
961	707
961	710
961	741
961	782
961	809
961	828
961	841
961	860
961	865
961	868
961	883
961	894
961	913
961	921
961	964
961	999
962	5
962	187
962	231
962	236
962	252
962	372
962	398
962	413
962	415
962	464
962	671
962	693
962	795
962	810
962	824
962	843
962	844
962	875
962	878
962	906
962	940
962	947
962	955
962	960
962	966
962	973
962	976
962	977
962	978
962	989
962	992
962	995
962	996
962	999
963	141
963	143
963	267
963	273
963	369
963	436
963	482
963	500
963	516
963	550
963	602
963	653
963	664
963	672
963	702
963	762
963	789
963	796
963	841
963	845
963	860
963	865
963	867
963	884
963	886
963	894
963	931
963	944
963	964
963	970
963	981
963	982
963	985
963	989
963	998
964	9
964	125
964	237
964	251
964	285
964	287
964	330
964	414
964	418
964	433
964	450
964	497
964	533
964	605
964	608
964	612
964	650
964	725
964	779
964	799
964	814
964	841
964	877
964	887
964	897
964	920
964	930
964	943
964	944
964	951
964	961
964	963
964	967
964	972
964	977
964	990
965	138
965	219
965	326
965	330
965	344
965	432
965	434
965	492
965	498
965	631
965	684
965	699
965	704
965	720
965	777
965	779
965	796
965	806
965	807
965	815
965	833
965	857
965	861
965	869
965	881
965	898
965	910
965	911
965	917
965	919
965	933
965	952
965	953
965	958
965	978
965	986
966	82
966	118
966	151
966	451
966	493
966	510
966	517
966	578
966	590
966	605
966	641
966	692
966	693
966	755
966	768
966	805
966	824
966	825
966	829
966	859
966	875
966	878
966	884
966	891
966	906
966	940
966	960
966	962
966	972
966	973
966	977
966	978
966	989
966	995
966	996
966	999
966	1000
967	26
967	168
967	237
967	251
967	256
967	414
967	450
967	455
967	516
967	533
967	595
967	605
967	612
967	650
967	671
967	725
967	779
967	799
967	803
967	814
967	829
967	841
967	872
967	887
967	897
967	909
967	920
967	930
967	940
967	943
967	951
967	960
967	964
967	971
967	984
967	990
967	994
968	74
968	89
968	147
968	156
968	272
968	334
968	361
968	367
968	395
968	501
968	503
968	508
968	536
968	600
968	610
968	644
968	686
968	695
968	713
968	750
968	791
968	793
968	801
968	821
968	883
968	899
968	901
968	908
968	922
968	925
968	938
968	942
968	946
968	956
968	980
968	994
968	995
969	10
969	13
969	73
969	79
969	184
969	255
969	281
969	284
969	347
969	406
969	419
969	435
969	457
969	504
969	570
969	582
969	609
969	667
969	769
969	787
969	806
969	808
969	827
969	832
969	848
969	852
969	872
969	875
969	877
969	901
969	909
969	927
969	940
969	941
969	957
969	959
969	991
970	65
970	67
970	79
970	165
970	192
970	242
970	248
970	302
970	340
970	482
970	662
970	664
970	672
970	676
970	694
970	702
970	717
970	736
970	789
970	790
970	811
970	820
970	845
970	884
970	894
970	931
970	941
970	943
970	944
970	963
970	976
970	981
970	982
970	985
970	989
970	997
970	998
971	38
971	119
971	183
971	251
971	262
971	309
971	351
971	384
971	521
971	529
971	534
971	538
971	593
971	616
971	633
971	643
971	646
971	680
971	701
971	705
971	727
971	761
971	783
971	822
971	856
971	876
971	888
971	896
971	909
971	916
971	929
971	944
971	948
971	967
971	979
971	991
971	993
971	997
972	28
972	45
972	105
972	140
972	176
972	215
972	257
972	306
972	393
972	397
972	409
972	411
972	463
972	485
972	491
972	601
972	632
972	645
972	675
972	681
972	687
972	689
972	714
972	751
972	820
972	836
972	871
972	905
972	921
972	923
972	954
972	964
972	966
972	979
972	982
972	984
972	988
972	991
973	97
973	121
973	484
973	510
973	648
973	655
973	661
973	675
973	692
973	701
973	735
973	753
973	770
973	795
973	824
973	829
973	843
973	844
973	859
973	875
973	878
973	897
973	898
973	906
973	934
973	938
973	940
973	946
973	947
973	960
973	962
973	966
973	976
973	977
973	978
973	995
973	996
973	999
974	12
974	41
974	50
974	118
974	298
974	305
974	338
974	350
974	374
974	402
974	416
974	471
974	479
974	485
974	553
974	556
974	593
974	597
974	637
974	659
974	697
974	713
974	750
974	778
974	791
974	810
974	813
974	826
974	858
974	899
974	902
974	929
974	933
974	935
974	938
974	955
974	977
974	979
974	980
975	3
975	11
975	18
975	33
975	197
975	278
975	323
975	356
975	398
975	399
975	439
975	466
975	481
975	490
975	514
975	584
975	599
975	656
975	694
975	698
975	703
975	731
975	740
975	747
975	785
975	808
975	812
975	818
975	874
975	882
975	885
975	890
975	907
975	927
975	933
975	950
975	983
975	991
975	998
976	47
976	88
976	178
976	187
976	250
976	431
976	451
976	487
976	641
976	652
976	655
976	665
976	692
976	732
976	750
976	768
976	795
976	798
976	842
976	843
976	844
976	858
976	859
976	875
976	899
976	906
976	915
976	940
976	947
976	950
976	960
976	962
976	970
976	973
976	977
976	978
976	995
976	996
976	999
977	78
977	181
977	246
977	431
977	439
977	451
977	453
977	493
977	510
977	569
977	655
977	692
977	700
977	732
977	755
977	768
977	795
977	798
977	824
977	859
977	875
977	878
977	892
977	906
977	940
977	947
977	953
977	960
977	962
977	964
977	966
977	973
977	974
977	976
977	978
977	981
977	987
977	995
977	996
977	999
978	23
978	70
978	110
978	134
978	210
978	230
978	231
978	475
978	510
978	517
978	641
978	692
978	732
978	737
978	755
978	795
978	798
978	824
978	843
978	847
978	853
978	859
978	875
978	878
978	906
978	918
978	931
978	932
978	940
978	947
978	960
978	962
978	965
978	966
978	973
978	976
978	977
978	995
978	996
978	999
979	12
979	41
979	77
979	109
979	156
979	298
979	305
979	350
979	387
979	402
979	416
979	471
979	485
979	512
979	553
979	556
979	597
979	637
979	659
979	697
979	778
979	782
979	810
979	813
979	815
979	826
979	858
979	873
979	899
979	900
979	902
979	908
979	935
979	938
979	955
979	971
979	972
979	974
979	980
979	998
980	5
980	44
980	57
980	206
980	349
980	373
980	431
980	435
980	458
980	503
980	551
980	561
980	600
980	610
980	635
980	644
980	709
980	713
980	719
980	750
980	757
980	791
980	793
980	833
980	883
980	885
980	886
980	894
980	895
980	898
980	902
980	908
980	922
980	925
980	942
980	946
980	968
980	974
980	979
980	990
980	994
981	95
981	122
981	165
981	204
981	242
981	267
981	291
981	302
981	401
981	448
981	449
981	468
981	602
981	653
981	657
981	664
981	672
981	732
981	736
981	762
981	789
981	790
981	799
981	812
981	845
981	853
981	884
981	889
981	893
981	894
981	906
981	931
981	944
981	954
981	963
981	970
981	977
981	982
981	985
981	989
981	998
982	95
982	128
982	287
982	369
982	396
982	448
982	482
982	518
982	550
982	612
982	653
982	662
982	664
982	672
982	694
982	702
982	747
982	762
982	787
982	789
982	790
982	797
982	821
982	845
982	848
982	865
982	884
982	891
982	894
982	919
982	931
982	944
982	951
982	963
982	970
982	972
982	981
982	985
982	989
982	992
982	998
983	11
983	18
983	33
983	198
983	323
983	356
983	398
983	399
983	419
983	439
983	466
983	481
983	490
983	599
983	623
983	646
983	656
983	697
983	698
983	725
983	731
983	740
983	747
983	774
983	775
983	783
983	784
983	785
983	805
983	812
983	813
983	818
983	830
983	874
983	882
983	907
983	908
983	917
983	927
983	932
983	933
983	975
984	27
984	28
984	94
984	105
984	141
984	205
984	237
984	257
984	306
984	347
984	393
984	397
984	405
984	409
984	411
984	449
984	557
984	573
984	601
984	602
984	645
984	675
984	687
984	714
984	739
984	741
984	812
984	820
984	822
984	836
984	847
984	890
984	905
984	921
984	923
984	931
984	935
984	967
984	972
984	988
984	991
984	1000
985	67
985	71
985	108
985	122
985	165
985	242
985	248
985	291
985	299
985	302
985	308
985	333
985	429
985	516
985	525
985	555
985	577
985	598
985	602
985	662
985	694
985	736
985	759
985	789
985	790
985	845
985	877
985	884
985	888
985	894
985	905
985	931
985	944
985	959
985	963
985	970
985	981
985	982
985	989
985	992
985	997
985	998
986	167
986	216
986	219
986	249
986	271
986	282
986	314
986	316
986	330
986	342
986	434
986	448
986	461
986	480
986	492
986	518
986	607
986	662
986	684
986	699
986	720
986	760
986	765
986	777
986	796
986	798
986	820
986	833
986	854
986	861
986	869
986	870
986	872
986	878
986	881
986	910
986	911
986	917
986	942
986	953
986	958
986	965
986	995
987	30
987	34
987	103
987	117
987	154
987	207
987	228
987	245
987	258
987	276
987	362
987	367
987	500
987	543
987	561
987	576
987	598
987	617
987	642
987	664
987	705
987	715
987	738
987	742
987	756
987	759
987	772
987	797
987	838
987	887
987	892
987	926
987	929
987	932
987	941
987	945
987	946
987	956
987	959
987	977
987	989
987	998
987	1000
988	21
988	27
988	28
988	94
988	105
988	140
988	141
988	176
988	205
988	238
988	309
988	313
988	347
988	411
988	420
988	463
988	481
988	491
988	543
988	557
988	573
988	645
988	675
988	687
988	714
988	753
988	771
988	778
988	820
988	836
988	890
988	905
988	915
988	918
988	921
988	923
988	941
988	948
988	972
988	984
988	990
988	991
988	998
989	65
989	67
989	95
989	122
989	244
989	280
989	299
989	324
989	369
989	383
989	396
989	518
989	550
989	577
989	602
989	653
989	662
989	694
989	702
989	736
989	762
989	789
989	790
989	828
989	845
989	863
989	884
989	894
989	931
989	944
989	945
989	947
989	960
989	962
989	963
989	966
989	970
989	981
989	982
989	985
989	987
989	992
989	998
989	999
990	9
990	26
990	35
990	89
990	168
990	237
990	251
990	256
990	285
990	287
990	414
990	418
990	450
990	514
990	532
990	533
990	595
990	605
990	612
990	616
990	650
990	655
990	721
990	725
990	770
990	779
990	786
990	799
990	814
990	823
990	841
990	887
990	897
990	904
990	920
990	926
990	930
990	943
990	951
990	964
990	967
990	980
990	988
990	998
991	27
991	56
991	82
991	94
991	130
991	140
991	141
991	176
991	215
991	221
991	238
991	257
991	288
991	393
991	397
991	409
991	411
991	420
991	463
991	557
991	573
991	601
991	675
991	687
991	714
991	793
991	813
991	820
991	834
991	836
991	839
991	847
991	883
991	890
991	905
991	921
991	923
991	939
991	969
991	971
991	972
991	975
991	984
991	988
992	18
992	71
992	83
992	204
992	248
992	257
992	263
992	267
992	291
992	299
992	396
992	408
992	448
992	482
992	550
992	577
992	602
992	651
992	653
992	662
992	664
992	672
992	694
992	701
992	702
992	736
992	762
992	790
992	826
992	839
992	845
992	881
992	884
992	894
992	914
992	919
992	931
992	939
992	943
992	944
992	962
992	982
992	985
992	989
992	998
993	38
993	66
993	67
993	78
993	144
993	244
993	262
993	268
993	309
993	311
993	322
993	351
993	384
993	412
993	425
993	495
993	521
993	529
993	534
993	538
993	575
993	593
993	616
993	633
993	636
993	646
993	658
993	680
993	710
993	716
993	727
993	740
993	761
993	781
993	783
993	822
993	824
993	876
993	878
993	888
993	909
993	916
993	948
993	971
993	997
994	57
994	138
994	156
994	170
994	189
994	272
994	274
994	306
994	349
994	367
994	458
994	501
994	503
994	508
994	513
994	536
994	551
994	567
994	595
994	600
994	635
994	638
994	644
994	649
994	686
994	695
994	711
994	719
994	750
994	774
994	783
994	791
994	793
994	802
994	821
994	883
994	885
994	886
994	889
994	895
994	898
994	922
994	925
994	932
994	946
994	967
994	968
994	980
995	47
995	121
995	137
995	187
995	201
995	210
995	243
995	274
995	363
995	431
995	451
995	453
995	509
995	578
995	641
995	652
995	669
995	693
995	732
995	741
995	753
995	755
995	768
995	798
995	824
995	829
995	843
995	844
995	851
995	854
995	878
995	890
995	906
995	940
995	947
995	952
995	957
995	960
995	962
995	966
995	968
995	973
995	976
995	977
995	978
995	986
995	996
995	999
996	47
996	97
996	98
996	151
996	153
996	216
996	252
996	372
996	415
996	493
996	508
996	517
996	578
996	652
996	692
996	693
996	729
996	753
996	755
996	775
996	795
996	798
996	809
996	823
996	824
996	829
996	844
996	859
996	861
996	875
996	878
996	879
996	906
996	917
996	921
996	940
996	947
996	953
996	959
996	960
996	962
996	966
996	973
996	976
996	977
996	978
996	995
996	999
997	38
997	43
997	78
997	104
997	119
997	144
997	244
997	262
997	309
997	311
997	351
997	384
997	425
997	440
997	495
997	521
997	529
997	534
997	538
997	563
997	573
997	593
997	616
997	620
997	633
997	643
997	646
997	680
997	688
997	727
997	761
997	764
997	783
997	801
997	822
997	875
997	876
997	888
997	892
997	894
997	909
997	916
997	927
997	948
997	970
997	971
997	985
997	993
997	998
998	65
998	71
998	83
998	128
998	204
998	218
998	267
998	273
998	291
998	369
998	456
998	468
998	482
998	506
998	516
998	518
998	523
998	550
998	577
998	596
998	626
998	664
998	679
998	687
998	694
998	702
998	736
998	762
998	789
998	790
998	845
998	854
998	884
998	894
998	931
998	944
998	963
998	970
998	975
998	979
998	981
998	982
998	985
998	987
998	988
998	989
998	990
998	992
998	997
999	98
999	121
999	134
999	188
999	212
999	231
999	252
999	256
999	405
999	431
999	435
999	484
999	493
999	518
999	534
999	578
999	641
999	652
999	654
999	655
999	657
999	677
999	693
999	732
999	768
999	795
999	824
999	829
999	843
999	859
999	870
999	875
999	878
999	903
999	906
999	935
999	940
999	947
999	960
999	961
999	962
999	966
999	973
999	976
999	977
999	978
999	989
999	995
999	996
1000	30
1000	34
1000	59
1000	103
1000	106
1000	107
1000	228
1000	245
1000	246
1000	248
1000	282
1000	437
1000	447
1000	473
1000	474
1000	500
1000	502
1000	551
1000	554
1000	556
1000	561
1000	642
1000	649
1000	708
1000	733
1000	738
1000	740
1000	742
1000	758
1000	759
1000	772
1000	797
1000	800
1000	838
1000	857
1000	866
1000	892
1000	926
1000	927
1000	929
1000	932
1000	937
1000	941
1000	945
1000	950
1000	959
1000	966
1000	984
1000	987
