1	157
1	278
1	315
1	853
2	630
2	939
2	950
2	975
3	32
3	643
3	651
3	940
4	428
4	610
4	993
4	997
5	583
5	974
5	991
5	993
6	584
6	900
6	901
6	952
7	234
7	673
7	832
7	887
8	177
8	974
8	991
8	997
9	378
9	618
9	926
9	936
10	806
10	874
10	975
10	988
11	248
11	502
11	857
11	983
12	290
12	497
12	611
12	725
13	108
13	892
13	912
13	950
14	862
14	863
14	943
14	986
15	438
15	720
15	803
15	839
16	499
16	974
16	993
16	997
17	342
17	792
17	978
17	980
18	71
18	504
18	979
18	980
19	559
19	617
19	774
19	829
20	143
20	697
20	975
20	993
21	38
21	970
21	995
21	998
22	827
22	870
22	894
22	986
23	108
23	924
23	969
23	992
24	249
24	758
24	819
24	955
25	221
25	682
25	881
25	940
26	697
26	725
26	910
26	982
27	131
27	390
27	856
27	965
28	632
28	679
28	968
28	985
29	655
29	699
29	853
29	884
30	712
30	824
30	946
30	962
31	125
31	805
31	872
31	978
32	3
32	59
32	576
32	852
33	685
33	729
33	923
33	967
34	401
34	875
34	913
34	990
35	525
35	548
35	565
35	822
36	220
36	582
36	635
36	832
37	272
37	733
37	753
37	814
38	21
38	896
38	900
38	901
39	618
39	784
39	963
39	978
40	325
40	439
40	497
40	581
41	140
41	744
41	898
41	979
42	156
42	359
42	606
42	955
43	513
43	703
43	723
43	841
44	162
44	324
44	370
44	381
45	312
45	678
45	755
45	840
46	563
46	594
46	872
46	980
47	578
47	590
47	703
47	914
48	280
48	412
48	525
48	992
49	130
49	879
49	907
49	914
50	178
50	426
50	593
50	984
51	524
51	693
51	699
51	884
52	461
52	542
52	796
52	986
53	755
53	796
53	807
53	845
54	392
54	945
54	981
54	1000
55	155
55	682
55	821
55	996
56	603
56	889
56	912
56	953
57	162
57	324
57	381
57	976
58	763
58	925
58	951
58	998
59	32
59	178
59	601
59	658
60	240
60	484
60	720
60	856
61	74
61	145
61	238
61	448
62	430
62	917
62	934
62	947
63	391
63	429
63	966
63	967
64	438
64	877
64	940
64	972
65	558
65	915
65	929
65	947
66	481
66	721
66	809
66	879
67	477
67	482
67	722
67	777
68	723
68	959
68	971
68	990
69	115
69	242
69	332
69	779
70	523
70	844
70	872
70	984
71	18
71	72
71	370
71	504
72	71
72	304
72	486
72	621
73	141
73	231
73	237
73	358
74	61
74	238
74	913
75	589
75	735
75	807
75	846
76	268
76	396
76	640
76	862
77	501
77	707
77	772
77	982
78	577
78	732
78	853
78	978
79	550
79	588
79	703
79	729
80	236
80	303
80	437
80	829
81	604
81	692
81	717
81	958
82	904
82	915
82	927
82	939
83	658
83	797
83	857
83	989
84	815
84	950
84	986
84	996
85	107
85	175
85	776
85	858
86	929
86	934
86	947
86	962
87	617
87	647
87	791
87	829
88	839
88	897
88	951
88	961
89	400
89	636
89	870
89	894
90	473
90	788
90	857
90	933
91	353
91	929
91	934
91	947
92	938
92	969
92	999
92	1000
93	118
93	428
93	991
93	993
94	513
94	634
94	795
94	879
95	579
95	676
95	769
95	910
96	705
96	830
96	979
96	985
97	810
97	911
97	952
97	985
98	156
98	430
98	453
98	866
99	446
99	608
99	938
99	999
100	331
100	351
100	684
100	791
101	680
101	812
101	945
101	999
102	383
102	662
102	881
102	972
103	256
103	390
103	875
103	895
104	226
104	322
104	797
104	857
105	799
105	826
105	882
105	909
106	240
106	598
106	801
106	985
107	85
107	123
107	301
107	892
108	13
108	23
108	693
108	912
109	654
109	977
109	986
109	996
110	555
110	658
110	797
110	857
111	816
111	903
111	978
111	980
112	436
112	907
112	931
112	983
113	881
113	896
113	900
113	901
114	678
114	871
114	969
114	984
115	69
115	325
115	645
115	711
116	258
116	671
116	730
116	765
117	127
117	968
117	989
117	992
118	93
118	244
118	248
118	289
119	971
119	973
119	987
119	990
120	439
120	535
120	922
120	982
121	484
121	596
121	720
121	992
122	181
122	727
122	768
122	894
123	107
123	147
123	175
123	548
124	281
124	716
124	841
124	955
125	31
125	805
125	841
125	970
126	923
126	963
126	966
126	978
127	117
127	483
127	966
127	967
128	640
128	697
128	725
128	848
129	757
129	832
129	887
129	933
130	49
130	896
130	900
130	901
131	27
131	256
131	390
131	570
132	430
132	453
132	606
132	922
133	482
133	527
133	765
133	917
134	298
134	821
134	917
134	953
135	812
135	843
135	874
135	911
136	876
136	929
136	947
136	975
137	405
137	878
137	972
137	984
138	174
138	849
138	914
138	922
139	635
139	791
139	904
139	926
140	41
140	855
140	925
140	985
141	73
141	723
141	880
141	898
142	752
142	852
142	863
142	881
143	20
143	802
143	939
143	962
144	785
144	791
144	931
144	951
145	61
145	238
145	284
145	699
146	559
146	651
146	926
146	972
147	123
147	330
147	651
147	767
148	192
148	287
148	905
148	978
149	647
149	774
149	829
149	918
150	935
150	938
150	967
150	1000
151	757
151	902
151	964
151	994
152	496
152	939
152	946
152	962
153	393
153	467
153	849
153	909
154	273
154	344
154	743
154	924
155	55
155	971
155	973
155	990
156	42
156	98
156	225
156	549
157	1
157	278
157	315
157	632
158	205
158	455
158	514
158	704
158	742
159	682
159	886
159	917
159	996
160	555
160	686
160	969
160	992
161	446
161	727
161	800
161	945
162	44
162	57
162	381
162	937
163	252
163	532
163	856
163	910
164	386
164	731
164	971
164	990
165	586
165	639
165	826
165	985
166	643
166	777
166	948
166	984
167	477
167	527
167	629
167	935
168	524
168	688
168	786
168	966
169	398
169	806
169	812
169	874
170	251
170	502
170	797
170	857
171	213
171	309
171	403
171	982
172	551
172	618
172	671
172	774
173	915
173	927
173	933
173	979
174	138
174	414
174	558
174	902
175	85
175	123
175	529
175	999
176	372
176	597
176	617
176	871
177	8
177	864
177	892
177	912
178	50
178	59
178	684
178	984
179	655
179	875
179	978
179	980
180	961
180	976
180	992
180	995
181	122
181	472
181	860
181	898
182	420
182	711
182	818
182	849
183	787
183	915
183	927
183	983
184	625
184	959
184	973
184	990
185	648
185	981
185	988
185	1000
186	198
186	950
186	973
186	990
187	580
187	735
187	841
187	845
188	813
188	880
188	910
188	964
189	251
189	874
189	940
189	977
190	806
190	812
190	874
190	922
191	738
191	778
191	870
191	894
192	148
192	848
192	880
192	910
193	973
193	977
193	988
193	999
194	517
194	871
194	916
194	960
195	740
195	923
195	939
195	962
196	429
196	934
196	947
196	984
197	491
197	690
197	908
197	994
198	186
198	607
198	907
198	926
199	816
199	965
199	979
199	985
200	298
200	361
200	972
200	990
201	249
201	284
201	555
201	904
202	438
202	960
202	987
202	994
203	946
203	950
203	959
203	962
204	489
204	701
204	810
204	888
205	158
205	573
205	584
205	935
206	776
206	869
206	986
206	996
207	735
207	876
207	933
207	978
208	334
208	762
208	787
208	830
209	815
209	885
209	889
209	967
210	422
210	447
210	551
210	618
211	737
211	879
211	914
211	971
212	630
212	663
212	832
212	874
212	887
213	171
213	263
213	309
213	403
213	978
214	634
214	920
214	963
214	978
214	980
215	279
215	420
215	954
215	977
215	1000
216	479
216	608
216	616
216	627
216	996
217	640
217	825
217	903
217	909
217	956
218	497
218	697
218	725
218	875
218	999
219	969
219	975
219	977
219	991
219	993
220	36
220	663
220	748
220	962
220	965
221	25
221	577
221	686
221	819
221	899
222	400
222	406
222	418
222	588
222	671
223	859
223	969
223	975
223	991
223	997
224	822
224	851
224	929
224	934
224	947
225	156
225	519
225	741
225	753
225	814
226	104
226	656
226	658
226	857
226	987
227	230
227	460
227	477
227	492
227	743
228	679
228	702
228	797
228	960
228	994
229	426
229	443
229	872
229	903
229	963
230	227
230	255
230	492
230	650
230	743
231	73
231	740
231	805
231	860
231	984
232	490
232	616
232	760
232	907
232	983
233	241
233	276
233	559
233	651
233	827
234	7
234	440
234	832
234	851
234	887
235	526
235	609
235	765
235	817
235	830
236	80
236	436
236	801
236	921
236	985
237	73
237	472
237	486
237	503
237	830
238	61
238	74
238	145
238	769
238	862
239	463
239	569
239	705
239	710
239	961
240	60
240	106
240	283
240	720
240	928
241	233
241	330
241	610
241	651
241	867
242	69
242	600
242	924
242	989
242	992
243	348
243	688
243	971
243	973
243	990
244	118
244	248
244	289
244	840
244	964
245	355
245	751
245	769
245	906
245	916
246	366
246	542
246	731
246	840
246	871
247	521
247	565
247	692
247	717
247	969
248	11
248	118
248	244
248	289
248	877
249	24
249	201
249	556
249	819
249	993
250	859
250	864
250	976
250	995
250	998
251	170
251	189
251	975
251	977
251	999
252	163
252	710
252	807
252	845
252	924
253	254
253	291
253	732
253	819
253	882
254	253
254	612
254	758
254	792
254	853
255	230
255	273
255	492
255	743
255	983
256	103
256	131
256	390
256	762
256	988
257	716
257	773
257	860
257	898
257	957
258	116
258	302
258	652
258	671
258	920
259	858
259	963
259	974
259	991
259	997
260	722
260	792
260	881
260	948
260	972
261	819
261	943
261	953
261	996
261	998
262	505
262	852
262	865
262	899
262	984
263	213
263	372
263	840
263	842
263	922
264	544
264	806
264	812
264	874
264	995
265	351
265	409
265	514
265	573
265	667
266	553
266	754
266	786
266	816
266	884
267	592
267	837
267	911
267	979
267	999
268	76
268	458
268	794
268	849
268	857
269	405
269	974
269	982
269	991
269	992
270	484
270	590
270	883
270	944
270	983
271	733
271	753
271	814
271	854
271	892
272	37
272	608
272	616
272	627
272	896
273	154
273	255
273	743
273	810
273	985
274	619
274	663
274	748
274	887
274	989
275	706
275	733
275	753
275	814
275	963
276	233
276	477
276	482
276	527
276	531
277	727
277	789
277	965
277	989
277	992
278	1
278	157
278	315
278	811
278	966
279	215
279	469
279	574
279	787
279	817
280	48
280	493
280	508
280	534
280	582
281	124
281	716
281	805
281	905
281	989
282	458
282	512
282	696
282	768
282	800
283	240
283	484
283	596
283	720
283	989
284	145
284	201
284	492
284	758
284	853
285	427
285	926
285	981
285	988
285	999
286	467
286	915
286	930
286	933
286	935
287	148
287	792
287	970
287	995
287	998
288	301
288	688
288	733
288	884
288	994
289	118
289	244
289	248
289	664
289	815
290	12
290	562
290	611
290	725
290	868
291	253
291	303
291	308
291	647
291	650
292	414
292	790
292	825
292	922
292	960
293	462
293	557
293	633
293	818
293	822
294	804
294	842
294	977
294	981
294	988
295	771
295	849
295	909
295	922
295	957
296	629
296	818
296	955
296	988
296	997
297	821
297	885
297	957
297	987
297	994
298	134
298	200
298	361
298	458
298	804
299	838
299	958
299	987
299	991
299	994
300	394
300	533
300	543
300	573
300	742
301	107
301	288
301	525
301	592
301	786
302	258
302	982
302	991
302	993
302	997
303	80
303	291
303	558
303	774
303	815
304	72
304	370
304	504
304	582
304	596
305	424
305	685
305	903
305	978
305	980
306	638
306	857
306	968
306	989
306	992
307	761
307	798
307	863
307	920
307	927
308	291
308	437
308	774
308	801
308	808
309	171
309	213
309	403
309	953
309	995
310	432
310	869
310	948
310	984
310	985
311	536
311	725
311	956
311	957
311	998
312	45
312	647
312	678
312	871
312	923
313	624
313	924
313	965
313	968
313	989
314	657
314	952
314	965
314	989
314	992
315	1
315	157
315	278
315	720
315	958
316	534
316	664
316	707
316	772
316	933
317	397
317	429
317	466
317	914
317	950
318	631
318	778
318	827
318	841
318	894
319	600
319	795
319	975
319	991
319	993
320	442
320	501
320	664
320	707
320	772
321	600
321	604
321	811
321	879
321	967
322	104
322	969
322	971
322	975
322	997
323	779
323	890
323	948
323	972
323	984
324	44
324	57
324	381
324	528
324	778
325	40
325	115
325	439
325	645
325	867
326	443
326	692
326	717
326	872
326	970
327	512
327	645
327	862
327	966
327	967
328	960
328	965
328	968
328	977
328	989
329	462
329	596
329	720
329	962
329	974
330	147
330	241
330	559
330	651
330	770
331	100
331	955
331	974
331	982
331	993
332	69
332	420
332	516
332	581
332	686
333	694
333	745
333	889
333	932
333	956
334	208
334	338
334	787
334	794
334	830
335	567
335	614
335	671
335	730
335	927
336	515
336	635
336	674
336	684
336	785
337	524
337	613
337	902
337	904
337	966
338	334
338	439
338	444
338	645
338	711
339	718
339	752
339	766
339	831
339	931
340	752
340	916
340	926
340	944
340	983
341	708
341	734
341	795
341	879
341	914
342	17
342	727
342	768
342	785
342	800
343	427
343	904
343	944
343	983
343	994
344	154
344	492
344	743
344	798
344	980
345	575
345	747
345	811
345	815
345	972
346	434
346	931
346	944
346	972
346	983
347	515
347	624
347	740
347	898
347	900
348	243
348	798
348	895
348	953
348	996
349	522
349	918
349	987
349	994
349	996
350	452
350	655
350	974
350	987
350	994
351	100
351	265
351	684
351	785
351	791
352	789
352	972
352	974
352	982
352	997
353	91
353	683
353	930
353	933
353	999
354	710
354	740
354	805
354	860
354	870
355	245
355	661
355	736
355	751
355	769
356	952
356	969
356	982
356	991
356	993
357	365
357	491
357	579
357	751
357	769
358	73
358	592
358	594
358	754
358	1000
359	42
359	576
359	754
359	761
359	884
360	795
360	833
360	883
360	944
360	989
361	200
361	298
361	458
361	910
361	948
362	413
362	679
362	855
362	911
362	996
363	664
363	707
363	732
363	772
363	816
364	769
364	942
364	957
364	970
364	995
365	357
365	447
365	617
365	774
365	829
366	246
366	418
366	731
366	812
366	874
367	663
367	807
367	832
367	855
367	887
368	414
368	733
368	751
368	753
368	814
369	530
369	729
369	738
369	822
369	883
370	44
370	71
370	304
370	504
370	987
371	782
371	964
371	969
371	975
371	997
372	176
372	263
372	840
372	871
372	946
373	565
373	982
373	991
373	993
373	997
374	508
374	827
374	870
374	887
374	894
375	927
375	930
375	933
375	953
375	976
376	742
376	824
376	899
376	972
376	984
377	519
377	633
377	753
377	814
377	908
378	9
378	726
378	902
378	903
378	980
379	437
379	731
379	806
379	874
379	968
380	391
380	659
380	902
380	921
380	967
381	44
381	57
381	162
381	324
381	829
381	859
382	529
382	660
382	748
382	850
382	887
382	939
383	102
383	719
383	920
383	927
383	953
383	996
384	840
384	851
384	898
384	925
384	993
384	998
385	387
385	876
385	904
385	908
385	915
385	930
386	164
386	515
386	572
386	805
386	860
386	898
387	385
387	602
387	965
387	968
387	989
387	992
388	569
388	752
388	926
388	931
388	939
388	983
389	728
389	743
389	869
389	899
389	972
389	984
390	27
390	103
390	131
390	256
390	814
390	871
391	63
391	380
391	685
391	956
391	962
391	967
392	54
392	557
392	565
392	729
392	738
392	753
393	153
393	485
393	915
393	927
393	930
393	933
394	300
394	442
394	787
394	817
394	830
394	979
395	552
395	561
395	636
395	687
395	979
395	985
396	76
396	541
396	849
396	922
396	924
396	972
397	317
397	655
397	708
397	847
397	914
397	961
398	169
398	901
398	969
398	982
398	993
398	997
399	603
399	623
399	942
399	957
399	995
399	998
400	89
400	222
400	969
400	982
400	991
400	997
401	34
401	890
401	959
401	976
401	977
401	1000
402	881
402	921
402	924
402	940
402	948
402	984
403	171
403	213
403	309
403	455
403	893
403	978
404	778
404	827
404	843
404	870
404	894
404	980
405	137
405	269
405	826
405	855
405	979
405	985
406	222
406	416
406	495
406	588
406	986
406	989
407	635
407	674
407	684
407	706
407	785
407	821
408	701
408	789
408	959
408	971
408	973
408	990
409	265
409	667
409	695
409	742
409	776
409	998
410	712
410	790
410	796
410	986
410	987
410	996
411	895
411	897
411	932
411	938
411	955
411	999
412	48
412	508
412	525
412	534
412	754
412	828
413	362
413	799
413	876
413	904
413	930
413	933
414	174
414	292
414	368
414	535
414	669
414	922
415	529
415	581
415	660
415	663
415	788
415	887
416	406
416	444
416	495
416	588
416	738
416	838
417	597
417	678
417	840
417	871
417	901
417	987
418	222
418	366
418	444
418	588
418	742
418	807
419	487
419	628
419	793
419	815
419	890
419	928
420	182
420	215
420	332
420	581
420	664
420	711
421	646
421	679
421	711
421	935
421	977
421	999
422	210
422	799
422	825
422	922
422	961
422	990
423	487
423	770
423	924
423	965
423	968
423	992
424	305
424	843
424	897
424	981
424	988
424	1000
425	748
425	906
425	929
425	934
425	947
425	972
426	50
426	229
426	890
426	981
426	988
426	1000
427	285
427	343
427	759
427	791
427	944
427	983
428	4
428	93
428	866
428	960
428	987
428	994
429	63
429	196
429	317
429	809
429	879
429	914
430	62
430	98
430	132
430	453
430	606
430	955
431	449
431	598
431	816
431	970
431	985
431	993
432	310
432	943
432	953
432	986
432	987
432	996
433	449
433	455
433	667
433	695
433	742
433	990
434	346
434	547
434	926
434	931
434	983
434	992
435	705
435	945
435	954
435	958
435	985
435	1000
436	112
436	236
436	816
436	926
436	979
436	985
437	80
437	308
437	379
437	647
437	829
437	947
438	15
438	64
438	202
438	895
438	939
438	962
439	40
439	120
439	325
439	338
439	645
439	681
440	234
440	915
440	927
440	930
440	933
440	963
441	569
441	705
441	735
441	829
441	845
441	960
442	320
442	394
442	765
442	817
442	830
442	844
443	229
443	326
443	521
443	604
443	692
443	997
444	338
444	416
444	418
444	495
444	941
444	961
445	907
445	932
445	939
445	971
445	973
445	990
446	99
446	161
446	479
446	608
446	627
446	721
447	210
447	365
447	551
447	618
447	876
448	61
448	601
448	609
448	789
448	989
448	992
449	431
449	433
449	698
449	826
449	855
449	979
450	588
450	678
450	842
450	869
450	940
450	984
451	845
451	873
451	889
451	896
451	900
451	901
452	350
452	798
452	809
452	865
452	987
452	994
453	98
453	132
453	430
453	571
453	606
453	837
454	783
454	929
454	970
454	995
454	996
454	998
455	158
455	403
455	433
455	514
455	695
455	698
456	690
456	700
456	854
456	918
456	960
456	994
457	893
457	955
457	958
457	977
457	988
457	1000
458	268
458	282
458	298
458	361
458	615
458	743
459	765
459	787
459	817
459	830
459	990
459	991
460	227
460	724
460	827
460	870
460	883
460	894
461	52
461	605
461	877
461	948
461	972
461	984
462	293
462	329
462	550
462	729
462	738
462	903
463	239
463	473
463	502
463	797
463	857
463	945
464	638
464	653
464	856
464	880
464	910
464	968
465	494
465	579
465	676
465	751
465	769
465	803
466	317
466	918
466	945
466	955
466	958
466	1000
467	153
467	286
467	771
467	794
467	825
467	975
468	536
468	759
468	763
468	944
468	977
468	983
469	279
469	756
469	765
469	817
469	830
469	917
470	472
470	878
470	961
470	963
470	978
470	980
471	885
471	905
471	908
471	918
471	961
471	987
472	181
472	237
472	470
472	699
472	723
472	898
473	90
473	463
473	626
473	658
473	797
473	973
474	904
474	927
474	930
474	933
474	958
474	975
475	709
475	778
475	798
475	920
475	953
475	986
476	599
476	757
476	865
476	895
476	923
476	962
477	67
477	167
477	227
477	276
477	482
477	996
478	607
478	719
478	724
478	778
478	870
478	894
479	216
479	446
479	546
479	616
479	627
479	873
479	971
480	589
480	928
480	956
480	971
480	978
480	995
480	998
481	66
481	590
481	729
481	749
481	795
481	879
481	914
482	67
482	133
482	276
482	477
482	527
482	771
482	940
483	127
483	588
483	641
483	694
483	861
483	902
483	966
484	60
484	121
484	270
484	283
484	596
484	668
484	720
485	393
485	757
485	905
485	954
485	963
485	978
485	980
486	72
486	237
486	539
486	703
486	716
486	841
486	898
487	419
487	423
487	605
487	787
487	793
487	811
487	966
488	501
488	664
488	707
488	772
488	799
488	886
488	996
489	204
489	696
489	727
489	768
489	786
489	796
489	800
490	232
490	703
490	716
490	841
490	860
490	898
490	953
491	197
491	357
491	904
491	919
491	927
491	930
491	933
492	227
492	230
492	255
492	284
492	344
492	743
492	821
493	280
493	756
493	895
493	932
493	939
493	946
493	950
494	465
494	863
494	882
494	917
494	920
494	986
494	996
495	406
495	416
495	444
495	588
495	612
495	653
495	978
496	152
496	901
496	935
496	955
496	958
496	999
496	1000
497	12
497	40
497	218
497	611
497	697
497	725
497	904
498	737
498	859
498	905
498	935
498	963
498	980
498	990
499	16
499	571
499	586
499	837
499	962
499	979
499	985
500	649
500	944
500	974
500	975
500	982
500	993
500	997
501	77
501	320
501	488
501	560
501	664
501	772
501	911
502	11
502	170
502	463
502	797
502	857
502	900
502	972
503	237
503	859
503	872
503	878
503	963
503	974
503	980
504	18
504	71
504	304
504	370
504	683
504	880
504	922
505	262
505	816
505	837
505	843
505	913
505	979
505	985
506	606
506	631
506	727
506	935
506	945
506	999
506	1000
507	824
507	906
507	929
507	934
507	947
507	953
507	994
508	280
508	374
508	412
508	525
508	534
508	857
508	956
509	600
509	745
509	768
509	795
509	811
509	889
509	967
510	655
510	688
510	699
510	746
510	786
510	884
510	980
511	657
511	749
511	784
511	864
511	880
511	892
511	912
512	282
512	327
512	613
512	688
512	700
512	966
512	967
513	43
513	94
513	921
513	959
513	971
513	973
513	990
514	158
514	265
514	455
514	533
514	695
514	829
514	1000
515	336
515	347
515	386
515	624
515	805
515	921
515	939
516	332
516	547
516	567
516	614
516	646
516	671
516	730
517	194
517	542
517	837
517	840
517	861
517	871
517	927
518	836
518	873
518	896
518	900
518	901
518	913
518	967
519	225
519	377
519	545
519	733
519	814
519	935
519	978
520	704
520	756
520	820
520	935
520	946
520	950
520	962
521	247
521	443
521	604
521	661
521	692
521	717
521	724
522	349
522	731
522	774
522	806
522	812
522	874
523	70
523	640
523	799
523	909
523	922
523	931
523	954
524	51
524	168
524	337
524	528
524	786
524	908
524	972
525	35
525	48
525	301
525	412
525	508
525	534
525	897
526	235
526	762
526	918
526	960
526	987
526	991
526	994
527	133
527	167
527	276
527	482
527	864
527	966
527	993
528	324
528	524
528	576
528	634
528	688
528	754
528	884
529	175
529	382
529	415
529	695
529	748
529	832
529	887
530	369
530	629
530	729
530	738
530	822
530	942
530	993
531	276
531	924
531	952
531	965
531	988
531	989
531	992
532	163
532	782
532	848
532	856
532	876
532	910
532	935
533	300
533	514
533	695
533	742
533	760
533	829
533	856
534	280
534	316
534	412
534	508
534	525
534	796
534	1000
535	120
535	414
535	631
535	907
535	909
535	955
535	995
536	311
536	468
536	633
536	830
536	887
536	907
536	944
537	746
537	786
537	952
537	965
537	968
537	989
537	992
538	594
538	827
538	932
538	959
538	971
538	973
538	990
539	486
539	803
539	809
539	930
539	946
539	950
539	962
540	821
540	848
540	951
540	956
540	961
540	970
540	976
541	396
541	700
541	794
541	799
541	909
541	922
541	1000
542	52
542	246
542	517
542	597
542	793
542	840
542	871
543	300
543	691
543	699
543	916
543	958
543	981
543	999
544	264
544	624
544	765
544	904
544	915
544	927
544	930
545	519
545	709
545	866
545	965
545	968
545	989
545	992
546	479
546	555
546	686
546	758
546	827
546	853
546	967
547	434
547	516
547	614
547	652
547	730
547	838
547	940
548	35
548	123
548	550
548	557
548	629
548	679
548	738
549	156
549	652
549	718
549	906
549	929
549	934
549	947
550	79
550	462
550	548
550	629
550	822
550	985
550	992
551	172
551	210
551	447
551	585
551	618
551	902
552	395
552	663
552	873
552	896
552	900
552	901
552	919
553	266
553	687
553	793
553	811
553	815
553	966
553	969
554	603
554	621
554	801
554	885
554	911
554	952
554	979
555	110
555	160
555	201
555	546
555	758
555	791
555	853
556	249
556	686
556	732
556	819
556	832
556	853
556	984
557	293
557	392
557	548
557	762
557	822
557	834
557	893
558	65
558	174
558	303
558	683
558	825
558	909
558	922
559	19
559	146
559	233
559	330
559	651
559	914
559	974
560	501
560	638
560	740
560	813
560	848
560	880
560	910
561	395
561	601
561	843
561	897
561	911
561	979
561	985
562	290
562	716
562	776
562	831
562	917
562	986
562	996
563	46
563	861
563	913
563	963
563	978
563	980
563	996
564	741
564	922
564	950
564	975
564	991
564	993
564	997
565	35
565	247
565	373
565	392
565	729
565	738
565	896
566	780
566	784
566	864
566	889
566	892
566	912
566	930
567	335
567	516
567	614
567	652
567	730
567	827
567	918
568	616
568	842
568	852
568	859
568	877
568	899
568	934
568	972
569	239
569	388
569	441
569	615
569	689
569	807
569	845
569	909
570	131
570	607
570	650
570	847
570	907
570	926
570	941
570	983
571	453
571	499
571	801
571	837
571	843
571	918
571	979
571	997
572	386
572	638
572	823
572	824
572	906
572	929
572	934
572	947
573	205
573	265
573	300
573	667
573	742
573	947
573	965
573	991
574	279
574	715
574	813
574	848
574	856
574	880
574	910
574	987
575	345
575	687
575	695
575	700
575	862
575	871
575	898
575	966
576	32
576	359
576	528
576	699
576	712
576	754
576	884
576	989
577	78
577	221
577	732
577	819
577	853
577	862
577	949
577	979
578	47
578	595
578	749
578	809
578	879
578	914
578	964
578	998
579	95
579	357
579	465
579	637
579	661
579	676
579	751
579	867
580	187
580	690
580	762
580	790
580	934
580	960
580	987
580	994
581	40
581	332
581	415
581	420
581	645
581	711
581	724
581	986
582	36
582	280
582	304
582	897
582	958
582	981
582	999
582	1000
583	5
583	925
583	957
583	961
583	995
583	997
583	998
583	1000
584	6
584	205
584	729
584	895
584	939
584	946
584	950
584	962
585	551
585	596
585	916
585	938
585	977
585	984
585	988
585	1000
586	165
586	499
586	749
586	846
586	855
586	895
586	979
586	985
587	649
587	746
587	780
587	784
587	864
587	892
587	912
587	991
588	79
588	222
588	406
588	416
588	418
588	450
588	483
588	495
589	75
589	480
589	706
589	831
589	833
589	883
589	983
589	997
590	47
590	270
590	481
590	640
590	749
590	809
590	914
590	925
591	690
591	859
591	875
591	905
591	963
591	978
591	980
591	993
592	267
592	301
592	358
592	594
592	699
592	754
592	884
592	928
593	50
593	769
593	858
593	917
593	920
593	943
593	952
593	996
594	46
594	358
594	538
594	592
594	688
594	699
594	754
594	964
595	578
595	672
595	675
595	766
595	945
595	954
595	988
595	1000
596	121
596	283
596	304
596	329
596	484
596	585
596	720
596	911
597	176
597	417
597	542
597	840
597	871
597	944
597	995
597	996
598	106
598	431
598	621
598	773
598	976
598	979
598	985
598	998
599	476
599	778
599	802
599	803
599	849
599	946
599	950
599	989
600	242
600	319
600	321
600	509
600	753
600	889
600	902
600	967
601	59
601	448
601	561
601	726
601	952
601	968
601	989
601	992
602	387
602	916
602	954
602	964
602	973
602	981
602	988
602	1000
603	56
603	399
603	554
603	613
603	690
603	902
603	966
603	967
604	81
604	321
604	443
604	521
604	692
604	717
604	888
604	956
605	461
605	487
605	758
605	782
605	793
605	805
605	966
605	967
606	42
606	132
606	430
606	453
606	506
606	617
606	935
606	944
607	198
607	478
607	570
607	706
607	883
607	944
607	974
607	983
608	99
608	216
608	272
608	446
608	616
608	729
608	919
608	969
609	235
609	448
609	826
609	837
609	855
609	979
609	985
609	998
610	4
610	241
610	836
610	873
610	896
610	900
610	901
610	990
611	12
611	290
611	497
611	697
611	725
611	736
611	928
611	978
612	254
612	495
612	808
612	935
612	958
612	977
612	981
612	999
613	337
613	512
613	603
613	782
613	902
613	956
613	966
613	976
614	335
614	516
614	547
614	567
614	652
614	730
614	913
614	982
615	458
615	569
615	705
615	710
615	807
615	822
615	845
615	917
616	216
616	232
616	272
616	479
616	568
616	608
616	627
616	911
617	19
617	87
617	176
617	365
617	606
617	774
617	825
617	829
618	9
618	39
618	172
618	210
618	447
618	551
618	865
618	884
619	274
619	817
619	872
619	913
619	920
619	963
619	978
619	980
620	810
620	918
620	919
620	932
620	959
620	971
620	973
620	990
621	72
621	554
621	598
621	667
621	816
621	945
621	979
621	985
622	684
622	823
622	888
622	899
622	940
622	972
622	974
622	984
623	399
623	666
623	746
623	772
623	780
623	864
623	892
623	912
624	313
624	347
624	515
624	544
624	723
624	841
624	860
624	898
625	184
625	810
625	924
625	952
625	965
625	968
625	989
625	992
626	473
626	656
626	707
626	917
626	943
626	950
626	986
626	996
627	216
627	272
627	446
627	479
627	616
627	756
627	831
627	957
628	419
628	782
628	789
628	793
628	902
628	925
628	936
628	966
629	167
629	296
629	530
629	548
629	550
629	682
629	738
629	822
630	2
630	212
630	801
630	906
630	923
630	946
630	950
630	962
631	318
631	506
631	535
631	794
631	825
631	849
631	922
631	973
632	28
632	157
632	679
632	801
632	849
632	911
632	913
632	979
633	293
633	377
633	536
633	656
633	863
633	953
633	986
633	996
634	94
634	214
634	528
634	749
634	795
634	809
634	879
634	941
635	36
635	139
635	336
635	407
635	674
635	785
635	791
635	877
635	990
636	89
636	395
636	674
636	683
636	776
636	863
636	953
636	986
636	996
637	579
637	670
637	765
637	813
637	848
637	856
637	880
637	910
637	922
638	306
638	464
638	560
638	572
638	813
638	856
638	872
638	880
638	910
639	165
639	781
639	929
639	937
639	952
639	965
639	968
639	989
639	992
640	76
640	128
640	217
640	523
640	590
640	771
640	799
640	909
640	975
641	483
641	744
641	794
641	867
641	952
641	965
641	968
641	989
641	992
642	653
642	752
642	808
642	824
642	835
642	906
642	929
642	934
642	947
643	3
643	166
643	662
643	674
643	748
643	810
643	940
643	972
643	986
644	710
644	726
644	817
644	845
644	878
644	913
644	963
644	978
644	980
645	115
645	325
645	327
645	338
645	439
645	581
645	711
645	849
645	890
646	421
646	516
646	673
646	938
646	958
646	977
646	988
646	990
646	999
647	87
647	149
647	291
647	312
647	437
647	701
647	774
647	823
647	829
648	185
648	881
648	919
648	932
648	959
648	964
648	971
648	973
648	990
649	500
649	587
649	693
649	746
649	780
649	820
649	892
649	912
649	976
650	230
650	291
650	570
650	752
650	766
650	823
650	831
650	969
650	983
651	3
651	146
651	147
651	233
651	241
651	330
651	559
651	923
651	936
652	258
652	547
652	549
652	567
652	614
652	691
652	730
652	825
652	999
653	464
653	495
653	642
653	824
653	906
653	929
653	934
653	947
653	990
654	109
654	726
654	798
654	880
654	917
654	920
654	986
654	994
654	996
655	29
655	179
655	350
655	397
655	510
655	688
655	786
655	884
655	942
656	226
656	626
656	633
656	769
656	858
656	899
656	917
656	943
656	996
657	314
657	511
657	685
657	718
657	824
657	906
657	929
657	934
657	947
658	59
658	83
658	110
658	226
658	473
658	797
658	799
658	857
658	995
659	380
659	781
659	800
659	952
659	965
659	968
659	989
659	992
659	995
660	382
660	415
660	663
660	748
660	832
660	869
660	887
660	896
660	981
661	355
661	521
661	579
661	676
661	714
661	751
661	769
661	770
661	894
662	102
662	643
662	700
662	714
662	808
662	869
662	972
662	984
662	998
663	212
663	220
663	274
663	367
663	415
663	552
663	660
663	805
663	915
664	289
664	316
664	320
664	363
664	420
664	488
664	501
664	772
664	938
665	735
665	802
665	839
665	870
665	883
665	923
665	939
665	950
665	962
666	623
666	675
666	921
666	932
666	959
666	970
666	971
666	973
666	990
667	265
667	409
667	433
667	573
667	621
667	695
667	742
667	894
667	984
668	484
668	743
668	912
668	956
668	961
668	970
668	976
668	995
668	998
669	414
669	759
669	775
669	836
669	873
669	892
669	896
669	900
669	901
670	637
670	702
670	813
670	848
670	856
670	880
670	910
670	923
670	925
671	116
671	172
671	222
671	258
671	335
671	516
671	725
671	730
671	811
672	595
672	916
672	937
672	954
672	962
672	973
672	977
672	981
672	999
673	7
673	646
673	919
673	932
673	937
673	959
673	971
673	973
673	990
674	336
674	407
674	635
674	636
674	643
674	684
674	687
674	748
674	785
674	791
675	595
675	666
675	867
675	874
675	924
675	952
675	965
675	973
675	989
675	992
676	95
676	465
676	579
676	661
676	711
676	730
676	751
676	769
676	958
676	966
677	724
677	778
677	796
677	827
677	870
677	894
677	986
677	995
677	996
678	45
678	114
678	312
678	417
678	450
678	722
678	840
678	871
678	976
678	981
679	28
679	228
679	362
679	421
679	548
679	632
679	837
679	843
679	979
679	985
680	101
680	682
680	793
680	796
680	797
680	798
680	821
680	943
680	953
680	986
681	439
681	885
681	932
681	964
681	969
681	974
681	975
681	982
681	991
681	997
682	25
682	55
682	159
682	629
682	680
682	761
682	858
682	877
682	986
682	996
683	353
683	504
683	558
683	636
683	863
683	920
683	953
683	986
683	991
683	996
684	100
684	178
684	336
684	351
684	407
684	622
684	674
684	785
684	791
684	980
685	33
685	305
685	391
685	657
685	694
685	773
685	862
685	889
685	967
685	971
686	160
686	221
686	332
686	546
686	556
686	732
686	758
686	853
686	875
686	889
687	395
687	553
687	575
687	674
687	694
687	745
687	917
687	966
687	967
687	988
688	168
688	243
688	288
688	510
688	512
688	528
688	594
688	655
688	884
688	949
689	569
689	694
689	862
689	863
689	889
689	897
689	902
689	927
689	966
689	967
690	197
690	456
690	580
690	591
690	603
690	717
690	893
690	918
690	987
690	994
691	543
691	652
691	897
691	899
691	954
691	973
691	977
691	981
691	999
691	1000
692	81
692	247
692	326
692	443
692	521
692	604
692	717
692	875
692	883
692	991
693	51
693	108
693	649
693	780
693	784
693	803
693	864
693	892
693	912
693	987
694	333
694	483
694	685
694	687
694	689
694	962
694	966
694	974
694	985
694	994
695	409
695	433
695	455
695	514
695	529
695	533
695	575
695	667
695	841
695	943
696	282
696	489
696	698
696	727
696	768
696	800
696	868
696	920
696	998
697	20
697	26
697	128
697	218
697	497
697	611
697	725
697	727
697	748
697	959
698	449
698	455
698	696
698	727
698	768
698	800
698	886
699	29
699	51
699	145
699	472
699	510
699	543
699	576
699	592
699	594
699	884
700	456
700	512
700	541
700	575
700	662
700	811
700	813
700	889
700	943
700	966
701	204
701	408
701	647
701	746
701	767
701	842
701	852
701	877
701	940
701	984
702	228
702	670
702	735
702	868
702	885
702	908
702	953
702	960
702	987
702	1000
703	43
703	47
703	79
703	486
703	490
703	716
703	740
703	860
703	898
703	908
704	158
704	520
704	919
704	921
704	937
704	954
704	959
704	971
704	973
704	990
705	96
705	239
705	435
705	441
705	615
705	710
705	735
705	807
705	845
705	966
706	275
706	407
706	589
706	607
706	788
706	833
706	852
706	907
706	926
706	983
707	77
707	316
707	320
707	363
707	488
707	626
707	726
707	772
707	859
707	963
708	341
708	397
708	795
708	809
708	879
708	914
708	946
708	954
708	985
708	993
709	475
709	545
709	828
709	924
709	930
709	952
709	953
709	965
709	989
709	992
710	239
710	252
710	354
710	615
710	644
710	705
710	725
710	735
710	807
710	845
711	115
711	182
711	338
711	420
711	421
711	581
711	645
711	676
711	756
711	811
712	30
712	410
712	576
712	895
712	923
712	925
712	939
712	950
712	962
712	992
713	828
713	861
713	892
713	939
713	952
713	965
713	968
713	979
713	989
713	992
714	661
714	662
714	775
714	844
714	852
714	888
714	909
714	940
714	948
714	972
715	574
715	755
715	777
715	834
715	893
715	950
715	960
715	966
715	987
715	994
716	124
716	257
716	281
716	486
716	490
716	562
716	703
716	784
716	922
716	998
717	81
717	247
717	326
717	521
717	604
717	690
717	692
717	773
717	880
717	999
718	339
718	549
718	657
718	821
718	824
718	872
718	906
718	929
718	934
718	947
718	999
719	383
719	478
719	810
719	835
719	836
719	844
719	869
719	881
719	899
719	940
719	972
720	15
720	60
720	121
720	240
720	283
720	315
720	329
720	484
720	596
720	751
720	913
721	66
721	446
721	800
721	919
721	921
721	932
721	948
721	959
721	971
721	973
721	990
722	67
722	260
722	678
722	809
722	810
722	869
722	881
722	888
722	948
722	960
722	984
723	43
723	68
723	141
723	472
723	624
723	740
723	774
723	814
723	832
723	841
723	860
724	460
724	478
724	521
724	581
724	677
724	778
724	827
724	870
724	894
724	967
725	12
725	26
725	128
725	218
725	290
725	311
725	497
725	611
725	671
725	697
725	710
726	378
726	601
726	644
726	654
726	707
726	878
726	906
726	913
726	963
726	978
726	980
727	122
727	161
727	277
727	342
727	489
727	506
727	696
727	697
727	698
727	768
727	800
728	389
728	848
728	964
728	969
728	974
728	975
728	982
728	988
728	991
728	993
728	997
729	33
729	79
729	369
729	392
729	462
729	481
729	530
729	565
729	584
729	608
729	822
730	116
730	335
730	516
730	547
730	567
730	614
730	652
730	671
730	676
730	995
730	997
731	164
731	246
731	366
731	379
731	522
731	806
731	812
731	874
731	895
731	982
732	78
732	253
732	363
732	556
732	577
732	686
732	819
732	838
732	853
732	992
732	994
733	37
733	271
733	275
733	288
733	368
733	519
733	753
733	772
733	814
733	949
733	988
734	341
734	862
734	882
734	910
734	942
734	951
734	956
734	976
734	979
734	995
734	998
735	75
735	187
735	207
735	441
735	665
735	702
735	705
735	710
735	807
735	845
735	946
736	355
736	611
736	819
736	867
736	890
736	954
736	955
736	977
736	988
736	999
736	1000
737	211
737	498
737	763
737	852
737	866
737	868
737	885
737	893
737	908
737	960
737	994
738	191
738	369
738	392
738	416
738	462
738	530
738	548
738	565
738	629
738	822
738	881
739	756
739	806
739	833
739	919
739	921
739	932
739	954
739	959
739	971
739	973
739	990
740	195
740	231
740	347
740	354
740	560
740	703
740	723
740	841
740	885
740	898
740	990
741	225
741	564
741	864
741	875
741	878
741	903
741	913
741	933
741	963
741	978
741	980
742	158
742	300
742	376
742	409
742	418
742	433
742	533
742	573
742	667
742	786
742	911
743	154
743	227
743	230
743	255
743	273
743	344
743	389
743	458
743	492
743	668
743	856
744	41
744	641
744	760
744	824
744	831
744	883
744	926
744	931
744	944
744	967
744	983
745	333
745	509
745	687
745	815
745	818
745	862
745	865
745	902
745	907
745	967
745	969
746	510
746	537
746	587
746	623
746	649
746	701
746	784
746	864
746	892
746	912
746	950
747	345
747	763
747	785
747	834
747	865
747	893
747	908
747	960
747	968
747	994
747	998
748	220
748	274
748	382
748	425
748	529
748	643
748	660
748	674
748	697
748	832
748	887
749	481
749	511
749	578
749	586
749	590
749	634
749	809
749	826
749	879
749	914
749	963
749	978
750	766
750	829
750	876
750	881
750	899
750	904
750	915
750	927
750	930
750	933
750	999
751	245
751	355
751	357
751	368
751	465
751	579
751	661
751	676
751	720
751	769
751	871
751	979
752	142
752	339
752	340
752	388
752	642
752	650
752	831
752	851
752	907
752	926
752	931
752	979
753	37
753	225
753	271
753	275
753	368
753	377
753	392
753	600
753	733
753	801
753	814
753	957
754	266
754	358
754	359
754	412
754	528
754	576
754	592
754	594
754	786
754	802
754	902
754	965
755	45
755	53
755	715
755	762
755	804
755	838
755	865
755	866
755	893
755	987
755	994
755	997
756	469
756	493
756	520
756	627
756	711
756	739
756	770
756	923
756	939
756	946
756	950
756	962
757	129
757	151
757	476
757	485
757	763
757	865
757	866
757	868
757	923
757	960
757	987
757	994
758	24
758	254
758	284
758	546
758	555
758	605
758	686
758	794
758	819
758	853
758	989
758	999
759	427
759	468
759	669
759	798
759	823
759	831
759	853
759	907
759	926
759	944
759	959
759	983
760	232
760	533
760	744
760	819
760	823
760	833
760	926
760	931
760	944
760	948
760	983
760	988
761	307
761	359
761	682
761	790
761	796
761	916
761	917
761	918
761	943
761	953
761	979
761	996
762	208
762	256
762	526
762	557
762	580
762	755
762	834
762	855
762	865
762	907
762	918
762	987
763	58
763	468
763	737
763	747
763	757
763	838
763	882
763	885
763	921
763	960
763	987
763	994
764	844
764	851
764	882
764	943
764	964
764	969
764	974
764	975
764	982
764	991
764	993
764	997
765	116
765	133
765	235
765	442
765	459
765	469
765	544
765	637
765	787
765	817
765	830
765	933
766	339
766	595
766	650
766	750
766	863
766	876
766	904
766	915
766	927
766	930
766	933
767	147
767	701
767	796
767	810
767	888
767	899
767	930
767	940
767	948
767	971
767	972
767	984
768	122
768	282
768	342
768	489
768	509
768	696
768	698
768	727
768	776
768	800
768	942
768	967
769	95
769	238
769	245
769	355
769	357
769	364
769	465
769	593
769	656
769	661
769	676
769	751
770	330
770	423
770	661
770	756
770	839
770	895
770	896
770	923
770	939
770	946
770	962
770	998
771	295
771	467
771	482
771	640
771	794
771	799
771	849
771	851
771	878
771	908
771	909
771	963
772	77
772	316
772	320
772	363
772	488
772	501
772	623
772	664
772	707
772	733
772	814
772	890
773	257
773	598
773	685
773	717
773	783
773	792
773	939
773	951
773	956
773	961
773	970
773	976
773	998
774	19
774	149
774	172
774	303
774	308
774	365
774	522
774	617
774	647
774	723
774	829
774	940
774	964
775	669
775	714
775	779
775	836
775	873
775	896
775	900
775	901
775	975
775	981
776	85
776	206
776	409
776	562
776	636
776	768
776	790
776	821
776	858
776	883
776	906
776	920
776	996
777	67
777	166
777	715
777	846
777	850
777	891
777	919
777	921
777	932
777	959
777	971
777	973
777	990
778	191
778	318
778	324
778	404
778	475
778	478
778	599
778	677
778	724
778	827
778	837
778	870
778	894
779	69
779	323
779	775
779	807
779	886
779	928
779	948
779	951
779	956
779	961
779	976
779	995
779	998
780	566
780	587
780	623
780	649
780	693
780	784
780	864
780	879
780	892
780	912
780	914
780	953
780	962
781	639
781	659
781	813
781	828
781	867
781	888
781	924
781	946
781	952
781	965
781	968
781	975
781	992
782	371
782	532
782	605
782	613
782	628
782	793
782	815
782	862
782	889
782	966
782	967
782	989
782	996
783	454
783	773
783	850
783	851
783	882
783	925
783	932
783	944
783	951
783	957
783	976
783	995
783	998
784	39
784	511
784	566
784	587
784	693
784	716
784	746
784	780
784	786
784	864
784	892
784	912
784	947
785	144
785	336
785	342
785	351
785	407
785	635
785	674
785	684
785	747
785	791
785	809
785	955
785	976
786	168
786	266
786	301
786	489
786	510
786	524
786	537
786	655
786	742
786	754
786	784
786	884
786	992
787	183
787	208
787	279
787	334
787	394
787	459
787	487
787	765
787	817
787	830
787	836
787	856
787	980
788	90
788	415
788	706
788	823
788	831
788	846
788	883
788	907
788	926
788	931
788	934
788	944
788	957
789	277
789	352
789	408
789	448
789	628
789	828
789	867
789	913
789	924
789	952
789	968
789	989
789	992
790	292
790	410
790	580
790	761
790	776
790	891
790	915
790	917
790	943
790	953
790	986
790	993
790	996
791	87
791	100
791	139
791	144
791	351
791	427
791	555
791	635
791	674
791	684
791	785
791	806
791	953
792	17
792	254
792	260
792	287
792	773
792	942
792	951
792	958
792	962
792	970
792	976
792	995
792	998
793	419
793	487
793	542
793	553
793	605
793	628
793	680
793	782
793	902
793	945
793	966
793	967
793	991
794	268
794	334
794	467
794	541
794	631
794	641
794	758
794	771
794	849
794	887
794	908
794	909
794	922
795	94
795	319
795	341
795	360
795	481
795	509
795	634
795	708
795	809
795	817
795	879
795	914
795	993
796	52
796	53
796	410
796	489
796	534
796	677
796	680
796	761
796	767
796	920
796	943
796	986
796	996
797	83
797	104
797	110
797	170
797	228
797	463
797	473
797	502
797	658
797	680
797	805
797	857
797	858
798	307
798	344
798	348
798	452
798	475
798	654
798	680
798	759
798	836
798	920
798	943
798	951
798	953
799	105
799	413
799	422
799	488
799	523
799	541
799	640
799	658
799	771
799	825
799	922
799	964
799	976
800	161
800	282
800	342
800	489
800	659
800	696
800	698
800	721
800	727
800	768
800	891
800	943
800	995
801	106
801	236
801	308
801	554
801	571
801	630
801	632
801	753
801	816
801	843
801	911
801	979
801	988
802	143
802	599
802	665
802	754
802	839
802	913
802	923
802	939
802	946
802	950
802	952
802	957
802	958
802	962
803	15
803	465
803	539
803	599
803	693
803	895
803	920
803	923
803	939
803	946
803	950
803	962
803	967
803	983
804	294
804	298
804	755
804	878
804	890
804	954
804	958
804	977
804	980
804	981
804	986
804	988
804	999
804	1000
805	31
805	125
805	231
805	281
805	354
805	386
805	515
805	605
805	663
805	797
805	860
805	898
805	967
805	1000
806	10
806	169
806	190
806	264
806	379
806	522
806	731
806	739
806	791
806	812
806	874
806	960
806	964
806	994
807	53
807	75
807	252
807	367
807	418
807	569
807	615
807	705
807	710
807	735
807	779
807	845
807	929
807	934
808	308
808	612
808	642
808	662
808	818
808	842
808	887
808	897
808	916
808	938
808	977
808	988
808	999
808	1000
809	66
809	429
809	452
809	539
809	578
809	590
809	634
809	708
809	722
809	749
809	785
809	795
809	914
809	948
810	97
810	204
810	273
810	620
810	625
810	643
810	719
810	722
810	767
810	940
810	948
810	968
810	972
810	984
811	278
811	321
811	345
811	487
811	509
811	553
811	671
811	700
811	711
811	862
811	902
811	966
811	978
811	986
812	101
812	135
812	169
812	190
812	264
812	366
812	522
812	731
812	806
812	838
812	854
812	874
812	957
812	965
813	188
813	560
813	574
813	637
813	638
813	670
813	700
813	781
813	848
813	856
813	880
813	910
813	970
813	992
814	37
814	225
814	271
814	275
814	368
814	377
814	390
814	519
814	723
814	733
814	753
814	772
814	840
814	943
815	84
815	209
815	289
815	303
815	345
815	419
815	553
815	745
815	782
815	889
815	931
815	949
815	966
815	967
816	111
816	199
816	266
816	363
816	431
816	436
816	505
816	621
816	801
816	826
816	855
816	874
816	985
816	989
817	235
817	279
817	394
817	442
817	459
817	469
817	619
817	644
817	765
817	787
817	795
817	830
817	858
817	915
818	182
818	293
818	296
818	745
818	808
818	836
818	897
818	935
818	955
818	969
818	981
818	988
818	999
818	1000
819	24
819	221
819	249
819	253
819	261
819	556
819	577
819	732
819	736
819	758
819	760
819	830
819	853
819	946
820	520
820	649
820	880
820	898
820	949
820	964
820	969
820	974
820	975
820	982
820	986
820	991
820	993
820	997
821	55
821	134
821	297
821	407
821	492
821	540
821	680
821	718
821	776
821	863
821	943
821	953
821	986
821	996
822	35
822	224
822	293
822	369
822	530
822	550
822	557
822	615
822	629
822	729
822	738
822	841
822	868
822	987
823	572
823	622
823	647
823	650
823	759
823	760
823	788
823	833
823	883
823	907
823	926
823	931
823	963
823	983
823	997
824	30
824	376
824	507
824	572
824	642
824	653
824	657
824	718
824	744
824	881
824	906
824	929
824	934
824	947
824	959
825	217
825	292
825	422
825	467
825	558
825	617
825	631
825	652
825	799
825	849
825	909
825	922
825	947
825	986
825	994
826	105
826	165
826	405
826	449
826	609
826	749
826	816
826	843
826	855
826	911
826	917
826	945
826	979
826	985
826	994
827	22
827	233
827	318
827	374
827	404
827	460
827	538
827	546
827	567
827	677
827	724
827	778
827	870
827	894
827	995
828	412
828	709
828	713
828	781
828	789
828	850
828	854
828	867
828	926
828	952
828	965
828	968
828	971
828	989
828	992
829	19
829	80
829	87
829	149
829	365
829	381
829	437
829	441
829	514
829	533
829	617
829	647
829	750
829	774
829	977
830	96
830	208
830	235
830	237
830	334
830	394
830	442
830	459
830	469
830	536
830	765
830	787
830	817
830	819
830	966
831	339
831	562
831	589
831	627
831	650
831	744
831	752
831	759
831	788
831	871
831	899
831	912
831	931
831	944
831	983
832	7
832	36
832	129
832	212
832	234
832	367
832	529
832	556
832	660
832	723
832	748
832	887
832	891
832	960
832	983
833	360
833	589
833	706
833	739
833	760
833	823
833	853
833	883
833	916
833	926
833	931
833	956
833	983
833	999
833	1000
834	557
834	715
834	747
834	762
834	866
834	868
834	870
834	893
834	918
834	960
834	961
834	970
834	987
834	988
834	994
835	642
835	719
835	839
835	928
835	942
835	950
835	951
835	956
835	957
835	958
835	961
835	970
835	976
835	988
835	995
835	998
836	518
836	610
836	669
836	719
836	775
836	787
836	798
836	818
836	873
836	896
836	900
836	901
836	951
836	988
837	267
837	453
837	499
837	505
837	517
837	571
837	609
837	679
837	778
837	843
837	852
837	855
837	911
837	964
837	985
837	995
838	299
838	416
838	547
838	732
838	755
838	763
838	812
838	863
838	865
838	866
838	893
838	908
838	960
838	976
838	987
838	994
839	15
839	88
839	665
839	770
839	802
839	835
839	843
839	877
839	895
839	897
839	923
839	939
839	946
839	950
839	962
839	977
840	45
840	244
840	246
840	263
840	372
840	384
840	417
840	517
840	542
840	597
840	678
840	814
840	871
840	883
840	906
840	907
841	43
841	124
841	125
841	187
841	318
841	486
841	490
841	624
841	695
841	723
841	740
841	822
841	858
841	860
841	898
841	924
842	263
842	294
842	450
842	568
842	701
842	808
842	845
842	877
842	881
842	888
842	897
842	899
842	920
842	948
842	972
842	984
843	135
843	404
843	424
843	505
843	561
843	571
843	679
843	801
843	826
843	837
843	839
843	887
843	911
843	933
843	979
843	985
844	70
844	442
844	714
844	719
844	764
844	852
844	869
844	877
844	899
844	919
844	924
844	936
844	940
844	948
844	972
844	984
845	53
845	187
845	252
845	441
845	451
845	569
845	615
845	644
845	705
845	710
845	735
845	807
845	842
845	973
845	975
845	995
846	75
846	586
846	777
846	788
846	882
846	928
846	942
846	944
846	951
846	956
846	957
846	961
846	970
846	976
846	995
846	998
847	397
847	570
847	873
847	919
847	936
847	941
847	949
847	964
847	969
847	974
847	975
847	982
847	989
847	991
847	993
847	997
848	128
848	192
848	532
848	540
848	560
848	574
848	637
848	670
848	728
848	813
848	856
848	880
848	910
848	920
848	959
848	983
849	138
849	153
849	182
849	268
849	295
849	396
849	599
849	631
849	632
849	645
849	771
849	794
849	825
849	909
849	936
849	952
850	382
850	777
850	783
850	828
850	891
850	919
850	921
850	932
850	951
850	957
850	959
850	971
850	973
850	977
850	990
851	224
851	234
851	384
851	752
851	764
851	771
851	783
851	859
851	925
851	942
851	956
851	957
851	961
851	970
851	976
851	995
851	998
852	32
852	142
852	262
852	568
852	701
852	706
852	714
852	737
852	837
852	844
852	877
852	888
852	929
852	947
852	948
852	982
852	984
853	1
853	29
853	78
853	254
853	284
853	546
853	555
853	556
853	577
853	686
853	732
853	758
853	759
853	819
853	833
853	937
853	1000
854	271
854	456
854	812
854	828
854	860
854	936
854	941
854	949
854	954
854	964
854	969
854	974
854	975
854	982
854	991
854	993
854	997
855	140
855	362
855	367
855	405
855	449
855	586
855	609
855	762
855	816
855	826
855	837
855	866
855	911
855	928
855	961
855	979
855	985
856	27
856	60
856	163
856	464
856	532
856	533
856	574
856	637
856	638
856	670
856	743
856	787
856	813
856	848
856	880
856	910
856	997
857	11
857	83
857	90
857	104
857	110
857	170
857	226
857	268
857	306
857	463
857	502
857	508
857	658
857	797
857	878
857	943
857	997
858	85
858	259
858	593
858	656
858	682
858	776
858	797
858	817
858	841
858	917
858	920
858	942
858	943
858	953
858	956
858	986
858	996
859	223
859	250
859	381
859	498
859	503
859	568
859	591
859	707
859	851
859	872
859	875
859	903
859	905
859	913
859	963
859	978
859	980
860	181
860	231
860	257
860	354
860	386
860	490
860	624
860	703
860	723
860	805
860	841
860	854
860	888
860	898
860	906
860	920
860	931
861	483
861	517
861	563
861	713
861	882
861	886
861	925
861	928
861	935
861	942
861	957
861	961
861	962
861	970
861	976
861	995
861	998
862	14
862	76
862	238
862	327
862	575
862	577
862	685
862	689
862	734
862	745
862	782
862	811
862	889
862	902
862	966
862	967
862	981
863	14
863	142
863	307
863	494
863	633
863	636
863	683
863	689
863	766
863	821
863	838
863	920
863	943
863	953
863	986
863	990
863	996
864	177
864	250
864	511
864	527
864	566
864	587
864	623
864	693
864	741
864	746
864	780
864	784
864	867
864	892
864	912
864	946
864	974
865	262
865	452
865	476
865	618
865	745
865	747
865	755
865	757
865	762
865	838
865	868
865	885
865	893
865	918
865	960
865	984
865	987
865	994
866	98
866	428
866	545
866	737
866	755
866	757
866	834
866	838
866	855
866	868
866	908
866	918
866	924
866	931
866	971
866	987
866	994
866	999
867	241
867	325
867	579
867	641
867	675
867	736
867	781
867	789
867	828
867	864
867	924
867	952
867	965
867	968
867	985
867	989
867	992
867	998
868	290
868	696
868	702
868	737
868	757
868	822
868	834
868	865
868	866
868	885
868	901
868	908
868	910
868	960
868	970
868	985
868	987
868	994
869	206
869	310
869	389
869	450
869	660
869	662
869	719
869	722
869	844
869	888
869	894
869	899
869	909
869	940
869	948
869	958
869	972
869	998
870	22
870	89
870	191
870	354
870	374
870	404
870	460
870	478
870	665
870	677
870	724
870	778
870	827
870	834
870	894
870	949
870	969
870	1000
871	114
871	176
871	194
871	246
871	312
871	372
871	390
871	417
871	517
871	542
871	575
871	597
871	678
871	751
871	831
871	840
871	934
871	942
872	31
872	46
872	70
872	229
872	326
872	503
872	619
872	638
872	718
872	859
872	875
872	903
872	905
872	913
872	919
872	963
872	978
872	980
873	451
873	479
873	518
873	552
873	610
873	669
873	775
873	836
873	847
873	896
873	900
873	901
873	947
873	977
873	982
873	992
873	993
874	10
874	135
874	169
874	189
874	190
874	212
874	264
874	366
874	379
874	522
874	675
874	731
874	806
874	812
874	816
874	903
874	942
874	994
875	34
875	103
875	179
875	218
875	591
875	686
875	692
875	741
875	859
875	872
875	878
875	894
875	903
875	905
875	913
875	978
875	980
875	995
876	136
876	207
876	385
876	413
876	447
876	532
876	750
876	766
876	904
876	915
876	927
876	930
876	933
876	962
876	981
876	983
877	64
877	248
877	461
877	568
877	635
877	682
877	701
877	839
877	842
877	844
877	852
877	888
877	892
877	899
877	902
877	948
877	972
877	984
878	137
878	470
878	503
878	644
878	726
878	741
878	771
878	804
878	857
878	875
878	903
878	905
878	913
878	925
878	963
878	969
878	978
878	980
878	981
879	49
879	66
879	94
879	211
879	321
879	341
879	429
879	481
879	578
879	634
879	708
879	749
879	780
879	795
879	898
879	901
879	914
879	921
879	991
880	141
880	188
880	192
880	464
880	504
880	511
880	560
880	574
880	637
880	638
880	654
880	670
880	717
880	813
880	820
880	848
880	856
880	910
880	980
881	25
881	102
881	113
881	142
881	260
881	402
881	648
881	719
881	722
881	738
881	750
881	824
881	842
881	888
881	899
881	911
881	935
881	940
881	984
882	105
882	253
882	494
882	734
882	763
882	764
882	783
882	846
882	861
882	925
882	928
882	956
882	957
882	961
882	970
882	976
882	978
882	995
882	998
883	270
883	360
883	369
883	460
883	589
883	607
883	665
883	692
883	744
883	776
883	788
883	823
883	833
883	840
883	907
883	931
883	944
883	983
883	991
884	29
884	51
884	266
884	288
884	359
884	510
884	528
884	576
884	592
884	618
884	655
884	688
884	699
884	786
884	914
884	938
884	958
884	959
884	963
885	209
885	297
885	471
885	554
885	681
885	702
885	737
885	740
885	763
885	865
885	868
885	908
885	917
885	918
885	938
885	940
885	960
885	987
885	994
886	159
886	488
886	698
886	779
886	861
886	896
886	925
886	928
886	939
886	951
886	956
886	957
886	961
886	970
886	976
886	980
886	994
886	995
886	998
887	7
887	129
887	212
887	234
887	274
887	367
887	374
887	382
887	415
887	529
887	536
887	660
887	748
887	794
887	808
887	832
887	843
887	960
887	989
888	204
888	604
888	622
888	714
888	722
888	767
888	781
888	842
888	852
888	860
888	869
888	877
888	881
888	930
888	940
888	947
888	959
888	972
888	984
888	997
889	56
889	209
889	333
889	451
889	509
889	566
889	600
889	685
889	686
889	689
889	700
889	782
889	815
889	862
889	902
889	904
889	947
889	952
889	966
889	999
890	323
890	401
890	419
890	426
890	645
890	736
890	772
890	804
890	916
890	919
890	935
890	936
890	938
890	945
890	955
890	977
890	981
890	988
890	997
890	999
891	777
891	790
891	800
891	832
891	850
891	914
891	919
891	921
891	932
891	959
891	971
891	973
891	974
891	975
891	985
891	990
892	13
892	107
892	177
892	271
892	511
892	566
892	587
892	623
892	649
892	669
892	693
892	713
892	746
892	780
892	784
892	864
892	877
892	912
892	956
892	968
893	403
893	457
893	557
893	690
893	715
893	737
893	747
893	755
893	834
893	838
893	865
893	908
893	909
893	912
893	914
893	918
893	934
893	960
893	987
893	994
894	22
894	89
894	122
894	191
894	318
894	374
894	404
894	460
894	478
894	661
894	667
894	677
894	724
894	778
894	827
894	869
894	870
894	875
894	919
894	947
895	103
895	348
895	411
895	438
895	476
895	493
895	584
895	586
895	712
895	731
895	770
895	803
895	839
895	923
895	927
895	939
895	946
895	950
895	962
895	970
896	38
896	113
896	130
896	272
896	451
896	518
896	552
896	565
896	610
896	660
896	669
896	770
896	775
896	836
896	873
896	886
896	900
896	901
896	943
896	968
897	88
897	411
897	424
897	525
897	561
897	582
897	689
897	691
897	808
897	818
897	839
897	842
897	904
897	935
897	938
897	954
897	955
897	988
897	999
897	1000
898	41
898	141
898	181
898	257
898	347
898	384
898	386
898	472
898	486
898	490
898	575
898	624
898	703
898	740
898	805
898	820
898	841
898	860
898	879
898	915
898	993
899	221
899	262
899	376
899	389
899	568
899	622
899	656
899	691
899	719
899	750
899	767
899	831
899	842
899	844
899	869
899	877
899	881
899	948
899	972
899	974
899	993
900	6
900	38
900	113
900	130
900	347
900	451
900	502
900	518
900	552
900	610
900	669
900	775
900	836
900	873
900	896
900	901
900	949
900	961
900	966
900	970
900	997
901	6
901	38
901	113
901	130
901	398
901	417
901	451
901	496
901	518
901	552
901	610
901	669
901	775
901	836
901	868
901	873
901	879
901	896
901	900
901	956
901	999
902	151
902	174
902	337
902	378
902	380
902	483
902	551
902	600
902	603
902	613
902	628
902	689
902	745
902	754
902	793
902	811
902	862
902	877
902	889
902	967
902	993
903	111
903	217
903	229
903	305
903	378
903	462
903	741
903	859
903	872
903	874
903	875
903	878
903	905
903	913
903	949
903	963
903	978
903	980
903	984
903	987
903	991
904	82
904	139
904	201
904	337
904	343
904	385
904	413
904	474
904	491
904	497
904	544
904	750
904	766
904	876
904	889
904	897
904	915
904	927
904	930
904	933
904	989
905	148
905	281
905	471
905	485
905	498
905	591
905	859
905	872
905	875
905	878
905	903
905	913
905	928
905	929
905	938
905	963
905	978
905	980
905	986
905	987
905	995
906	245
906	425
906	507
906	549
906	572
906	630
906	642
906	653
906	657
906	718
906	726
906	776
906	824
906	840
906	860
906	929
906	934
906	947
906	992
907	49
907	112
907	198
907	232
907	445
907	535
907	536
907	570
907	706
907	745
907	752
907	759
907	762
907	788
907	823
907	840
907	883
907	926
907	931
907	941
907	944
907	983
908	197
908	377
908	385
908	471
908	524
908	702
908	703
908	737
908	747
908	771
908	794
908	838
908	866
908	868
908	885
908	893
908	918
908	941
908	960
908	983
908	987
908	994
909	105
909	153
909	217
909	295
909	523
909	535
909	541
909	558
909	569
909	640
909	714
909	771
909	794
909	825
909	849
909	869
909	893
909	922
909	940
909	949
909	955
909	991
910	26
910	95
910	163
910	188
910	192
910	361
910	464
910	532
910	560
910	574
910	637
910	638
910	670
910	734
910	813
910	848
910	856
910	868
910	880
910	970
910	980
910	983
911	97
911	135
911	267
911	362
911	501
911	554
911	561
911	596
911	616
911	632
911	742
911	801
911	826
911	837
911	843
911	855
911	881
911	974
911	975
911	979
911	985
911	996
912	13
912	56
912	108
912	177
912	511
912	566
912	587
912	623
912	649
912	668
912	693
912	746
912	780
912	784
912	831
912	864
912	892
912	893
912	931
912	957
912	966
912	996
913	34
913	74
913	505
913	518
913	563
913	614
913	619
913	632
913	644
913	720
913	726
913	741
913	789
913	802
913	859
913	872
913	875
913	878
913	903
913	905
913	963
913	978
913	980
914	47
914	49
914	138
914	211
914	317
914	341
914	397
914	429
914	481
914	559
914	578
914	590
914	708
914	749
914	780
914	795
914	809
914	879
914	884
914	891
914	893
914	977
914	980
915	65
915	82
915	173
915	183
915	286
915	385
915	393
915	440
915	544
915	663
915	750
915	766
915	790
915	817
915	876
915	898
915	904
915	927
915	930
915	933
915	948
915	968
915	995
916	194
916	245
916	340
916	543
916	585
916	602
916	672
916	761
916	808
916	833
916	890
916	938
916	945
916	954
916	955
916	958
916	970
916	976
916	977
916	981
916	993
916	999
916	1000
917	62
917	133
917	134
917	159
917	469
917	494
917	562
917	593
917	615
917	626
917	654
917	656
917	687
917	761
917	790
917	826
917	858
917	885
917	920
917	944
917	953
917	986
917	996
918	149
918	349
918	456
918	466
918	471
918	526
918	567
918	571
918	620
918	690
918	761
918	762
918	834
918	865
918	866
918	885
918	893
918	908
918	921
918	951
918	960
918	987
918	994
919	491
919	552
919	608
919	620
919	648
919	673
919	704
919	721
919	739
919	777
919	844
919	847
919	850
919	872
919	890
919	891
919	894
919	921
919	932
919	959
919	971
919	973
919	990
920	214
920	258
920	307
920	383
920	475
920	494
920	593
920	619
920	654
920	683
920	696
920	776
920	796
920	798
920	803
920	842
920	848
920	858
920	860
920	863
920	917
920	943
920	986
920	996
921	236
921	380
921	402
921	513
921	515
921	666
921	704
921	721
921	739
921	763
921	777
921	850
921	879
921	891
921	918
921	919
921	932
921	952
921	959
921	971
921	973
921	990
921	1000
922	120
922	132
922	138
922	190
922	263
922	292
922	295
922	396
922	414
922	422
922	504
922	523
922	541
922	558
922	564
922	631
922	637
922	716
922	794
922	799
922	825
922	909
922	926
922	954
923	33
923	126
923	195
923	312
923	476
923	630
923	651
923	665
923	670
923	712
923	756
923	757
923	770
923	802
923	803
923	839
923	895
923	939
923	946
923	950
923	962
923	992
923	996
923	1000
924	23
924	154
924	242
924	252
924	313
924	396
924	402
924	423
924	531
924	625
924	675
924	709
924	781
924	789
924	841
924	844
924	866
924	867
924	945
924	952
924	965
924	968
924	981
924	989
924	992
925	58
925	140
925	384
925	583
925	590
925	628
925	670
925	712
925	783
925	851
925	861
925	878
925	882
925	886
925	928
925	942
925	945
925	946
925	951
925	953
925	957
925	970
925	976
925	995
925	998
926	9
926	139
926	146
926	198
926	285
926	340
926	388
926	434
926	436
926	570
926	706
926	744
926	752
926	759
926	760
926	788
926	823
926	828
926	833
926	907
926	922
926	931
926	944
926	983
926	991
927	82
927	173
927	183
927	307
927	335
927	375
927	383
927	393
927	440
927	474
927	491
927	517
927	544
927	689
927	750
927	766
927	876
927	895
927	904
927	915
927	929
927	930
927	933
927	973
927	983
928	240
928	419
928	480
928	592
928	611
928	779
928	835
928	846
928	855
928	861
928	882
928	886
928	905
928	925
928	942
928	951
928	956
928	957
928	961
928	970
928	976
928	979
928	981
928	995
928	998
929	65
929	86
929	91
929	136
929	224
929	425
929	454
929	507
929	549
929	572
929	639
929	642
929	653
929	657
929	718
929	807
929	824
929	852
929	905
929	906
929	927
929	934
929	947
929	952
929	983
929	986
930	286
930	353
930	375
930	385
930	393
930	413
930	440
930	474
930	491
930	539
930	544
930	566
930	709
930	750
930	766
930	767
930	876
930	888
930	904
930	915
930	927
930	933
930	937
930	945
930	982
930	1000
931	112
931	144
931	339
931	346
931	388
931	434
931	523
931	744
931	752
931	760
931	788
931	815
931	823
931	831
931	833
931	860
931	866
931	883
931	907
931	912
931	926
931	943
931	944
931	958
931	960
931	983
932	333
932	411
932	445
932	493
932	538
932	620
932	648
932	666
932	673
932	681
932	721
932	739
932	777
932	783
932	850
932	891
932	919
932	921
932	941
932	959
932	967
932	971
932	973
932	974
932	990
932	998
933	90
933	129
933	173
933	207
933	286
933	316
933	353
933	375
933	393
933	413
933	440
933	474
933	491
933	741
933	750
933	765
933	766
933	843
933	876
933	904
933	915
933	927
933	930
933	938
933	994
933	997
934	62
934	86
934	91
934	196
934	224
934	425
934	507
934	549
934	568
934	572
934	580
934	642
934	653
934	657
934	718
934	788
934	807
934	824
934	871
934	893
934	906
934	929
934	937
934	947
934	982
934	985
935	150
935	167
935	205
935	286
935	421
935	496
935	498
935	506
935	519
935	520
935	532
935	606
935	612
935	818
935	861
935	881
935	890
935	897
935	938
935	945
935	954
935	955
935	958
935	977
935	981
935	988
935	999
936	9
936	628
936	651
936	844
936	847
936	849
936	854
936	890
936	937
936	941
936	949
936	955
936	964
936	969
936	974
936	975
936	979
936	982
936	991
936	993
936	997
936	1000
937	162
937	639
937	672
937	673
937	704
937	853
937	930
937	934
937	936
937	941
937	947
937	949
937	964
937	968
937	969
937	974
937	975
937	982
937	991
937	993
937	997
938	92
938	99
938	150
938	411
938	585
938	646
938	664
938	808
938	884
938	885
938	890
938	897
938	905
938	916
938	933
938	935
938	945
938	954
938	955
938	958
938	959
938	976
938	981
938	982
938	988
938	998
938	999
938	1000
939	2
939	82
939	143
939	152
939	195
939	382
939	388
939	438
939	445
939	493
939	515
939	584
939	665
939	712
939	713
939	756
939	770
939	773
939	802
939	803
939	839
939	886
939	895
939	923
939	946
939	950
939	959
939	988
940	3
940	25
940	64
940	189
940	402
940	450
940	482
940	547
940	622
940	643
940	701
940	714
940	719
940	767
940	774
940	810
940	844
940	869
940	881
940	885
940	888
940	909
940	945
940	948
940	951
940	960
940	972
940	977
941	444
941	570
941	634
941	847
941	854
941	907
941	908
941	932
941	936
941	937
941	949
941	953
941	964
941	969
941	974
941	975
941	981
941	982
941	991
941	992
941	993
941	997
941	998
942	364
942	399
942	530
942	655
942	734
942	768
942	792
942	835
942	846
942	851
942	858
942	861
942	871
942	874
942	925
942	928
942	951
942	954
942	956
942	957
942	961
942	965
942	970
942	976
942	979
942	984
942	995
942	998
943	14
943	261
943	432
943	593
943	626
943	656
943	680
943	695
943	700
943	761
943	764
943	790
943	796
943	798
943	800
943	814
943	821
943	857
943	858
943	863
943	896
943	920
943	931
943	953
943	959
943	968
943	986
943	996
944	270
944	340
944	343
944	346
944	360
944	427
944	468
944	500
944	536
944	597
944	606
944	607
944	744
944	759
944	760
944	783
944	788
944	831
944	846
944	883
944	907
944	917
944	926
944	931
944	965
944	972
944	983
944	993
945	54
945	101
945	161
945	435
945	463
945	466
945	506
945	595
945	621
945	793
945	826
945	890
945	916
945	924
945	925
945	930
945	935
945	938
945	940
945	954
945	955
945	958
945	972
945	973
945	977
945	981
945	988
945	999
945	1000
946	30
946	152
946	203
946	372
946	493
946	520
946	539
946	584
946	599
946	630
946	708
946	735
946	756
946	770
946	781
946	802
946	803
946	819
946	839
946	864
946	895
946	923
946	925
946	939
946	950
946	962
946	963
946	968
946	1000
947	62
947	65
947	86
947	91
947	136
947	196
947	224
947	425
947	437
947	507
947	549
947	572
947	573
947	642
947	653
947	657
947	718
947	784
947	824
947	825
947	852
947	873
947	888
947	889
947	894
947	906
947	929
947	934
947	937
948	166
948	260
948	310
948	323
948	361
948	402
948	461
948	714
948	721
948	722
948	760
948	767
948	779
948	809
948	810
948	842
948	844
948	852
948	869
948	877
948	899
948	915
948	940
948	958
948	961
948	972
948	980
948	984
948	994
949	577
949	688
949	733
949	815
949	820
949	847
949	854
949	870
949	900
949	903
949	909
949	936
949	937
949	941
949	964
949	969
949	974
949	975
949	981
949	982
949	988
949	991
949	993
949	997
949	999
950	2
950	13
950	84
950	186
950	203
950	317
950	493
950	520
950	539
950	564
950	584
950	599
950	626
950	630
950	665
950	712
950	715
950	746
950	756
950	802
950	803
950	835
950	839
950	895
950	923
950	939
950	946
950	962
950	966
950	977
951	58
951	88
951	144
951	540
951	734
951	773
951	779
951	783
951	792
951	798
951	835
951	836
951	846
951	850
951	886
951	918
951	925
951	928
951	940
951	942
951	957
951	961
951	969
951	970
951	976
951	977
951	989
951	995
951	996
951	998
952	6
952	97
952	314
952	356
952	531
952	537
952	554
952	593
952	601
952	625
952	639
952	641
952	659
952	675
952	709
952	713
952	781
952	789
952	802
952	828
952	849
952	867
952	889
952	921
952	924
952	929
952	964
952	965
952	968
952	989
952	992
953	56
953	134
953	261
953	309
953	348
953	375
953	383
953	432
953	475
953	490
953	507
953	633
953	636
953	680
953	683
953	702
953	709
953	761
953	780
953	790
953	791
953	798
953	821
953	858
953	863
953	917
953	925
953	941
953	943
953	986
953	996
954	215
954	435
954	485
954	523
954	595
954	602
954	672
954	691
954	704
954	708
954	736
954	739
954	804
954	854
954	897
954	916
954	922
954	935
954	938
954	942
954	945
954	955
954	958
954	971
954	977
954	981
954	984
954	986
954	988
954	999
954	1000
955	24
955	42
955	124
955	296
955	331
955	411
955	430
955	457
955	466
955	496
955	535
955	736
955	785
955	818
955	890
955	897
955	909
955	916
955	935
955	936
955	938
955	945
955	954
955	958
955	970
955	977
955	981
955	983
955	988
955	999
955	1000
956	217
956	311
956	333
956	391
956	480
956	508
956	540
956	604
956	613
956	668
956	734
956	773
956	779
956	833
956	835
956	846
956	851
956	858
956	882
956	886
956	892
956	901
956	928
956	942
956	957
956	961
956	966
956	970
956	976
956	995
956	998
957	257
957	295
957	297
957	311
957	364
957	399
957	583
957	627
957	753
957	783
957	788
957	802
957	812
957	835
957	846
957	850
957	851
957	861
957	882
957	886
957	912
957	925
957	928
957	942
957	951
957	956
957	961
957	967
957	970
957	976
957	995
957	998
958	81
958	299
958	315
958	435
958	457
958	466
958	474
958	496
958	543
958	582
958	612
958	646
958	676
958	792
958	802
958	804
958	835
958	869
958	884
958	916
958	931
958	935
958	938
958	945
958	948
958	954
958	955
958	977
958	981
958	988
958	999
958	1000
959	68
959	184
959	203
959	401
959	408
959	513
959	538
959	620
959	648
959	666
959	673
959	697
959	704
959	721
959	739
959	759
959	777
959	824
959	848
959	850
959	884
959	888
959	891
959	919
959	921
959	932
959	938
959	939
959	943
959	971
959	973
959	990
959	996
960	194
960	202
960	228
960	292
960	328
960	428
960	441
960	456
960	526
960	580
960	702
960	715
960	722
960	737
960	747
960	757
960	763
960	806
960	832
960	834
960	838
960	865
960	868
960	885
960	887
960	893
960	908
960	918
960	931
960	940
960	976
960	987
960	994
961	88
961	180
961	239
961	397
961	422
961	444
961	470
961	471
961	540
961	583
961	668
961	773
961	779
961	834
961	835
961	846
961	851
961	855
961	861
961	882
961	886
961	900
961	928
961	942
961	948
961	951
961	956
961	957
961	970
961	976
961	986
961	995
961	997
961	998
962	30
962	86
962	143
962	152
962	195
962	203
962	220
962	329
962	391
962	438
962	476
962	499
962	520
962	539
962	584
962	630
962	665
962	672
962	694
962	712
962	756
962	770
962	780
962	792
962	802
962	803
962	839
962	861
962	876
962	895
962	923
962	946
962	950
962	988
963	39
963	126
963	214
963	229
963	259
963	275
963	440
963	470
963	485
963	498
963	503
963	563
963	591
963	619
963	644
963	707
963	726
963	741
963	749
963	771
963	823
963	859
963	872
963	878
963	884
963	903
963	905
963	913
963	946
963	974
963	978
963	979
963	980
963	981
964	151
964	188
964	244
964	371
964	578
964	594
964	602
964	648
964	681
964	728
964	764
964	774
964	799
964	806
964	820
964	837
964	847
964	854
964	936
964	937
964	941
964	949
964	952
964	969
964	974
964	975
964	982
964	991
964	993
964	997
965	27
965	199
965	220
965	277
965	313
965	314
965	328
965	387
965	423
965	531
965	537
965	545
965	573
965	625
965	639
965	641
965	659
965	675
965	709
965	713
965	754
965	781
965	812
965	828
965	867
965	924
965	942
965	944
965	952
965	968
965	976
965	984
965	985
965	989
965	992
965	999
966	63
966	126
966	127
966	168
966	278
966	327
966	337
966	483
966	487
966	512
966	527
966	553
966	575
966	603
966	605
966	613
966	628
966	676
966	687
966	689
966	694
966	700
966	705
966	715
966	782
966	793
966	811
966	815
966	830
966	862
966	889
966	900
966	912
966	950
966	956
966	967
967	33
967	63
967	127
967	150
967	209
967	321
967	327
967	380
967	391
967	509
967	512
967	518
967	546
967	600
967	603
967	605
967	685
967	687
967	689
967	724
967	744
967	745
967	768
967	782
967	793
967	803
967	805
967	815
967	862
967	902
967	932
967	957
967	966
967	968
967	971
967	980
968	28
968	117
968	306
968	313
968	328
968	379
968	387
968	423
968	464
968	537
968	545
968	601
968	625
968	639
968	641
968	659
968	713
968	747
968	781
968	789
968	810
968	828
968	867
968	892
968	896
968	915
968	924
968	937
968	943
968	946
968	952
968	965
968	967
968	989
968	992
968	994
969	23
969	92
969	114
969	160
969	219
969	223
969	247
969	322
969	356
969	371
969	398
969	400
969	553
969	608
969	650
969	681
969	728
969	745
969	764
969	818
969	820
969	847
969	854
969	870
969	878
969	936
969	937
969	941
969	949
969	951
969	964
969	974
969	975
969	982
969	991
969	993
969	997
970	21
970	125
970	287
970	326
970	364
970	431
970	454
970	540
970	666
970	668
970	773
970	792
970	813
970	834
970	835
970	846
970	851
970	861
970	868
970	882
970	886
970	895
970	900
970	910
970	916
970	925
970	928
970	942
970	951
970	955
970	956
970	957
970	961
970	976
970	981
970	995
970	998
971	68
971	119
971	155
971	164
971	211
971	243
971	322
971	408
971	445
971	479
971	480
971	513
971	538
971	620
971	648
971	666
971	673
971	685
971	704
971	721
971	739
971	767
971	777
971	828
971	850
971	866
971	891
971	919
971	921
971	932
971	954
971	959
971	967
971	972
971	973
971	990
971	996
972	64
972	102
972	137
972	146
972	200
972	260
972	323
972	345
972	346
972	352
972	376
972	389
972	396
972	425
972	461
972	502
972	524
972	568
972	622
972	643
972	662
972	714
972	719
972	767
972	810
972	842
972	844
972	869
972	877
972	888
972	899
972	940
972	944
972	945
972	948
972	971
972	984
972	992
973	119
973	155
973	184
973	186
973	193
973	243
973	408
973	445
973	473
973	513
973	538
973	602
973	620
973	631
973	648
973	666
973	672
973	673
973	675
973	691
973	704
973	721
973	739
973	777
973	845
973	850
973	891
973	919
973	921
973	927
973	932
973	945
973	959
973	971
973	986
973	987
973	988
973	990
974	5
974	8
974	16
974	259
974	269
974	329
974	331
974	350
974	352
974	500
974	503
974	559
974	607
974	622
974	681
974	694
974	728
974	764
974	820
974	847
974	854
974	864
974	891
974	899
974	911
974	932
974	936
974	937
974	941
974	949
974	963
974	964
974	969
974	975
974	982
974	991
974	993
974	997
975	2
975	10
975	20
975	136
975	219
975	223
975	251
975	319
975	322
975	371
975	467
975	474
975	500
975	564
975	640
975	681
975	728
975	764
975	775
975	781
975	820
975	845
975	847
975	854
975	891
975	911
975	936
975	937
975	941
975	949
975	964
975	969
975	974
975	981
975	982
975	991
975	993
975	997
976	57
976	180
976	250
976	375
976	401
976	540
976	598
976	613
976	649
976	668
976	678
976	734
976	773
976	779
976	783
976	785
976	792
976	799
976	835
976	838
976	846
976	851
976	861
976	882
976	886
976	916
976	925
976	928
976	938
976	942
976	951
976	956
976	957
976	960
976	961
976	965
976	970
976	995
976	998
977	109
977	189
977	193
977	215
977	219
977	251
977	294
977	328
977	401
977	421
977	457
977	468
977	585
977	612
977	646
977	672
977	691
977	736
977	804
977	808
977	829
977	839
977	850
977	873
977	890
977	914
977	916
977	935
977	940
977	945
977	950
977	951
977	954
977	955
977	958
977	981
977	987
977	999
977	1000
978	17
978	31
978	39
978	78
978	111
978	126
978	148
978	179
978	207
978	213
978	214
978	305
978	403
978	470
978	480
978	485
978	495
978	519
978	563
978	591
978	611
978	619
978	644
978	726
978	741
978	749
978	811
978	859
978	872
978	875
978	878
978	882
978	903
978	905
978	913
978	963
978	980
978	982
978	991
979	18
979	41
979	96
979	173
979	199
979	267
979	394
979	395
979	405
979	436
979	449
979	499
979	505
979	554
979	561
979	571
979	577
979	586
979	598
979	609
979	621
979	632
979	679
979	713
979	734
979	751
979	752
979	761
979	801
979	826
979	843
979	855
979	911
979	928
979	936
979	942
979	963
979	985
979	994
980	17
980	18
980	46
980	111
980	179
980	214
980	305
980	344
980	378
980	404
980	470
980	485
980	498
980	503
980	510
980	563
980	591
980	619
980	644
980	684
980	726
980	741
980	787
980	804
980	859
980	872
980	875
980	878
980	880
980	886
980	903
980	905
980	910
980	913
980	914
980	948
980	963
980	967
980	978
980	998
981	54
981	185
981	285
981	294
981	424
981	426
981	543
981	582
981	602
981	612
981	660
981	672
981	678
981	691
981	775
981	804
981	818
981	862
981	876
981	878
981	890
981	916
981	924
981	928
981	935
981	938
981	941
981	945
981	949
981	954
981	955
981	958
981	963
981	970
981	975
981	977
981	982
981	988
981	999
981	1000
982	26
982	77
982	120
982	171
982	269
982	302
982	331
982	352
982	356
982	373
982	398
982	400
982	500
982	614
982	681
982	728
982	731
982	764
982	820
982	847
982	852
982	854
982	873
982	930
982	934
982	936
982	937
982	938
982	941
982	949
982	964
982	969
982	974
982	975
982	978
982	981
982	991
982	993
982	997
982	999
983	11
983	112
983	183
983	232
983	255
983	270
983	340
983	343
983	346
983	388
983	427
983	434
983	468
983	570
983	589
983	607
983	650
983	706
983	744
983	759
983	760
983	803
983	823
983	831
983	832
983	833
983	848
983	876
983	883
983	907
983	908
983	910
983	926
983	927
983	929
983	931
983	944
983	955
983	984
983	987
983	991
984	50
984	70
984	114
984	137
984	166
984	178
984	196
984	231
984	262
984	310
984	323
984	376
984	389
984	402
984	450
984	461
984	556
984	585
984	622
984	662
984	667
984	701
984	722
984	767
984	810
984	842
984	844
984	852
984	865
984	877
984	881
984	888
984	903
984	942
984	948
984	954
984	965
984	972
984	983
984	990
984	993
985	28
985	96
985	97
985	106
985	140
985	165
985	199
985	236
985	273
985	310
985	395
985	405
985	431
985	435
985	436
985	499
985	505
985	550
985	561
985	586
985	598
985	609
985	621
985	679
985	694
985	708
985	816
985	826
985	837
985	843
985	855
985	867
985	868
985	891
985	911
985	934
985	965
985	979
985	994
985	998
985	999
986	14
986	22
986	52
986	84
986	109
986	206
986	406
986	410
986	432
986	475
986	494
986	562
986	581
986	626
986	633
986	636
986	643
986	654
986	677
986	680
986	682
986	683
986	790
986	796
986	804
986	811
986	820
986	821
986	825
986	858
986	863
986	905
986	917
986	920
986	929
986	943
986	953
986	954
986	961
986	973
986	990
986	996
987	119
987	202
987	226
987	297
987	299
987	349
987	350
987	370
987	410
987	417
987	428
987	432
987	452
987	471
987	526
987	574
987	580
987	690
987	693
987	702
987	715
987	755
987	757
987	762
987	763
987	822
987	834
987	838
987	865
987	866
987	868
987	885
987	893
987	903
987	905
987	908
987	918
987	960
987	973
987	977
987	983
987	994
988	10
988	185
988	193
988	256
988	285
988	294
988	296
988	424
988	426
988	457
988	531
988	585
988	595
988	602
988	646
988	687
988	728
988	733
988	736
988	760
988	801
988	804
988	808
988	818
988	834
988	835
988	836
988	890
988	897
988	935
988	938
988	939
988	945
988	949
988	954
988	955
988	958
988	962
988	973
988	981
988	999
988	1000
989	83
989	117
989	242
989	274
989	277
989	281
989	283
989	306
989	313
989	314
989	328
989	360
989	387
989	406
989	448
989	531
989	537
989	545
989	576
989	599
989	601
989	625
989	639
989	641
989	659
989	675
989	709
989	713
989	758
989	782
989	789
989	816
989	828
989	847
989	867
989	887
989	904
989	924
989	951
989	952
989	965
989	968
989	992
990	34
990	68
990	119
990	155
990	164
990	184
990	186
990	200
990	243
990	408
990	422
990	433
990	445
990	459
990	498
990	513
990	538
990	610
990	620
990	635
990	646
990	648
990	653
990	666
990	673
990	704
990	721
990	739
990	740
990	777
990	850
990	863
990	891
990	919
990	921
990	932
990	959
990	971
990	973
990	984
990	986
990	995
990	1000
991	5
991	8
991	93
991	219
991	223
991	259
991	269
991	299
991	302
991	319
991	356
991	373
991	400
991	459
991	526
991	564
991	573
991	587
991	681
991	683
991	692
991	728
991	764
991	793
991	820
991	847
991	854
991	879
991	883
991	903
991	909
991	926
991	936
991	937
991	941
991	949
991	964
991	969
991	974
991	975
991	978
991	982
991	983
991	993
991	997
992	23
992	48
992	117
992	121
992	160
992	180
992	242
992	269
992	277
992	306
992	314
992	387
992	423
992	434
992	448
992	531
992	537
992	545
992	550
992	601
992	625
992	639
992	641
992	659
992	675
992	709
992	712
992	713
992	732
992	781
992	786
992	789
992	813
992	828
992	867
992	873
992	906
992	923
992	924
992	941
992	952
992	965
992	968
992	972
992	989
993	4
993	5
993	16
993	20
993	93
993	219
993	249
993	302
993	319
993	331
993	356
993	373
993	384
993	398
993	431
993	500
993	527
993	530
993	564
993	591
993	708
993	728
993	764
993	790
993	795
993	820
993	847
993	854
993	873
993	898
993	899
993	902
993	916
993	936
993	937
993	941
993	944
993	949
993	964
993	969
993	974
993	975
993	982
993	984
993	991
993	997
994	151
994	197
994	202
994	228
994	288
994	297
994	299
994	343
994	349
994	350
994	428
994	452
994	456
994	507
994	526
994	580
994	654
994	690
994	694
994	715
994	732
994	737
994	747
994	755
994	757
994	763
994	806
994	825
994	826
994	834
994	838
994	865
994	866
994	868
994	874
994	885
994	886
994	893
994	908
994	918
994	933
994	948
994	960
994	968
994	979
994	985
994	987
995	21
995	180
995	250
995	264
995	287
995	309
995	364
995	399
995	454
995	480
995	535
995	583
995	597
995	658
995	659
995	668
995	677
995	730
995	734
995	779
995	783
995	792
995	800
995	827
995	835
995	837
995	845
995	846
995	851
995	861
995	875
995	882
995	886
995	905
995	915
995	925
995	928
995	942
995	951
995	956
995	957
995	961
995	970
995	976
995	990
995	997
995	998
996	55
996	84
996	109
996	159
996	206
996	216
996	261
996	348
996	349
996	362
996	383
996	410
996	432
996	454
996	477
996	488
996	494
996	562
996	563
996	593
996	597
996	626
996	633
996	636
996	654
996	656
996	677
996	682
996	683
996	761
996	776
996	782
996	790
996	796
996	821
996	858
996	863
996	911
996	912
996	917
996	920
996	923
996	943
996	951
996	953
996	959
996	971
996	986
997	4
997	8
997	16
997	223
997	259
997	296
997	302
997	322
997	352
997	371
997	373
997	398
997	400
997	443
997	500
997	564
997	571
997	583
997	589
997	681
997	728
997	730
997	755
997	764
997	820
997	823
997	847
997	854
997	856
997	857
997	888
997	890
997	900
997	933
997	936
997	937
997	941
997	949
997	961
997	964
997	969
997	974
997	975
997	982
997	991
997	993
997	995
997	1000
998	21
998	58
998	250
998	261
998	287
998	311
998	384
998	399
998	409
998	454
998	480
998	578
998	583
998	598
998	609
998	662
998	668
998	696
998	716
998	734
998	747
998	770
998	773
998	779
998	783
998	792
998	835
998	846
998	851
998	861
998	867
998	869
998	882
998	886
998	925
998	928
998	932
998	938
998	941
998	942
998	951
998	956
998	957
998	961
998	970
998	976
998	980
998	985
998	995
999	92
999	99
999	101
999	175
999	193
999	218
999	251
999	267
999	285
999	353
999	411
999	421
999	496
999	506
999	543
999	582
999	612
999	646
999	652
999	672
999	691
999	717
999	718
999	736
999	750
999	758
999	804
999	808
999	818
999	833
999	866
999	889
999	890
999	897
999	901
999	916
999	935
999	938
999	945
999	949
999	954
999	955
999	958
999	965
999	977
999	981
999	982
999	985
999	988
1000	54
1000	92
1000	150
1000	185
1000	215
1000	358
1000	401
1000	424
1000	426
1000	435
1000	457
1000	466
1000	496
1000	506
1000	514
1000	534
1000	541
1000	582
1000	583
1000	585
1000	595
1000	602
1000	691
1000	702
1000	736
1000	804
1000	805
1000	808
1000	818
1000	833
1000	853
1000	870
1000	897
1000	916
1000	921
1000	923
1000	930
1000	936
1000	938
1000	945
1000	946
1000	954
1000	955
1000	958
1000	977
1000	981
1000	988
1000	990
1000	997
