1	867
1	947
1	956
1	993
2	761
2	902
2	920
2	1000
3	669
3	681
3	769
3	986
4	829
4	940
4	954
4	996
5	415
5	918
5	943
5	986
6	85
6	422
6	737
6	852
7	482
7	680
7	958
7	980
8	13
8	606
8	816
8	917
9	69
9	304
9	588
9	998
10	326
10	529
10	629
10	782
11	207
11	362
11	728
11	964
12	385
12	896
12	940
12	994
13	8
13	122
13	374
13	606
14	516
14	944
14	989
14	996
15	480
15	513
15	774
15	874
16	403
16	499
16	543
16	644
17	49
17	867
17	894
17	920
18	631
18	736
18	882
18	931
19	455
19	681
19	769
19	796
20	661
20	779
20	815
20	998
21	413
21	583
21	669
21	825
22	932
22	936
22	974
22	1000
23	56
23	972
23	975
23	980
24	29
24	964
24	965
24	966
25	53
25	570
25	977
25	998
26	276
26	421
26	743
26	836
27	425
27	576
27	627
27	993
28	258
28	713
28	837
28	987
29	24
29	757
29	776
29	817
30	120
30	960
30	977
30	994
31	423
31	676
31	815
31	913
32	678
32	883
32	927
32	979
33	469
33	954
33	976
33	992
34	794
34	826
34	838
34	939
35	299
35	484
35	698
35	941
36	555
36	561
36	566
36	569
37	547
37	741
37	818
37	936
38	236
38	577
38	946
38	988
39	661
39	687
39	728
39	919
40	968
40	978
40	986
40	998
41	78
41	501
41	629
41	889
42	858
42	922
42	930
42	980
43	251
43	434
43	921
43	937
44	415
44	672
44	696
44	965
45	119
45	281
45	302
45	736
46	265
46	719
46	783
46	989
47	115
47	932
47	982
47	996
48	546
48	947
48	963
48	975
49	17
49	612
49	647
49	702
50	274
50	382
50	541
50	603
51	394
51	522
51	955
51	993
52	598
52	957
52	978
52	991
53	25
53	74
53	101
53	572
54	144
54	301
54	403
54	543
55	622
55	879
55	949
55	951
56	23
56	880
56	987
56	997
57	245
57	686
57	693
57	825
58	226
58	681
58	796
58	799
59	142
59	611
59	943
59	986
60	766
60	800
60	953
60	989
61	108
61	234
61	804
61	985
62	523
62	658
62	689
62	871
63	793
63	914
63	918
63	989
64	592
64	881
64	958
64	986
65	835
65	865
65	937
65	939
66	225
66	578
66	756
66	765
67	700
67	746
67	877
67	903
68	626
68	690
68	708
68	776
69	9
69	380
69	588
69	997
70	462
70	918
70	920
70	966
71	626
71	690
71	708
71	777
72	264
72	451
72	621
72	980
73	837
73	930
73	952
73	990
74	53
74	355
74	572
74	966
75	719
75	886
75	922
75	961
76	472
76	638
76	902
76	914
77	124
77	553
77	843
77	973
78	41
78	669
78	782
78	972
79	200
79	931
79	985
79	989
80	534
80	782
80	819
80	825
81	480
81	638
81	651
81	960
82	790
82	914
82	918
82	940
83	709
83	867
83	978
83	991
84	464
84	706
84	770
84	859
85	6
85	506
85	764
85	971
86	178
86	838
86	915
86	939
87	157
87	710
87	990
87	995
88	297
88	900
88	931
88	979
89	528
89	547
89	741
89	779
90	135
90	687
90	919
90	993
91	704
91	776
91	822
91	983
92	239
92	913
92	960
92	984
93	275
93	288
93	945
93	973
94	880
94	890
94	909
94	992
95	958
95	971
95	981
95	998
96	594
96	785
96	961
96	973
97	707
97	791
97	873
97	958
98	447
98	817
98	876
98	983
99	471
99	520
99	641
99	901
100	864
100	892
100	987
100	999
101	53
101	355
101	572
101	639
102	276
102	458
102	533
102	574
103	307
103	394
103	751
103	787
104	264
104	422
104	506
104	659
105	813
105	817
105	903
105	926
106	697
106	742
106	842
106	923
107	357
107	924
107	937
107	990
108	61
108	789
108	922
108	993
109	563
109	796
109	946
109	964
110	311
110	533
110	574
110	969
111	192
111	729
111	804
111	985
112	315
112	564
112	712
112	877
113	649
113	673
113	777
113	999
114	142
114	855
114	929
114	995
115	47
115	501
115	629
115	991
116	897
116	911
116	972
116	984
117	688
117	811
117	928
117	982
118	382
118	541
118	603
118	704
119	45
119	585
119	735
119	931
120	30
120	944
120	994
120	998
121	270
121	880
121	900
121	948
122	13
122	230
122	374
122	606
123	737
123	826
123	992
123	1000
124	77
124	898
124	945
124	984
125	460
125	518
125	978
125	991
126	409
126	576
126	776
126	909
127	416
127	829
127	934
127	1000
128	303
128	894
128	967
128	981
129	677
129	790
129	963
129	979
130	503
130	596
130	836
130	967
131	312
131	779
131	815
131	942
132	222
132	517
132	665
132	814
133	756
133	950
133	977
133	989
134	889
134	977
134	988
134	998
135	90
135	895
135	952
135	985
136	304
136	380
136	588
136	784
137	232
137	373
137	595
137	600
138	630
138	710
138	876
138	951
139	254
139	723
139	967
139	971
140	155
140	733
140	866
140	989
141	784
141	886
141	936
141	941
142	59
142	114
142	734
142	974
143	463
143	963
143	966
143	983
144	54
144	813
144	910
144	981
145	359
145	881
145	897
145	986
146	245
146	577
146	651
146	901
147	439
147	541
147	603
147	926
148	341
148	779
148	815
148	859
149	397
149	528
149	741
149	874
150	585
150	687
150	809
150	919
151	773
151	834
151	887
151	901
152	350
152	840
152	892
152	939
153	462
153	725
153	977
153	978
154	730
154	954
154	992
154	1000
155	140
155	705
155	784
155	822
156	553
156	869
156	918
156	986
157	87
157	261
157	582
157	666
158	501
158	581
158	629
158	692
159	392
159	499
159	563
159	990
160	488
160	931
160	935
160	991
161	473
161	885
161	949
161	951
162	568
162	640
162	769
162	775
163	293
163	318
163	774
163	956
164	687
164	942
164	973
164	984
165	838
165	897
165	943
165	986
166	566
166	569
166	799
166	926
167	762
167	843
167	857
167	873
168	329
168	931
168	971
168	981
169	961
169	963
169	976
169	1000
170	383
170	555
170	566
170	569
171	442
171	536
171	739
171	924
172	262
172	809
172	823
172	919
173	772
173	853
173	971
173	994
174	788
174	912
174	953
174	989
175	199
175	310
175	772
175	918
176	525
176	643
176	997
176	999
177	360
177	954
177	970
177	992
178	86
178	896
178	982
178	996
179	538
179	864
179	967
179	981
180	242
180	447
180	495
180	828
181	849
181	887
181	932
181	996
182	380
182	802
182	841
182	986
183	334
183	529
183	952
183	980
184	773
184	879
184	949
184	951
185	590
185	906
185	961
185	980
186	248
186	719
186	911
186	947
187	792
187	952
187	974
187	975
188	479
188	833
188	907
188	993
189	202
189	621
189	671
189	966
190	322
190	648
190	695
190	837
191	680
191	696
191	967
191	969
192	111
192	757
192	957
192	989
193	512
193	711
193	985
193	993
194	860
194	983
194	991
194	999
195	687
195	845
195	964
195	966
196	842
196	926
196	995
196	997
197	732
197	847
197	861
197	877
198	490
198	756
198	948
198	983
199	175
199	251
199	489
199	695
200	79
200	303
200	787
200	980
201	552
201	953
201	981
201	989
202	189
202	607
202	671
202	732
203	524
203	651
203	935
203	951
204	608
204	856
204	909
204	994
205	225
205	530
205	911
205	986
206	261
206	414
206	721
206	995
207	11
207	871
207	899
207	923
208	360
208	731
208	781
208	824
209	521
209	530
209	789
209	867
210	636
210	908
210	961
210	994
211	501
211	683
211	805
211	996
212	251
212	387
212	703
212	837
213	406
213	672
213	680
213	696
214	897
214	899
214	905
214	929
215	334
215	370
215	764
215	967
216	532
216	968
216	997
216	999
217	761
217	894
217	967
217	989
218	248
218	533
218	956
218	972
219	613
219	921
219	924
219	947
220	550
220	809
220	919
220	999
221	799
221	910
221	956
221	972
222	132
222	800
222	890
222	946
223	683
223	870
223	984
223	985
224	772
224	888
224	902
224	914
225	66
225	205
225	455
225	810
226	58
226	676
226	815
226	842
227	827
227	953
227	983
227	999
228	440
228	793
228	850
228	986
229	743
229	765
229	836
229	918
230	122
230	423
230	928
230	972
231	451
231	504
231	924
231	937
232	137
232	441
232	903
232	925
233	755
233	915
233	949
233	951
234	61
234	463
234	595
234	941
235	309
235	823
235	919
235	939
236	38
236	520
236	577
236	683
237	893
237	987
237	995
237	1000
238	883
238	902
238	969
238	979
239	92
239	422
239	506
239	952
240	915
240	968
240	976
240	992
241	358
241	928
241	947
241	997
242	180
242	589
242	821
242	996
243	452
243	987
243	995
243	997
244	457
244	550
244	842
244	859
244	933
245	57
245	146
245	290
245	431
245	773
246	590
246	906
246	964
246	965
246	969
247	607
247	796
247	960
247	973
247	984
248	186
248	218
248	880
248	926
248	948
249	646
249	846
249	891
249	949
249	951
250	640
250	806
250	900
250	935
250	969
251	43
251	199
251	212
251	387
251	953
252	647
252	848
252	918
252	973
252	999
253	277
253	513
253	585
253	774
253	972
254	139
254	831
254	850
254	912
254	981
255	675
255	866
255	950
255	982
255	989
256	780
256	942
256	955
256	962
256	993
257	623
257	834
257	953
257	957
257	969
258	28
258	592
258	837
258	989
258	998
259	912
259	947
259	960
259	973
259	998
260	261
260	599
260	916
260	948
260	983
261	157
261	206
261	260
261	434
261	751
262	172
262	456
262	511
262	748
262	946
263	492
263	660
263	853
263	870
263	894
264	72
264	104
264	422
264	506
264	731
265	46
265	809
265	815
265	823
265	919
266	404
266	753
266	903
266	919
266	986
267	700
267	805
267	821
267	927
267	969
268	820
268	917
268	967
268	971
268	980
269	333
269	510
269	820
269	866
269	989
270	121
270	740
270	854
270	866
270	984
271	461
271	487
271	594
271	841
271	938
272	336
272	760
272	780
272	791
272	924
273	320
273	364
273	850
273	947
273	976
274	50
274	644
274	803
274	855
274	963
275	93
275	661
275	763
275	823
275	919
276	26
276	102
276	743
276	836
276	965
277	253
277	737
277	932
277	940
277	996
278	494
278	656
278	928
278	972
278	974
279	629
279	822
279	891
279	905
279	923
280	646
280	870
280	871
280	875
280	980
281	45
281	500
281	687
281	900
281	937
282	367
282	414
282	495
282	605
282	751
283	381
283	469
283	943
283	976
283	985
284	407
284	840
284	858
284	868
284	994
285	773
285	851
285	940
285	982
285	996
286	460
286	757
286	892
286	948
286	963
287	425
287	447
287	611
287	633
287	973
288	93
288	298
288	658
288	886
288	961
289	658
289	659
289	884
289	972
289	974
290	245
290	457
290	520
290	820
290	901
291	606
291	672
291	680
291	696
291	706
292	835
292	838
292	913
292	939
292	944
293	163
293	872
293	962
293	993
293	998
294	840
294	909
294	955
294	962
294	993
295	635
295	672
295	680
295	696
295	988
296	297
296	681
296	769
296	798
296	892
297	88
297	296
297	628
297	789
297	796
298	288
298	590
298	660
298	945
298	961
299	35
299	676
299	779
299	815
299	901
300	497
300	780
300	784
300	818
300	941
301	54
301	403
301	481
301	577
301	965
302	45
302	603
302	646
302	734
302	816
303	128
303	200
303	612
303	699
303	771
304	9
304	136
304	380
304	588
304	975
305	447
305	923
305	925
305	946
305	970
306	332
306	469
306	660
306	851
306	882
307	103
307	330
307	705
307	760
307	992
308	607
308	930
308	934
308	992
308	1000
309	235
309	423
309	819
309	978
309	994
310	175
310	573
310	990
310	995
310	997
311	110
311	320
311	364
311	367
311	705
312	131
312	934
312	944
312	990
312	999
313	374
313	742
313	995
313	997
313	999
314	769
314	833
314	955
314	993
314	998
315	112
315	705
315	822
315	941
315	979
316	496
316	650
316	652
316	864
316	961
317	528
317	547
317	608
317	741
317	903
318	163
318	513
318	568
318	774
318	984
319	834
319	978
319	989
319	991
319	998
320	273
320	311
320	367
320	644
320	756
321	349
321	536
321	783
321	950
321	989
322	190
322	706
322	816
322	842
322	859
323	904
323	924
323	937
323	960
323	980
324	448
324	829
324	841
324	857
324	873
325	414
325	730
325	801
325	904
325	921
326	10
326	518
326	534
326	699
326	782
327	336
327	412
327	703
327	884
327	888
328	890
328	923
328	927
328	929
328	953
329	168
329	688
329	690
329	940
329	996
330	307
330	579
330	778
330	822
330	941
331	793
331	868
331	886
331	939
331	978
332	306
332	801
332	990
332	995
332	997
333	269
333	686
333	753
333	814
333	824
334	183
334	215
334	530
334	967
334	981
335	581
335	714
335	737
335	979
335	988
336	272
336	327
336	784
336	941
336	957
337	743
337	765
337	836
337	965
337	980
338	704
338	724
338	893
338	922
338	958
339	676
339	700
339	847
339	877
339	926
340	442
340	580
340	739
340	816
340	987
341	148
341	661
341	968
341	977
341	994
342	484
342	699
342	760
342	899
342	941
343	461
343	741
343	841
343	843
343	991
344	876
344	948
344	964
344	965
344	966
345	831
345	906
345	987
345	990
345	995
346	362
346	463
346	987
346	988
346	999
347	685
347	869
347	936
347	974
347	975
348	748
348	905
348	968
348	994
348	998
349	321
349	402
349	925
349	976
349	992
350	152
350	773
350	960
350	973
350	984
351	405
351	675
351	786
351	878
351	894
352	486
352	813
352	904
352	924
352	937
353	417
353	541
353	567
353	742
353	859
354	420
354	950
354	953
354	962
354	989
355	74
355	101
355	466
355	572
355	874
356	442
356	639
356	904
356	921
356	955
357	107
357	790
357	914
357	918
357	920
358	241
358	803
358	822
358	848
358	926
359	145
359	770
359	925
359	946
359	970
360	177
360	208
360	726
360	963
360	983
361	571
361	746
361	954
361	965
361	1000
362	11
362	346
362	470
362	728
362	941
363	647
363	936
363	968
363	974
363	975
364	273
364	311
364	367
364	461
364	989
365	863
365	907
365	910
365	949
365	951
366	422
366	484
366	780
366	929
366	941
367	282
367	311
367	320
367	364
367	986
368	597
368	902
368	914
368	920
368	992
369	713
369	878
369	957
369	989
369	999
370	215
370	806
370	942
370	960
370	984
371	731
371	753
371	775
371	781
371	786
372	407
372	566
372	659
372	870
372	888
373	137
373	749
373	891
373	977
373	998
374	13
374	122
374	313
374	606
374	974
375	424
375	637
375	891
375	958
375	985
376	807
376	818
376	823
376	871
376	985
377	381
377	895
377	948
377	982
377	996
378	410
378	746
378	844
378	866
378	946
379	399
379	446
379	594
379	814
379	980
379	985
380	69
380	136
380	182
380	304
380	588
380	853
381	283
381	377
381	682
381	882
381	903
381	946
382	50
382	118
382	541
382	603
382	873
382	977
383	170
383	728
383	733
383	863
383	949
383	951
384	623
384	738
384	745
384	950
384	953
384	957
385	12
385	479
385	526
385	582
385	956
385	972
386	468
386	545
386	867
386	977
386	992
386	998
387	212
387	251
387	695
387	767
387	780
387	837
388	694
388	934
388	946
388	970
388	995
388	1000
389	622
389	726
389	832
389	848
389	926
389	948
390	507
390	511
390	615
390	748
390	757
390	880
391	500
391	568
391	727
391	812
391	900
391	935
392	159
392	474
392	499
392	563
392	667
393	436
393	668
393	867
393	931
393	935
393	969
394	51
394	103
394	495
394	611
394	702
394	787
395	419
395	599
395	801
395	849
395	946
395	983
396	693
396	724
396	851
396	930
396	950
396	985
397	149
397	868
397	935
397	990
397	995
397	999
398	415
398	535
398	537
398	955
398	962
398	993
399	379
399	844
399	940
399	952
399	958
399	980
400	811
400	942
400	962
400	973
400	978
400	984
401	553
401	795
401	845
401	915
401	976
401	1000
402	349
402	540
402	550
402	823
402	919
402	944
403	16
403	54
403	301
403	523
403	543
403	923
404	266
404	642
404	709
404	924
404	965
404	986
405	351
405	892
405	946
405	961
405	970
405	1000
406	213
406	680
406	844
406	988
406	995
406	999
407	284
407	372
407	449
407	489
407	604
407	703
408	548
408	615
408	787
408	910
408	967
408	981
409	126
409	433
409	487
409	568
409	817
409	983
410	378
410	536
410	898
410	933
410	969
410	979
411	693
411	712
411	847
411	911
411	944
411	961
412	327
412	654
412	842
412	859
412	907
412	983
413	21
413	609
413	713
413	897
413	950
413	989
414	206
414	282
414	325
414	721
414	840
414	970
415	5
415	44
415	398
415	672
415	680
415	696
416	127
416	714
416	936
416	956
416	974
416	975
417	353
417	497
417	842
417	927
417	982
417	996
418	729
418	939
418	964
418	965
418	966
418	967
419	395
419	482
419	685
419	797
419	950
419	985
420	354
420	500
420	801
420	876
420	926
420	983
421	26
421	582
421	744
421	988
421	995
421	999
422	6
422	104
422	239
422	264
422	366
422	999
423	31
423	230
423	309
423	676
423	779
423	999
424	375
424	911
424	947
424	956
424	975
424	981
425	27
425	287
425	434
425	881
425	897
425	987
426	902
426	914
426	918
426	920
426	960
426	970
427	569
427	890
427	891
427	899
427	923
427	929
428	727
428	752
428	851
428	904
428	921
428	937
429	464
429	505
429	773
429	901
429	939
429	988
430	659
430	775
430	893
430	942
430	945
430	984
431	245
431	484
431	889
431	972
431	974
431	975
432	733
432	788
432	874
432	945
432	953
432	957
433	409
433	475
433	485
433	884
433	888
433	970
434	43
434	261
434	425
434	869
434	897
434	903
435	650
435	830
435	902
435	904
435	914
435	920
436	393
436	625
436	738
436	832
436	857
436	873
437	610
437	899
437	905
437	923
437	929
437	943
438	505
438	686
438	761
438	782
438	825
438	961
439	147
439	681
439	933
439	956
439	969
439	979
440	228
440	458
440	892
440	932
440	982
440	996
441	232
441	898
441	933
441	969
441	979
441	998
442	171
442	340
442	356
442	610
442	789
442	878
443	794
443	840
443	858
443	939
443	949
443	974
444	671
444	885
444	907
444	916
444	977
444	993
445	628
445	764
445	831
445	878
445	971
445	991
446	379
446	767
446	933
446	961
446	969
446	979
447	98
447	180
447	287
447	305
447	633
447	999
448	324
448	592
448	648
448	837
448	900
448	964
449	407
449	562
449	658
449	819
449	884
449	888
450	863
450	890
450	949
450	951
450	956
450	991
451	72
451	231
451	607
451	621
451	671
451	837
452	243
452	552
452	785
452	908
452	961
452	988
453	526
453	740
453	833
453	872
453	962
453	993
454	814
454	960
454	987
454	990
454	997
454	999
455	19
455	225
455	629
455	964
455	965
455	966
456	262
456	511
456	615
456	748
456	858
456	945
457	244
457	290
457	517
457	833
457	842
457	859
458	102
458	440
458	533
458	559
458	574
458	654
459	864
459	890
459	891
459	923
459	929
459	959
460	125
460	286
460	689
460	707
460	952
460	985
461	271
461	343
461	364
461	549
461	841
461	911
462	70
462	153
462	772
462	902
462	904
462	918
463	143
463	234
463	346
463	705
463	728
463	902
464	84
464	429
464	520
464	607
464	773
464	901
465	513
465	585
465	594
465	774
465	823
465	875
466	355
466	959
466	964
466	965
466	966
466	977
467	514
467	690
467	708
467	753
467	966
467	976
468	386
468	684
468	724
468	871
468	922
468	950
469	33
469	283
469	306
469	682
469	760
469	810
470	362
470	812
470	932
470	940
470	982
470	996
471	99
471	524
471	602
471	618
471	709
471	901
472	76
472	709
472	896
472	971
472	982
472	996
473	161
473	600
473	664
473	949
473	951
473	957
474	392
474	480
474	651
474	773
474	901
474	945
475	433
475	703
475	725
475	884
475	888
475	948
476	862
476	905
476	934
476	987
476	988
476	990
477	482
477	753
477	781
477	814
477	848
477	993
478	557
478	798
478	936
478	959
478	991
478	994
479	188
479	385
479	850
479	947
479	972
479	974
480	15
480	81
480	474
480	709
480	901
480	1000
481	301
481	545
481	716
481	762
481	991
481	998
482	7
482	419
482	477
482	583
482	747
482	804
483	732
483	879
483	923
483	949
483	951
483	983
484	35
484	342
484	366
484	431
484	616
484	677
485	433
485	564
485	700
485	847
485	877
485	894
486	352
486	646
486	734
486	816
486	936
486	981
487	271
487	409
487	856
487	922
487	924
487	948
488	160
488	791
488	913
488	958
488	959
488	980
489	199
489	407
489	875
489	884
489	888
489	938
490	198
490	872
490	887
490	907
490	942
490	993
491	576
491	754
491	797
491	938
491	988
491	995
492	263
492	913
492	960
492	968
492	973
492	984
493	653
493	833
493	887
493	962
493	993
493	998
494	278
494	525
494	607
494	659
494	771
494	884
494	888
495	180
495	282
495	394
495	595
495	787
495	803
495	930
496	316
496	618
496	622
496	650
496	652
496	992
496	998
497	300
497	417
497	914
497	932
497	957
497	982
497	996
498	515
498	743
498	798
498	961
498	962
498	978
498	994
499	16
499	159
499	392
499	563
499	830
499	982
500	281
500	391
500	420
500	751
500	913
500	931
500	935
501	41
501	115
501	158
501	211
501	629
501	881
501	976
502	740
502	824
502	828
502	853
502	910
502	971
502	981
503	130
503	799
503	828
503	936
503	972
503	974
503	979
504	231
504	625
504	703
504	727
504	777
504	832
504	873
505	429
505	438
505	802
505	839
505	841
505	843
505	873
506	85
506	104
506	239
506	264
506	644
506	853
506	962
507	390
507	584
507	615
507	711
507	748
507	914
507	991
508	533
508	925
508	950
508	951
508	970
508	992
508	1000
509	601
509	767
509	898
509	927
509	969
509	979
509	992
510	269
510	552
510	917
510	930
510	950
510	953
510	957
511	262
511	390
511	456
511	702
511	705
511	748
511	822
512	193
512	720
512	883
512	927
512	969
512	979
512	985
513	15
513	253
513	318
513	465
513	737
513	774
513	910
514	467
514	626
514	635
514	690
514	708
514	784
514	961
515	498
515	889
515	898
515	953
515	978
515	994
515	998
516	14
516	733
516	813
516	836
516	953
516	961
516	989
517	132
517	457
517	654
517	742
517	859
517	959
517	982
518	125
518	326
518	548
518	628
518	769
518	796
518	867
519	932
519	938
519	943
519	988
519	995
519	997
519	999
520	99
520	236
520	290
520	464
520	709
520	856
520	904
521	209
521	788
521	950
521	957
521	981
521	989
521	992
522	51
522	564
522	587
522	665
522	781
522	824
522	910
523	62
523	403
523	689
523	734
523	816
523	957
523	998
524	203
524	471
524	683
524	709
524	901
524	911
524	984
525	176
525	494
525	614
525	658
525	659
525	860
525	888
526	385
526	453
526	591
526	781
526	835
526	868
526	939
527	624
527	661
527	835
527	858
527	868
527	939
527	975
528	89
528	149
528	317
528	547
528	632
528	741
528	854
529	10
529	183
529	691
529	886
529	908
529	961
529	979
530	205
530	209
530	334
530	580
530	610
530	657
530	739
531	690
531	797
531	804
531	819
531	875
531	922
531	934
532	216
532	575
532	922
532	955
532	962
532	981
532	993
533	102
533	110
533	218
533	458
533	508
533	547
533	574
534	80
534	326
534	669
534	686
534	825
534	885
534	893
535	398
535	812
535	921
535	954
535	970
535	974
535	1000
536	171
536	321
536	410
536	610
536	739
536	763
536	789
537	398
537	836
537	895
537	940
537	982
537	996
537	997
538	179
538	748
538	810
538	851
538	881
538	964
538	986
539	554
539	852
539	890
539	891
539	905
539	923
539	929
540	402
540	563
540	621
540	896
540	940
540	982
540	996
541	50
541	118
541	147
541	353
541	382
541	735
541	910
542	768
542	933
542	969
542	973
542	979
542	996
542	998
543	16
543	54
543	403
543	577
543	606
543	754
543	828
544	602
544	665
544	810
544	881
544	882
544	943
544	986
545	386
545	481
545	867
545	908
545	922
545	977
545	995
546	48
546	560
546	911
546	928
546	975
546	990
546	991
547	37
547	89
547	317
547	528
547	533
547	715
547	741
548	408
548	518
548	628
548	768
548	769
548	796
548	880
549	461
549	594
549	652
549	818
549	832
549	857
549	905
550	220
550	244
550	402
550	661
550	854
550	919
550	990
551	647
551	782
551	890
551	902
551	914
551	918
551	920
552	201
552	452
552	510
552	598
552	785
552	908
552	997
553	77
553	156
553	401
553	889
553	968
553	978
553	998
554	539
554	586
554	689
554	734
554	771
554	816
554	903
555	36
555	170
555	566
555	569
555	620
555	722
555	936
556	882
556	935
556	938
556	973
556	987
556	990
556	997
557	478
557	934
557	970
557	977
557	992
557	995
557	1000
558	869
558	873
558	903
558	943
558	982
558	986
558	999
559	458
559	768
559	790
559	883
559	899
559	910
559	979
560	546
560	617
560	745
560	968
560	991
560	994
560	998
561	36
561	752
561	859
561	904
561	921
561	924
561	937
562	449
562	650
562	730
562	754
562	921
562	924
562	937
563	109
563	159
563	392
563	499
563	540
563	681
563	863
564	112
564	485
564	522
564	634
564	877
564	910
564	913
565	617
565	755
565	806
565	827
565	908
565	961
565	983
566	36
566	166
566	170
566	372
566	555
566	929
566	998
567	353
567	832
567	850
567	882
567	903
567	961
567	986
568	162
568	318
568	391
568	409
568	720
568	807
568	935
569	36
569	166
569	170
569	427
569	555
569	857
569	997
570	25
570	825
570	874
570	968
570	972
570	991
570	998
571	361
571	730
571	865
571	905
571	921
571	924
571	937
572	53
572	74
572	101
572	355
572	701
572	954
572	973
573	310
573	666
573	916
573	955
573	962
573	981
573	993
574	102
574	110
574	458
574	533
574	868
574	918
574	969
575	532
575	727
575	877
575	916
575	962
575	982
575	993
576	27
576	126
576	491
576	738
576	882
576	903
576	986
577	38
577	146
577	236
577	301
577	543
577	920
577	990
578	66
578	596
578	765
578	836
578	898
578	936
578	938
579	330
579	689
579	750
579	812
579	928
579	936
579	956
579	975
580	340
580	530
580	657
580	739
580	789
580	795
580	885
580	950
581	158
581	335
581	760
581	971
581	988
581	995
581	997
581	999
582	157
582	385
582	421
582	619
582	633
582	735
582	751
582	787
583	21
583	482
583	670
583	685
583	868
583	875
583	952
583	985
584	507
584	762
584	821
584	911
584	927
584	963
584	969
584	979
585	119
585	150
585	253
585	465
585	774
585	822
585	866
585	997
586	554
586	689
586	734
586	816
586	860
586	956
586	964
586	984
587	522
587	731
587	734
587	781
587	814
587	824
587	856
587	997
588	9
588	69
588	136
588	304
588	380
588	617
588	973
588	979
589	242
589	708
589	797
589	892
589	931
589	932
589	982
589	996
590	185
590	246
590	298
590	707
590	886
590	908
590	961
590	974
591	526
591	731
591	758
591	806
591	886
591	908
591	961
591	977
592	64
592	258
592	448
592	648
592	695
592	837
592	942
592	968
593	895
593	907
593	922
593	932
593	940
593	951
593	982
593	996
594	96
594	271
594	379
594	465
594	549
594	727
594	832
594	873
595	137
595	234
595	495
595	657
595	663
595	698
595	869
595	943
596	130
596	578
596	712
596	743
596	765
596	836
596	897
596	999
597	368
597	770
597	833
597	912
597	944
597	987
597	990
597	995
598	52
598	552
598	806
598	886
598	908
598	918
598	959
598	961
599	260
599	395
599	667
599	786
599	859
599	888
599	895
599	909
600	137
600	473
600	900
600	928
600	947
600	972
600	974
600	975
601	509
601	632
601	898
601	977
601	988
601	991
601	994
601	998
602	471
602	544
602	812
602	888
602	959
602	964
602	965
602	966
603	50
603	118
603	147
603	302
603	382
603	749
603	788
603	927
604	407
604	726
604	763
604	801
604	848
604	876
604	963
604	971
605	282
605	719
605	852
605	875
605	934
605	954
605	976
605	992
606	8
606	13
606	122
606	291
606	374
606	543
606	906
606	993
607	202
607	247
607	308
607	451
607	464
607	494
607	621
607	671
608	204
608	317
608	767
608	987
608	988
608	995
608	997
608	999
609	413
609	623
609	830
609	882
609	896
609	950
609	957
609	989
610	437
610	442
610	530
610	536
610	739
610	789
610	933
610	997
611	59
611	287
611	394
611	619
611	673
611	721
611	787
611	944
612	49
612	303
612	893
612	897
612	952
612	958
612	980
612	985
613	219
613	638
613	730
613	904
613	924
613	937
613	958
613	966
614	525
614	621
614	644
614	654
614	757
614	813
614	817
614	948
615	390
615	408
615	456
615	507
615	670
615	686
615	748
615	872
616	484
616	643
616	827
616	830
616	912
616	945
616	973
616	984
617	560
617	565
617	588
617	758
617	908
617	951
617	952
617	961
618	471
618	496
618	622
618	634
618	650
618	652
618	831
619	582
619	611
619	701
619	721
619	751
619	787
619	891
619	951
620	555
620	691
620	806
620	840
620	882
620	886
620	961
620	988
621	72
621	189
621	451
621	540
621	607
621	614
621	671
621	984
622	55
622	389
622	496
622	618
622	650
622	652
622	695
623	257
623	384
623	609
623	790
623	876
623	877
623	957
623	989
624	527
624	640
624	838
624	840
624	858
624	872
624	939
624	958
625	436
625	504
625	655
625	750
625	832
625	857
625	864
625	945
626	68
626	71
626	514
626	690
626	708
626	788
626	890
626	974
627	27
627	636
627	792
627	836
627	892
627	896
627	980
627	982
628	297
628	445
628	518
628	548
628	768
628	769
628	796
628	999
629	10
629	41
629	115
629	158
629	279
629	455
629	501
629	718
630	138
630	683
630	955
630	966
630	987
630	988
630	990
630	995
631	18
631	735
631	736
631	740
631	849
631	854
631	899
631	923
632	528
632	601
632	798
632	801
632	953
632	991
632	994
632	998
633	287
633	447
633	582
633	637
633	751
633	787
633	958
633	967
634	564
634	618
634	693
634	712
634	847
634	877
634	909
634	928
635	295
635	514
635	678
635	781
635	828
635	947
635	956
635	972
635	975
636	210
636	627
636	737
636	912
636	925
636	946
636	970
636	992
636	1000
637	375
637	633
637	729
637	771
637	804
637	818
637	860
637	980
637	988
638	76
638	81
638	613
638	892
638	912
638	942
638	960
638	973
638	984
639	101
639	356
639	752
639	770
639	904
639	921
639	924
639	937
639	972
640	162
640	250
640	624
640	668
640	775
640	789
640	931
640	940
640	994
641	99
641	864
641	874
641	933
641	978
641	991
641	994
641	995
641	998
642	404
642	676
642	725
642	839
642	850
642	903
642	924
642	943
642	986
643	176
643	616
643	718
643	861
643	877
643	913
643	932
643	960
643	984
644	16
644	274
644	320
644	506
644	614
644	704
644	876
644	963
644	983
645	726
645	821
645	839
645	911
645	936
645	956
645	962
645	972
645	975
646	249
646	280
646	302
646	486
646	689
646	734
646	766
646	816
646	1000
647	49
647	252
647	363
647	551
647	787
647	875
647	902
647	918
647	920
648	190
648	448
648	592
648	695
648	757
648	807
648	837
648	957
648	992
649	113
649	726
649	896
649	933
649	944
649	981
649	987
649	990
649	997
650	316
650	435
650	496
650	562
650	618
650	622
650	652
650	943
650	979
651	81
651	146
651	203
651	474
651	743
651	887
651	901
651	945
651	999
652	316
652	496
652	549
652	618
652	622
652	650
652	779
652	888
652	955
653	493
653	720
653	730
653	775
653	854
653	857
653	911
653	931
653	935
654	412
654	458
654	517
654	614
654	706
654	742
654	842
654	859
654	963
655	625
655	700
655	755
655	811
655	846
655	879
655	949
655	951
655	978
656	278
656	715
656	764
656	785
656	938
656	944
656	988
656	990
656	997
657	530
657	580
657	595
657	698
657	763
657	906
657	943
657	956
657	986
658	62
658	288
658	289
658	449
658	525
658	703
658	884
658	888
658	960
659	104
659	289
659	372
659	430
659	494
659	525
659	884
659	888
659	980
660	263
660	298
660	306
660	689
660	810
660	853
660	906
660	967
660	971
661	20
661	39
661	275
661	341
661	527
661	550
661	767
661	809
661	919
662	747
662	788
662	859
662	944
662	988
662	989
662	990
662	997
662	999
663	595
663	860
663	864
663	972
663	978
663	983
663	991
663	994
663	998
664	473
664	719
664	781
664	783
664	862
664	950
664	953
664	957
664	989
665	132
665	522
665	544
665	731
665	753
665	814
665	824
665	908
665	990
666	157
666	573
666	845
666	901
666	907
666	915
666	934
666	976
666	1000
667	392
667	599
667	714
667	821
667	848
667	856
667	948
667	963
667	983
668	393
668	640
668	735
668	808
668	879
668	900
668	935
668	941
668	991
669	3
669	21
669	78
669	534
669	686
669	700
669	782
669	825
669	978
670	583
670	615
670	715
670	872
670	887
670	941
670	955
670	962
670	993
671	189
671	202
671	444
671	451
671	607
671	621
671	807
671	974
671	977
672	44
672	213
672	291
672	295
672	415
672	680
672	795
672	898
672	902
673	113
673	611
673	818
673	885
673	887
673	916
673	940
673	955
673	993
674	878
674	885
674	886
674	907
674	954
674	955
674	962
674	984
674	993
675	255
675	351
675	692
675	747
675	803
675	878
675	967
675	981
675	985
676	31
676	226
676	299
676	339
676	423
676	642
676	779
676	815
676	887
677	129
677	484
677	810
677	850
677	881
677	903
677	943
677	986
677	996
678	32
678	635
678	716
678	799
678	869
678	938
678	972
678	974
678	975
679	775
679	804
679	854
679	901
679	931
679	933
679	935
679	944
679	982
680	7
680	191
680	213
680	291
680	295
680	406
680	415
680	672
680	809
680	978
681	3
681	19
681	58
681	296
681	439
681	563
681	769
681	796
681	808
681	940
682	381
682	469
682	763
682	851
682	897
682	903
682	933
682	947
682	975
682	987
683	211
683	223
683	236
683	524
683	630
683	892
683	895
683	940
683	982
683	996
684	468
684	694
684	791
684	863
684	871
684	875
684	902
684	953
684	958
684	966
685	347
685	419
685	583
685	871
685	958
685	970
685	979
685	980
685	985
685	989
686	57
686	333
686	438
686	534
686	615
686	669
686	782
686	825
686	905
686	990
687	39
687	90
687	150
687	164
687	195
687	281
687	809
687	823
687	919
687	959
688	117
688	329
688	810
688	870
688	881
688	890
688	892
688	895
688	982
688	996
689	62
689	460
689	523
689	554
689	579
689	586
689	646
689	660
689	816
689	852
690	68
690	71
690	329
690	467
690	514
690	531
690	626
690	708
690	811
690	950
691	529
691	620
691	758
691	775
691	785
691	811
691	908
691	918
691	961
691	992
692	158
692	675
692	747
692	761
692	876
692	894
692	909
692	971
692	981
692	996
693	57
693	396
693	411
693	634
693	700
693	712
693	847
693	877
693	981
693	986
694	388
694	684
694	779
694	875
694	922
694	930
694	945
694	958
694	985
694	995
695	190
695	199
695	387
695	592
695	622
695	648
695	791
695	837
695	951
695	996
696	44
696	191
696	213
696	291
696	295
696	415
696	736
696	861
696	972
696	996
697	106
697	860
697	884
697	893
697	917
697	959
697	964
697	965
697	966
697	997
698	35
698	595
698	657
698	740
698	744
698	851
698	881
698	882
698	943
698	952
699	303
699	326
699	342
699	890
699	891
699	899
699	905
699	923
699	929
699	999
700	67
700	267
700	339
700	485
700	655
700	669
700	693
700	847
700	877
700	940
701	572
701	619
701	827
701	915
701	944
701	972
701	987
701	988
701	997
701	999
702	49
702	394
702	511
702	882
702	912
702	913
702	942
702	945
702	960
702	973
703	212
703	327
703	407
703	475
703	504
703	658
703	884
703	888
703	946
703	962
704	91
704	118
704	338
704	644
704	727
704	757
704	909
704	922
704	948
704	963
705	155
705	307
705	311
705	315
705	463
705	511
705	714
705	822
705	941
705	987
706	84
706	291
706	322
706	654
706	727
706	742
706	830
706	842
706	859
706	992
707	97
707	460
707	590
707	764
707	785
707	828
707	875
707	952
707	980
707	985
708	68
708	71
708	467
708	514
708	589
708	626
708	690
708	873
708	874
708	889
709	83
709	404
709	471
709	472
709	480
709	520
709	524
709	716
709	773
709	901
710	87
710	138
710	754
710	920
710	933
710	957
710	988
710	990
710	991
710	997
711	193
711	507
711	863
711	872
711	876
711	907
711	908
711	916
711	962
711	993
712	112
712	411
712	596
712	634
712	693
712	721
712	847
712	877
712	976
712	982
713	28
713	369
713	413
713	947
713	950
713	953
713	957
713	966
713	986
713	989
714	335
714	416
714	667
714	705
714	873
714	987
714	988
714	995
714	997
714	999
715	547
715	656
715	670
715	837
715	893
715	898
715	927
715	933
715	969
715	979
716	481
716	678
716	709
716	911
716	917
716	928
716	956
716	972
716	974
716	979
717	800
717	830
717	847
717	900
717	913
717	942
717	945
717	966
717	973
717	984
718	629
718	643
718	737
718	746
718	765
718	839
718	915
718	946
718	990
718	992
719	46
719	75
719	186
719	605
719	664
719	835
719	950
719	953
719	957
719	989
720	512
720	568
720	653
720	746
720	775
720	807
720	854
720	875
720	931
720	991
721	206
721	414
721	611
721	619
721	712
721	751
721	778
721	787
721	938
721	977
722	555
722	748
722	803
722	820
722	853
722	902
722	906
722	910
722	971
722	981
723	139
723	736
723	834
723	881
723	887
723	917
723	959
723	964
723	965
723	966
724	338
724	396
724	468
724	760
724	797
724	804
724	812
724	964
724	975
724	980
725	153
725	475
725	642
725	749
725	864
725	931
725	947
725	968
725	978
725	994
726	360
726	389
726	604
726	645
726	649
726	757
726	813
726	841
726	876
726	905
726	963
727	391
727	428
727	504
727	575
727	594
727	704
727	706
727	802
727	832
727	843
727	873
728	11
728	39
728	362
728	383
728	463
728	780
728	784
728	795
728	941
728	987
728	996
729	111
729	418
729	637
729	747
729	771
729	875
729	887
729	949
729	952
729	971
729	980
730	154
730	325
730	562
730	571
730	613
730	653
730	878
730	886
730	921
730	924
730	937
731	208
731	264
731	371
731	587
731	591
731	665
731	753
731	814
731	824
731	870
731	977
732	197
732	202
732	483
732	756
732	806
732	846
732	854
732	863
732	879
732	949
732	951
733	140
733	383
733	432
733	516
733	866
733	883
733	948
733	950
733	957
733	989
733	996
734	142
734	302
734	486
734	523
734	554
734	586
734	587
734	646
734	816
734	858
734	901
735	119
735	541
735	582
735	631
735	668
735	736
735	807
735	885
735	900
735	935
735	996
736	18
736	45
736	631
736	696
736	723
736	735
736	740
736	774
736	807
736	901
736	935
737	6
737	123
737	277
737	335
737	513
737	636
737	718
737	925
737	976
737	988
737	992
738	384
738	436
738	576
738	771
738	855
738	890
738	891
738	899
738	905
738	923
738	929
739	171
739	340
739	530
739	536
739	580
739	610
739	767
739	789
739	864
739	898
739	942
740	270
740	453
740	502
740	631
740	698
740	736
740	807
740	843
740	854
740	931
740	935
741	37
741	89
741	149
741	317
741	343
741	528
741	547
741	806
741	929
741	974
741	996
742	106
742	313
742	353
742	517
742	654
742	706
742	779
742	792
742	842
742	847
742	859
743	26
743	229
743	276
743	337
743	498
743	596
743	651
743	765
743	836
743	839
743	865
744	421
744	698
744	782
744	912
744	938
744	940
744	944
744	987
744	990
744	997
744	999
745	384
745	560
745	790
745	908
745	968
745	977
745	987
745	991
745	994
745	995
745	998
746	67
746	361
746	378
746	718
746	720
746	862
746	866
746	946
746	970
746	976
746	1000
747	482
747	662
747	675
747	692
747	729
747	786
747	804
747	906
747	910
747	924
747	971
748	262
748	348
748	390
748	456
748	507
748	511
748	538
748	615
748	722
748	916
748	993
749	373
749	603
749	725
749	809
749	946
749	964
749	968
749	977
749	978
749	991
749	994
749	998
750	579
750	625
750	783
750	860
750	908
750	936
750	947
750	956
750	972
750	974
750	975
750	985
751	103
751	261
751	282
751	500
751	582
751	619
751	633
751	721
751	927
751	955
751	964
751	985
752	428
752	561
752	639
752	857
752	890
752	904
752	921
752	924
752	937
752	944
752	978
752	983
753	266
753	333
753	371
753	467
753	477
753	665
753	731
753	814
753	824
753	889
753	899
753	951
754	491
754	543
754	562
754	710
754	777
754	918
754	919
754	925
754	938
754	988
754	990
754	999
755	233
755	565
755	655
755	756
755	846
755	863
755	879
755	919
755	931
755	949
755	951
755	994
756	66
756	133
756	198
756	320
756	732
756	755
756	846
756	855
756	863
756	879
756	949
756	951
757	29
757	192
757	286
757	390
757	614
757	648
757	704
757	726
757	856
757	880
757	966
757	983
758	591
758	617
758	691
758	785
758	857
758	886
758	908
758	931
758	961
758	968
758	982
758	989
759	762
759	795
759	862
759	890
759	893
759	917
759	954
759	959
759	964
759	965
759	966
759	1000
760	272
760	307
760	342
760	469
760	581
760	724
760	780
760	819
760	822
760	941
760	955
760	986
761	2
761	217
761	438
761	692
761	786
761	820
761	905
761	941
761	967
761	971
761	979
761	981
762	167
762	481
762	584
762	759
762	774
762	883
762	898
762	927
762	933
762	943
762	969
762	979
763	275
763	536
763	604
763	657
763	682
763	850
763	869
763	897
763	939
763	943
763	986
763	989
764	85
764	215
764	445
764	656
764	707
764	831
764	847
764	903
764	906
764	967
764	971
764	981
765	66
765	229
765	337
765	578
765	596
765	718
765	743
765	836
765	846
765	930
765	967
765	985
766	60
766	646
766	861
766	912
766	913
766	927
766	942
766	945
766	973
766	976
766	984
766	999
767	387
767	446
767	509
767	608
767	661
767	739
767	821
767	871
767	883
767	933
767	969
767	979
768	542
768	548
768	559
768	628
768	790
768	843
768	876
768	883
768	922
768	927
768	969
768	979
769	3
769	19
769	162
769	296
769	314
769	518
769	548
769	628
769	681
769	796
769	946
769	980
770	84
770	359
770	597
770	639
770	794
770	938
770	943
770	944
770	987
770	988
770	990
770	995
771	303
771	494
771	554
771	637
771	729
771	738
771	791
771	930
771	936
771	958
771	980
771	985
772	173
772	175
772	224
772	462
772	902
772	914
772	918
772	920
772	925
772	979
772	985
772	987
773	151
773	184
773	245
773	285
773	350
773	429
773	464
773	474
773	709
773	882
773	901
773	983
774	15
774	163
774	253
774	318
774	465
774	513
774	585
774	736
774	762
774	850
774	903
774	987
775	162
775	371
775	430
775	640
775	653
775	679
775	691
775	720
775	826
775	900
775	932
775	935
776	29
776	68
776	91
776	126
776	803
776	822
776	875
776	926
776	932
776	948
776	961
776	983
777	71
777	113
777	504
777	754
777	938
777	975
777	987
777	988
777	990
777	991
777	992
777	995
778	330
778	721
778	807
778	846
778	938
778	944
778	976
778	988
778	990
778	995
778	997
778	999
779	20
779	89
779	131
779	148
779	299
779	423
779	652
779	676
779	694
779	742
779	815
779	968
779	981
780	256
780	272
780	300
780	366
780	387
780	728
780	760
780	784
780	805
780	822
780	863
780	941
780	968
781	208
781	371
781	477
781	522
781	526
781	587
781	635
781	664
781	814
781	824
781	948
781	963
781	971
782	10
782	78
782	80
782	326
782	438
782	551
782	669
782	686
782	744
782	825
782	863
782	923
782	934
783	46
783	321
783	664
783	750
783	791
783	802
783	866
783	950
783	953
783	957
783	984
783	989
783	994
784	136
784	141
784	155
784	300
784	336
784	514
784	728
784	780
784	790
784	792
784	822
784	941
784	994
785	96
785	452
785	552
785	656
785	691
785	707
785	758
785	806
785	884
785	886
785	895
785	961
785	975
786	351
786	371
786	599
786	747
786	761
786	831
786	878
786	906
786	960
786	971
786	981
786	988
786	998
787	103
787	200
787	394
787	408
787	495
787	582
787	611
787	619
787	633
787	647
787	721
787	867
787	975
788	174
788	432
788	521
788	603
788	626
788	662
788	805
788	866
788	919
788	950
788	953
788	957
788	989
789	108
789	209
789	297
789	442
789	536
789	580
789	610
789	640
789	739
789	954
789	962
789	973
789	986
790	82
790	129
790	357
790	559
790	623
790	745
790	768
790	784
790	898
790	927
790	933
790	969
790	979
791	97
791	272
791	488
791	684
791	695
791	771
791	783
791	930
791	939
791	952
791	955
791	958
791	985
792	187
792	627
792	742
792	784
792	892
792	895
792	896
792	932
792	940
792	948
792	982
792	987
792	996
793	63
793	228
793	331
793	794
793	835
793	838
793	840
793	858
793	868
793	938
793	939
793	964
793	999
794	34
794	443
794	770
794	793
794	831
794	838
794	858
794	868
794	929
794	939
794	968
794	993
794	997
795	401
795	580
795	672
795	728
795	759
795	833
795	885
795	887
795	894
795	907
795	916
795	955
795	993
796	19
796	58
796	109
796	247
796	297
796	518
796	548
796	628
796	681
796	769
796	913
796	937
796	956
797	419
797	491
797	531
797	589
797	724
797	818
797	871
797	917
797	922
797	930
797	957
797	975
797	985
798	296
798	478
798	498
798	632
798	849
798	874
798	926
798	971
798	977
798	981
798	991
798	994
798	1000
799	58
799	166
799	221
799	503
799	678
799	801
799	892
799	917
799	936
799	947
799	956
799	972
799	974
800	60
800	222
800	717
800	820
800	844
800	852
800	869
800	915
800	925
800	946
800	976
800	992
800	996
801	325
801	332
801	395
801	420
801	604
801	632
801	799
801	848
801	876
801	926
801	927
801	948
801	983
802	182
802	505
802	727
802	783
802	832
802	835
802	841
802	843
802	857
802	873
802	883
802	947
802	985
802	996
803	274
803	358
803	495
803	675
803	722
803	776
803	848
803	856
803	909
803	928
803	963
803	969
803	970
803	983
804	61
804	111
804	482
804	531
804	637
804	679
804	724
804	747
804	838
804	866
804	922
804	952
804	980
804	999
805	211
805	267
805	780
805	788
805	808
805	826
805	834
805	873
805	893
805	917
805	959
805	964
805	965
805	966
806	250
806	370
806	565
806	591
806	598
806	620
806	732
806	741
806	785
806	856
806	873
806	886
806	908
806	961
807	376
807	568
807	648
807	671
807	720
807	735
807	736
807	740
807	778
807	843
807	854
807	900
807	931
807	935
808	668
808	681
808	805
808	826
808	862
808	893
808	896
808	917
808	920
808	959
808	964
808	965
808	966
808	976
809	150
809	172
809	220
809	265
809	661
809	680
809	687
809	749
809	823
809	828
809	919
809	952
809	972
809	976
810	225
810	469
810	538
810	544
810	660
810	677
810	688
810	851
810	852
810	897
810	943
810	953
810	973
810	987
811	117
811	400
811	655
811	690
811	691
811	870
811	912
811	942
811	945
811	960
811	973
811	984
811	986
811	994
812	391
812	470
812	535
812	579
812	602
812	724
812	845
812	852
812	915
812	920
812	954
812	970
812	992
812	1000
813	105
813	144
813	352
813	516
813	614
813	726
813	856
813	863
813	880
813	948
813	963
813	983
813	995
813	1000
814	132
814	333
814	379
814	454
814	477
814	587
814	665
814	731
814	753
814	781
814	824
814	855
814	909
814	981
815	20
815	31
815	131
815	148
815	226
815	265
815	299
815	676
815	779
815	869
815	880
815	899
815	926
815	975
816	8
816	302
816	322
816	340
816	486
816	523
816	554
816	586
816	646
816	689
816	734
816	837
816	853
816	928
817	29
817	98
817	105
817	409
817	614
817	848
817	862
817	914
817	920
817	926
817	936
817	948
817	963
817	993
818	37
818	300
818	376
818	549
818	637
818	673
818	797
818	858
818	881
818	922
818	930
818	952
818	958
818	980
819	80
819	309
819	449
819	531
819	760
819	860
819	867
819	968
819	970
819	977
819	978
819	991
819	994
819	998
820	268
820	269
820	290
820	722
820	761
820	800
820	831
820	907
820	910
820	967
820	971
820	978
820	981
820	994
821	242
821	267
821	584
821	645
821	667
821	767
821	883
821	898
821	927
821	933
821	937
821	969
821	979
821	983
822	91
822	155
822	279
822	315
822	330
822	358
822	511
822	585
822	705
822	760
822	776
822	780
822	784
822	941
823	172
823	235
823	265
823	275
823	376
823	402
823	465
823	687
823	809
823	836
823	847
823	919
823	975
823	995
824	208
824	333
824	502
824	522
824	587
824	665
824	731
824	753
824	781
824	814
824	894
824	957
824	974
824	977
825	21
825	57
825	80
825	438
825	534
825	570
825	669
825	686
825	782
825	966
825	977
825	981
825	982
825	984
826	34
826	123
826	775
826	805
826	808
826	862
826	893
826	917
826	927
826	959
826	964
826	965
826	966
826	989
826	996
827	227
827	565
827	616
827	701
827	854
827	872
827	920
827	938
827	944
827	984
827	987
827	990
827	995
827	997
827	999
828	180
828	502
828	503
828	543
828	635
828	707
828	809
828	911
828	928
828	936
828	941
828	947
828	956
828	974
828	975
829	4
829	127
829	324
829	852
829	865
829	934
829	954
829	963
829	970
829	974
829	976
829	989
829	992
829	993
829	1000
830	435
830	499
830	609
830	616
830	706
830	717
830	861
830	870
830	913
830	931
830	942
830	945
830	960
830	973
830	982
831	254
831	345
831	445
831	618
831	764
831	786
831	794
831	820
831	878
831	894
831	959
831	963
831	967
831	981
831	993
832	389
832	436
832	504
832	549
832	567
832	594
832	625
832	727
832	802
832	833
832	838
832	843
832	873
832	939
832	959
833	188
833	314
833	453
833	457
833	493
833	597
833	795
833	832
833	834
833	872
833	916
833	949
833	962
833	984
833	993
834	151
834	257
834	319
834	723
834	805
834	833
834	862
834	893
834	913
834	917
834	959
834	964
834	965
834	966
834	978
835	65
835	292
835	526
835	527
835	719
835	793
835	802
835	840
835	858
835	868
835	893
835	939
835	951
835	956
835	984
836	26
836	130
836	229
836	276
836	337
836	516
836	537
836	578
836	596
836	627
836	743
836	765
836	823
836	864
836	988
837	28
837	73
837	190
837	212
837	258
837	387
837	448
837	451
837	592
837	648
837	695
837	715
837	816
837	946
837	968
838	34
838	86
838	165
838	292
838	624
838	793
838	794
838	804
838	832
838	855
838	858
838	868
838	888
838	939
838	983
839	505
839	642
839	645
839	718
839	743
839	845
839	865
839	906
839	915
839	934
839	952
839	954
839	976
839	992
839	1000
840	152
840	284
840	294
840	414
840	443
840	620
840	624
840	793
840	835
840	858
840	868
840	881
840	939
840	941
840	991
841	182
841	271
841	324
841	343
841	461
841	505
841	726
841	802
841	843
841	857
841	880
841	883
841	895
841	937
841	992
842	106
842	196
842	226
842	244
842	322
842	412
842	417
842	457
842	654
842	706
842	742
842	859
842	921
842	950
842	965
843	77
843	167
843	343
843	505
843	727
843	740
843	768
843	802
843	807
843	832
843	841
843	857
843	873
843	967
843	975
844	378
844	399
844	406
844	800
844	865
844	878
844	920
844	925
844	929
844	934
844	937
844	954
844	970
844	976
844	1000
845	195
845	401
845	666
845	812
845	839
845	916
845	925
845	931
845	934
845	949
845	961
845	976
845	991
845	992
845	1000
846	249
846	655
846	732
846	755
846	756
846	765
846	778
846	863
846	879
846	949
846	951
846	971
846	972
846	976
846	988
847	197
847	339
847	411
847	485
847	634
847	693
847	700
847	712
847	717
847	742
847	764
847	823
847	877
847	931
847	955
848	252
848	358
848	389
848	477
848	604
848	667
848	801
848	803
848	817
848	851
848	853
848	880
848	918
848	928
848	983
849	181
849	395
849	631
849	798
849	860
849	864
849	868
849	934
849	958
849	968
849	977
849	978
849	991
849	994
849	998
850	228
850	254
850	273
850	479
850	567
850	642
850	677
850	763
850	774
850	851
850	882
850	897
850	943
850	968
850	986
850	991
851	285
851	306
851	396
851	428
851	538
851	682
851	698
851	810
851	848
851	850
851	869
851	881
851	882
851	928
851	932
851	986
852	6
852	539
852	605
852	689
852	800
852	810
852	812
852	829
852	865
852	925
852	946
852	970
852	991
852	992
852	994
852	1000
853	173
853	263
853	380
853	502
853	506
853	660
853	722
853	816
853	848
853	896
853	906
853	910
853	938
853	967
853	971
853	992
854	270
854	528
854	550
854	631
854	653
854	679
854	720
854	732
854	740
854	807
854	827
854	856
854	865
854	900
854	931
854	935
855	114
855	274
855	738
855	756
855	814
855	838
855	890
855	891
855	899
855	905
855	917
855	923
855	929
855	949
856	204
856	487
856	520
856	587
856	667
856	757
856	803
856	806
856	813
856	854
856	877
856	880
856	926
856	963
856	983
856	989
857	167
857	324
857	436
857	549
857	569
857	625
857	653
857	752
857	758
857	802
857	841
857	843
857	873
857	883
857	954
857	991
858	42
858	284
858	443
858	456
858	527
858	624
858	734
858	793
858	794
858	818
858	835
858	838
858	840
858	868
858	930
858	939
858	997
859	84
859	148
859	244
859	322
859	353
859	412
859	457
859	517
859	561
859	599
859	654
859	662
859	706
859	742
859	842
859	935
859	999
860	194
860	525
860	586
860	637
860	663
860	697
860	750
860	819
860	849
860	889
860	926
860	968
860	971
860	977
860	978
860	991
860	994
861	197
861	643
861	696
861	766
861	830
861	870
861	912
861	921
861	929
861	934
861	942
861	945
861	957
861	960
861	973
861	984
861	1000
862	476
862	664
862	746
862	759
862	808
862	817
862	826
862	834
862	887
862	893
862	917
862	938
862	944
862	959
862	964
862	965
862	966
863	365
863	383
863	450
863	563
863	684
863	711
863	732
863	755
863	756
863	780
863	782
863	813
863	846
863	871
863	879
863	949
863	951
864	100
864	179
864	316
864	459
864	625
864	641
864	663
864	725
864	739
864	836
864	849
864	867
864	889
864	978
864	991
864	994
864	998
865	65
865	571
865	743
865	829
865	839
865	844
865	852
865	854
865	902
865	915
865	934
865	936
865	954
865	970
865	976
865	986
865	992
866	140
866	255
866	269
866	270
866	378
866	585
866	733
866	746
866	783
866	788
866	804
866	884
866	950
866	953
866	957
866	971
866	989
867	1
867	17
867	83
867	209
867	386
867	393
867	518
867	545
867	787
867	819
867	864
867	874
867	888
867	968
867	977
867	991
867	994
868	284
868	331
868	397
868	526
868	527
868	574
868	583
868	793
868	794
868	835
868	838
868	840
868	849
868	858
868	908
868	939
868	973
868	995
869	156
869	347
869	434
869	558
869	595
869	678
869	763
869	800
869	815
869	851
869	881
869	882
869	897
869	901
869	909
869	975
869	978
869	986
870	223
870	263
870	280
870	372
870	688
870	731
870	811
870	830
870	861
870	912
870	913
870	924
870	942
870	945
870	954
870	960
870	973
870	984
871	62
871	207
871	280
871	376
871	468
871	684
871	685
871	767
871	797
871	863
871	930
871	933
871	946
871	952
871	958
871	980
871	985
871	989
872	293
872	453
872	490
872	615
872	624
872	670
872	711
872	827
872	833
872	885
872	903
872	907
872	934
872	953
872	955
872	962
872	983
872	993
873	97
873	167
873	324
873	382
873	436
873	504
873	505
873	558
873	594
873	708
873	714
873	727
873	802
873	805
873	806
873	832
873	843
873	857
874	15
874	149
874	355
874	432
874	570
874	641
874	708
874	798
874	867
874	889
874	896
874	911
874	916
874	968
874	978
874	991
874	994
874	998
875	280
875	465
875	489
875	531
875	583
875	605
875	647
875	684
875	694
875	707
875	720
875	729
875	776
875	905
875	922
875	930
875	958
875	978
876	98
876	138
876	344
876	420
876	604
876	623
876	644
876	692
876	711
876	726
876	768
876	801
876	898
876	909
876	926
876	940
876	963
876	983
877	67
877	112
877	197
877	339
877	485
877	564
877	575
877	623
877	634
877	643
877	693
877	700
877	712
877	847
877	856
877	945
877	947
877	970
878	351
878	369
878	442
878	445
878	674
878	675
878	730
878	786
878	831
878	844
878	881
878	894
878	906
878	910
878	931
878	967
878	971
878	981
879	55
879	184
879	483
879	655
879	668
879	732
879	755
879	756
879	846
879	863
879	887
879	901
879	927
879	946
879	949
879	951
879	955
879	963
879	966
880	56
880	94
880	121
880	248
880	390
880	548
880	757
880	813
880	815
880	841
880	848
880	856
880	909
880	926
880	948
880	954
880	963
880	977
880	983
881	64
881	145
881	425
881	501
881	538
881	544
881	677
881	688
881	698
881	723
881	818
881	840
881	851
881	869
881	878
881	882
881	920
881	943
881	986
882	18
882	306
882	381
882	544
882	556
882	567
882	576
882	609
882	620
882	698
882	702
882	773
882	850
882	851
882	869
882	881
882	909
882	984
882	986
883	32
883	238
883	512
883	559
883	733
883	762
883	767
883	768
883	802
883	821
883	841
883	857
883	898
883	927
883	933
883	949
883	978
883	979
883	994
884	289
884	327
884	433
884	449
884	475
884	489
884	494
884	658
884	659
884	697
884	703
884	785
884	866
884	888
884	914
884	920
884	930
884	955
884	961
885	161
885	444
885	534
885	580
885	673
885	674
885	735
885	795
885	872
885	887
885	904
885	907
885	916
885	955
885	958
885	962
885	970
885	993
885	995
886	75
886	141
886	288
886	331
886	529
886	590
886	591
886	598
886	620
886	674
886	730
886	758
886	785
886	806
886	908
886	961
886	967
886	989
886	997
887	151
887	181
887	490
887	493
887	651
887	670
887	673
887	676
887	723
887	729
887	795
887	862
887	879
887	885
887	907
887	916
887	955
887	962
887	993
888	224
888	327
888	372
888	433
888	449
888	475
888	489
888	494
888	525
888	599
888	602
888	652
888	658
888	659
888	703
888	838
888	867
888	884
888	999
889	41
889	134
889	431
889	515
889	553
889	708
889	753
889	860
889	864
889	874
889	903
889	929
889	962
889	968
889	970
889	977
889	978
889	991
889	994
889	998
890	94
890	222
890	328
890	427
890	450
890	459
890	539
890	551
890	626
890	688
890	699
890	738
890	752
890	759
890	855
890	891
890	899
890	905
890	923
890	929
891	249
891	279
891	373
891	375
891	427
891	459
891	539
891	619
891	699
891	738
891	855
891	890
891	899
891	905
891	921
891	923
891	929
891	975
891	987
891	1000
892	100
892	152
892	286
892	296
892	405
892	440
892	589
892	627
892	638
892	683
892	688
892	792
892	799
892	895
892	896
892	932
892	940
892	982
892	996
892	999
893	237
893	338
893	430
893	534
893	612
893	697
893	715
893	759
893	805
893	808
893	826
893	834
893	835
893	862
893	917
893	959
893	964
893	965
893	966
893	995
894	17
894	128
894	217
894	263
894	351
894	485
894	692
894	795
894	824
894	831
894	878
894	906
894	910
894	911
894	948
894	960
894	967
894	971
894	981
894	1000
895	135
895	377
895	537
895	593
895	599
895	683
895	688
895	785
895	792
895	841
895	892
895	896
895	897
895	914
895	921
895	932
895	940
895	978
895	982
895	996
896	12
896	178
896	472
896	540
896	609
896	627
896	649
896	792
896	808
896	853
896	874
896	892
896	895
896	921
896	932
896	940
896	942
896	951
896	982
896	996
897	116
897	145
897	165
897	214
897	413
897	425
897	434
897	596
897	612
897	682
897	763
897	810
897	850
897	869
897	895
897	903
897	916
897	943
897	984
897	986
898	124
898	410
898	441
898	509
898	515
898	578
898	601
898	672
898	715
898	739
898	762
898	790
898	821
898	876
898	883
898	927
898	933
898	963
898	969
898	979
899	207
899	214
899	342
899	427
899	437
899	559
899	631
899	699
899	738
899	753
899	815
899	855
899	890
899	891
899	905
899	923
899	924
899	929
899	972
899	993
900	88
900	121
900	250
900	281
900	391
900	448
900	600
900	668
900	717
900	735
900	775
900	807
900	854
900	931
900	935
900	956
900	964
900	976
900	982
900	1000
901	99
901	146
901	151
901	290
901	299
901	429
901	464
901	471
901	474
901	480
901	524
901	651
901	666
901	679
901	709
901	734
901	736
901	773
901	869
901	879
901	969
902	2
902	76
902	224
902	238
902	368
902	426
902	435
902	462
902	463
902	551
902	647
902	672
902	684
902	722
902	772
902	865
902	914
902	918
902	920
902	991
902	995
903	67
903	105
903	232
903	266
903	317
903	381
903	434
903	554
903	558
903	567
903	576
903	642
903	677
903	682
903	764
903	774
903	872
903	889
903	897
903	965
903	986
904	323
904	325
904	352
904	356
904	428
904	435
904	462
904	520
904	561
904	613
904	639
904	752
904	885
904	912
904	921
904	924
904	927
904	934
904	937
904	963
904	975
905	214
905	279
905	348
905	437
905	476
905	539
905	549
905	571
905	686
905	699
905	726
905	738
905	761
905	855
905	875
905	890
905	891
905	899
905	915
905	923
905	929
906	185
906	246
906	345
906	606
906	657
906	660
906	722
906	747
906	764
906	786
906	839
906	853
906	878
906	894
906	910
906	928
906	934
906	948
906	967
906	971
906	981
907	188
907	365
907	412
907	444
907	490
907	593
907	666
907	674
907	711
907	795
907	820
907	872
907	885
907	887
907	916
907	955
907	962
907	975
907	982
907	990
907	993
908	210
908	452
908	529
908	545
908	552
908	565
908	590
908	591
908	598
908	617
908	665
908	691
908	711
908	745
908	750
908	758
908	806
908	868
908	886
908	961
908	988
909	94
909	126
909	204
909	294
909	599
909	634
909	692
909	704
909	803
909	814
909	869
909	876
909	880
909	882
909	915
909	926
909	941
909	945
909	948
909	963
909	983
910	144
910	221
910	365
910	408
910	502
910	513
910	522
910	541
910	559
910	564
910	722
910	747
910	820
910	853
910	878
910	894
910	906
910	962
910	967
910	971
910	979
910	981
911	116
911	186
911	205
911	411
911	424
911	461
911	524
911	546
911	584
911	645
911	653
911	716
911	828
911	874
911	894
911	928
911	934
911	936
911	947
911	972
911	974
911	975
912	174
912	254
912	259
912	597
912	616
912	636
912	638
912	702
912	744
912	766
912	811
912	861
912	870
912	904
912	932
912	942
912	945
912	960
912	967
912	973
912	984
912	995
913	31
913	92
913	292
913	488
913	492
913	500
913	564
913	643
913	702
913	717
913	766
913	796
913	830
913	834
913	870
913	942
913	945
913	960
913	973
913	984
913	985
913	997
914	63
914	76
914	82
914	224
914	357
914	368
914	426
914	435
914	497
914	507
914	551
914	772
914	817
914	884
914	895
914	902
914	918
914	920
914	960
914	993
914	994
914	1000
915	86
915	233
915	240
915	401
915	666
915	701
915	718
915	800
915	812
915	839
915	865
915	905
915	909
915	925
915	943
915	952
915	954
915	972
915	976
915	992
915	997
915	1000
916	260
916	444
916	573
916	575
916	673
916	711
916	748
916	795
916	833
916	845
916	874
916	885
916	887
916	897
916	907
916	932
916	939
916	955
916	956
916	962
916	987
916	993
917	8
917	268
917	510
917	697
917	716
917	723
917	759
917	797
917	799
917	805
917	808
917	826
917	834
917	855
917	862
917	893
917	929
917	952
917	959
917	964
917	965
917	966
917	979
918	5
918	63
918	70
918	82
918	156
918	175
918	229
918	252
918	357
918	426
918	462
918	551
918	574
918	598
918	647
918	691
918	754
918	772
918	848
918	902
918	914
918	920
918	953
919	39
919	90
919	150
919	172
919	220
919	235
919	265
919	266
919	275
919	402
919	550
919	661
919	687
919	754
919	755
919	788
919	809
919	823
919	941
919	948
919	960
919	980
919	989
920	2
920	17
920	70
920	357
920	368
920	426
920	435
920	551
920	577
920	647
920	710
920	772
920	808
920	812
920	817
920	827
920	844
920	881
920	884
920	902
920	914
920	918
920	965
921	43
921	219
921	325
921	356
921	428
921	535
921	561
921	562
921	571
921	639
921	730
921	752
921	842
921	861
921	891
921	895
921	896
921	904
921	924
921	937
921	954
921	974
921	980
921	981
922	42
922	75
922	108
922	338
922	468
922	487
922	531
922	532
922	545
922	593
922	694
922	704
922	768
922	797
922	804
922	818
922	875
922	930
922	948
922	952
922	972
922	980
922	985
922	995
923	106
923	207
923	279
923	305
923	328
923	403
923	427
923	437
923	459
923	483
923	539
923	631
923	699
923	738
923	782
923	855
923	890
923	891
923	899
923	905
923	929
923	931
923	973
923	986
924	107
924	171
924	219
924	231
924	272
924	323
924	352
924	404
924	487
924	561
924	562
924	571
924	613
924	639
924	642
924	730
924	747
924	752
924	870
924	899
924	904
924	921
924	937
924	998
925	232
925	305
925	349
925	359
925	508
925	636
925	737
925	754
925	772
925	800
925	844
925	845
925	852
925	915
925	930
925	935
925	942
925	949
925	952
925	954
925	976
925	980
925	992
925	995
925	1000
926	105
926	147
926	166
926	196
926	248
926	339
926	358
926	389
926	420
926	776
926	798
926	801
926	815
926	817
926	856
926	860
926	876
926	880
926	909
926	943
926	948
926	956
926	963
926	983
926	996
927	32
927	267
927	328
927	417
927	509
927	512
927	584
927	603
927	715
927	751
927	762
927	766
927	768
927	790
927	801
927	821
927	826
927	879
927	883
927	898
927	904
927	933
927	969
927	979
927	987
928	117
928	230
928	241
928	278
928	546
928	579
928	600
928	634
928	716
928	803
928	816
928	828
928	848
928	851
928	906
928	911
928	936
928	943
928	947
928	956
928	962
928	972
928	974
928	975
928	980
929	114
929	214
929	328
929	366
929	427
929	437
929	459
929	539
929	566
929	699
929	738
929	741
929	794
929	844
929	855
929	861
929	889
929	890
929	891
929	899
929	905
929	917
929	923
929	974
929	985
930	42
930	73
930	308
930	396
930	495
930	510
930	694
930	765
930	771
930	791
930	797
930	818
930	858
930	871
930	875
930	884
930	922
930	925
930	952
930	954
930	958
930	962
930	980
930	984
930	985
931	18
931	79
931	88
931	119
931	160
931	168
931	393
931	500
931	589
931	640
931	653
931	679
931	720
931	725
931	740
931	755
931	758
931	807
931	830
931	845
931	847
931	854
931	878
931	900
931	923
931	935
932	22
932	47
932	181
932	277
932	440
932	470
932	497
932	519
932	589
932	593
932	643
932	775
932	776
932	792
932	851
932	892
932	895
932	896
932	912
932	916
932	940
932	977
932	982
932	990
932	996
932	1000
933	244
933	410
933	439
933	441
933	446
933	542
933	610
933	641
933	649
933	679
933	682
933	710
933	715
933	762
933	767
933	790
933	821
933	871
933	883
933	898
933	927
933	948
933	969
933	979
933	985
933	987
934	127
934	308
934	312
934	388
934	476
934	531
934	557
934	605
934	666
934	782
934	829
934	839
934	844
934	845
934	849
934	861
934	865
934	872
934	904
934	906
934	911
934	946
934	970
934	976
934	992
934	995
934	1000
935	160
935	203
935	250
935	391
935	393
935	397
935	500
935	556
935	568
935	653
935	668
935	679
935	735
935	736
935	740
935	775
935	807
935	854
935	859
935	900
935	925
935	931
935	949
935	955
935	965
935	979
935	983
936	22
936	37
936	141
936	347
936	363
936	416
936	478
936	486
936	503
936	555
936	578
936	579
936	645
936	750
936	771
936	799
936	817
936	828
936	865
936	911
936	928
936	947
936	956
936	958
936	972
936	975
936	996
937	43
937	65
937	107
937	231
937	281
937	323
937	352
937	428
937	561
937	562
937	571
937	613
937	639
937	730
937	752
937	796
937	821
937	841
937	844
937	904
937	921
937	924
937	946
937	960
937	973
937	976
937	981
938	271
938	489
938	491
938	519
938	556
938	578
938	656
938	678
938	721
938	744
938	754
938	770
938	777
938	778
938	793
938	827
938	853
938	862
938	944
938	968
938	969
938	987
938	988
938	990
938	995
938	997
938	999
939	34
939	65
939	86
939	152
939	235
939	292
939	331
939	418
939	429
939	443
939	526
939	527
939	624
939	763
939	791
939	793
939	794
939	832
939	835
939	838
939	840
939	858
939	868
939	916
939	959
939	968
939	992
940	4
940	12
940	82
940	277
940	285
940	329
940	399
940	470
940	537
940	540
940	593
940	640
940	673
940	681
940	683
940	700
940	744
940	792
940	876
940	892
940	895
940	896
940	932
940	970
940	977
940	982
940	996
940	999
941	35
941	141
941	234
941	300
941	315
941	330
941	336
941	342
941	362
941	366
941	668
941	670
941	705
941	728
941	760
941	761
941	780
941	784
941	822
941	828
941	840
941	909
941	919
941	942
941	943
941	951
941	967
941	992
942	131
942	164
942	256
942	370
942	400
942	430
942	490
942	592
942	638
942	702
942	717
942	739
942	766
942	811
942	830
942	861
942	870
942	896
942	912
942	913
942	925
942	941
942	945
942	957
942	960
942	974
942	984
942	990
943	5
943	59
943	165
943	283
943	437
943	519
943	544
943	558
943	595
943	642
943	650
943	657
943	677
943	698
943	762
943	763
943	770
943	810
943	850
943	881
943	897
943	915
943	926
943	928
943	941
943	970
943	979
943	989
944	14
944	120
944	292
944	312
944	402
944	411
944	597
944	611
944	649
944	656
944	662
944	679
944	701
944	744
944	752
944	770
944	778
944	827
944	862
944	938
944	987
944	988
944	990
944	993
944	995
944	997
944	999
944	1000
945	93
945	124
945	298
945	430
945	432
945	456
945	474
945	616
945	625
945	651
945	694
945	702
945	717
945	766
945	811
945	830
945	861
945	870
945	877
945	909
945	912
945	913
945	942
945	950
945	960
945	973
945	984
945	988
945	994
946	38
946	109
946	222
946	262
946	305
946	359
946	378
946	381
946	388
946	395
946	405
946	636
946	703
946	718
946	746
946	749
946	769
946	800
946	837
946	852
946	871
946	879
946	934
946	937
946	954
946	970
946	976
946	992
946	1000
947	1
947	48
947	186
947	219
947	241
947	259
947	273
947	424
947	479
947	600
947	635
947	682
947	713
947	725
947	750
947	799
947	802
947	828
947	877
947	911
947	928
947	936
947	956
947	972
947	974
947	975
947	982
947	985
947	986
947	988
948	121
948	198
948	248
948	260
948	286
948	344
948	377
948	389
948	475
948	487
948	614
948	667
948	704
948	733
948	776
948	781
948	792
948	801
948	813
948	817
948	880
948	894
948	906
948	909
948	919
948	922
948	926
948	933
948	963
948	983
949	55
949	161
949	184
949	233
949	249
949	365
949	383
949	443
949	450
949	473
949	483
949	655
949	729
949	732
949	755
949	756
949	833
949	845
949	846
949	855
949	863
949	879
949	883
949	925
949	935
949	951
949	965
949	978
949	993
949	995
950	133
950	255
950	321
950	354
950	384
950	396
950	413
950	419
950	468
950	508
950	510
950	521
950	580
950	609
950	664
950	690
950	713
950	719
950	733
950	783
950	788
950	842
950	866
950	945
950	952
950	953
950	957
950	967
950	990
950	1000
951	55
951	138
951	161
951	184
951	203
951	233
951	249
951	365
951	383
951	450
951	473
951	483
951	508
951	593
951	617
951	619
951	655
951	695
951	732
951	753
951	755
951	756
951	835
951	846
951	863
951	879
951	896
951	941
951	949
951	997
952	73
952	135
952	183
952	187
952	239
952	399
952	460
952	583
952	612
952	617
952	698
952	707
952	729
952	791
952	804
952	809
952	818
952	839
952	871
952	915
952	917
952	922
952	925
952	930
952	950
952	955
952	958
952	980
952	985
952	996
953	60
953	174
953	201
953	227
953	251
953	257
953	328
953	354
953	384
953	432
953	510
953	515
953	516
953	632
953	664
953	684
953	713
953	719
953	783
953	788
953	810
953	866
953	872
953	918
953	950
953	957
953	963
953	989
953	990
953	997
954	4
954	33
954	154
954	177
954	361
954	535
954	572
954	605
954	674
954	759
954	789
954	812
954	829
954	839
954	844
954	857
954	865
954	870
954	880
954	915
954	921
954	925
954	930
954	946
954	958
954	970
954	976
954	980
954	992
954	1000
955	51
955	256
955	294
955	314
955	356
955	398
955	532
955	573
955	630
955	652
955	670
955	673
955	674
955	751
955	760
955	791
955	795
955	847
955	872
955	879
955	884
955	885
955	887
955	907
955	916
955	935
955	952
955	962
955	990
955	993
955	994
956	1
956	163
956	218
956	221
956	385
956	416
956	424
956	439
956	450
956	579
956	586
956	635
956	645
956	657
956	716
956	750
956	796
956	799
956	828
956	835
956	900
956	916
956	926
956	928
956	936
956	947
956	958
956	972
956	974
956	975
956	987
956	997
957	52
957	192
957	257
957	336
957	369
957	384
957	432
957	473
957	497
957	510
957	521
957	523
957	609
957	623
957	648
957	664
957	710
957	713
957	719
957	733
957	783
957	788
957	797
957	824
957	861
957	866
957	942
957	950
957	953
957	983
957	989
957	997
958	7
958	64
958	95
958	97
958	338
958	375
958	399
958	488
958	612
958	613
958	624
958	633
958	684
958	685
958	694
958	771
958	791
958	818
958	849
958	871
958	875
958	885
958	930
958	936
958	952
958	954
958	956
958	965
958	974
958	980
958	985
958	988
959	459
959	466
959	478
959	488
959	517
959	598
959	602
959	687
959	697
959	723
959	759
959	805
959	808
959	826
959	831
959	832
959	834
959	862
959	893
959	917
959	939
959	964
959	965
959	966
959	967
959	972
959	985
959	992
960	30
960	81
960	92
960	247
960	259
960	323
960	350
960	370
960	426
960	454
960	492
960	638
960	643
960	658
960	702
960	786
960	811
960	830
960	861
960	870
960	894
960	912
960	913
960	914
960	919
960	937
960	942
960	945
960	973
960	974
960	982
960	984
961	75
961	96
961	169
961	185
961	210
961	288
961	298
961	316
961	405
961	411
961	438
961	446
961	452
961	498
961	514
961	516
961	529
961	565
961	567
961	590
961	591
961	598
961	617
961	620
961	691
961	758
961	776
961	785
961	806
961	845
961	884
961	886
961	908
962	256
962	293
962	294
962	354
962	398
962	400
962	453
962	493
962	498
962	506
962	532
962	573
962	575
962	645
962	670
962	674
962	703
962	711
962	789
962	833
962	872
962	885
962	887
962	889
962	907
962	910
962	916
962	928
962	930
962	955
962	979
962	986
962	993
963	48
963	129
963	143
963	169
963	274
963	286
963	360
963	584
963	604
963	644
963	654
963	667
963	704
963	726
963	781
963	803
963	813
963	817
963	829
963	831
963	856
963	876
963	879
963	880
963	898
963	904
963	909
963	926
963	948
963	953
963	967
963	983
963	998
964	11
964	24
964	109
964	195
964	246
964	344
964	418
964	448
964	455
964	466
964	538
964	586
964	602
964	697
964	723
964	724
964	749
964	751
964	759
964	793
964	805
964	808
964	826
964	834
964	862
964	893
964	900
964	917
964	959
964	965
964	966
964	967
964	996
964	997
965	24
965	44
965	246
965	276
965	301
965	337
965	344
965	361
965	404
965	418
965	455
965	466
965	602
965	697
965	723
965	759
965	805
965	808
965	826
965	834
965	842
965	862
965	893
965	903
965	917
965	920
965	935
965	949
965	958
965	959
965	964
965	966
965	973
965	998
966	24
966	70
966	74
966	143
966	189
966	195
966	344
966	418
966	455
966	466
966	467
966	602
966	613
966	630
966	684
966	697
966	713
966	717
966	723
966	757
966	759
966	805
966	808
966	825
966	826
966	834
966	862
966	879
966	893
966	917
966	959
966	964
966	965
966	993
967	128
967	130
967	139
967	179
967	191
967	215
967	217
967	268
967	334
967	408
967	418
967	633
967	660
967	675
967	761
967	764
967	765
967	820
967	831
967	843
967	853
967	878
967	886
967	894
967	906
967	910
967	912
967	941
967	950
967	959
967	963
967	964
967	971
967	981
968	40
968	216
968	240
968	341
968	348
968	363
968	492
968	553
968	560
968	570
968	592
968	725
968	745
968	749
968	758
968	779
968	780
968	794
968	819
968	837
968	849
968	850
968	860
968	867
968	874
968	889
968	938
968	939
968	977
968	978
968	991
968	993
968	994
968	998
969	110
969	191
969	238
969	246
969	250
969	257
969	267
969	393
969	410
969	439
969	441
969	446
969	509
969	512
969	542
969	574
969	584
969	715
969	762
969	767
969	768
969	790
969	803
969	821
969	898
969	901
969	927
969	933
969	938
969	973
969	979
969	980
969	993
969	996
970	177
970	305
970	359
970	388
970	405
970	414
970	426
970	433
970	508
970	535
970	557
970	636
970	685
970	746
970	803
970	812
970	819
970	829
970	844
970	852
970	865
970	877
970	885
970	889
970	934
970	940
970	943
970	946
970	954
970	976
970	985
970	986
970	987
970	992
970	997
970	1000
971	85
971	95
971	139
971	168
971	173
971	268
971	445
971	472
971	502
971	581
971	604
971	660
971	692
971	722
971	729
971	747
971	761
971	764
971	781
971	786
971	798
971	820
971	846
971	853
971	860
971	866
971	878
971	894
971	906
971	910
971	967
971	981
971	990
971	991
971	992
971	996
972	23
972	78
972	116
972	218
972	221
972	230
972	253
972	278
972	289
972	385
972	431
972	479
972	503
972	570
972	600
972	635
972	639
972	645
972	663
972	678
972	696
972	701
972	716
972	750
972	799
972	809
972	846
972	899
972	911
972	915
972	922
972	928
972	936
972	947
972	956
972	959
972	974
973	77
973	93
973	96
973	164
973	247
973	252
973	259
973	287
973	350
973	400
973	492
973	542
973	556
973	572
973	588
973	616
973	638
973	702
973	717
973	766
973	789
973	810
973	811
973	830
973	861
973	868
973	870
973	912
973	913
973	923
973	937
973	945
973	960
973	965
973	969
973	983
973	984
974	22
974	142
974	187
974	278
974	289
974	347
974	363
974	374
974	416
974	431
974	443
974	479
974	503
974	535
974	590
974	600
974	626
974	671
974	678
974	716
974	741
974	750
974	799
974	824
974	828
974	829
974	911
974	921
974	928
974	929
974	942
974	947
974	956
974	958
974	960
974	972
974	975
975	23
975	48
975	187
975	304
975	347
975	363
975	416
975	424
975	431
975	527
975	546
975	579
975	600
975	635
975	645
975	678
975	682
975	724
975	750
975	777
975	785
975	787
975	797
975	815
975	823
975	828
975	843
975	869
975	891
975	904
975	907
975	911
975	928
975	936
975	947
975	956
975	974
976	33
976	169
976	240
976	273
976	283
976	349
976	401
976	467
976	501
976	605
976	666
976	712
976	737
976	746
976	766
976	778
976	800
976	808
976	809
976	829
976	839
976	844
976	845
976	846
976	865
976	900
976	915
976	925
976	934
976	937
976	946
976	954
976	970
976	990
976	992
976	993
976	996
976	1000
977	25
977	30
977	133
977	134
977	153
977	341
977	373
977	382
977	386
977	444
977	466
977	545
977	557
977	591
977	601
977	671
977	721
977	731
977	745
977	749
977	798
977	819
977	824
977	825
977	849
977	860
977	867
977	880
977	889
977	932
977	940
977	968
977	978
977	990
977	991
977	994
977	998
977	1000
978	40
978	52
978	83
978	125
978	153
978	309
978	319
978	331
978	400
978	498
978	515
978	553
978	641
978	655
978	663
978	669
978	680
978	725
978	749
978	752
978	819
978	820
978	834
978	849
978	860
978	864
978	869
978	874
978	875
978	883
978	889
978	895
978	949
978	968
978	977
978	994
978	998
978	1000
979	32
979	88
979	129
979	238
979	315
979	335
979	410
979	439
979	441
979	446
979	503
979	509
979	512
979	529
979	542
979	559
979	584
979	588
979	650
979	685
979	715
979	716
979	761
979	762
979	767
979	768
979	772
979	790
979	821
979	883
979	898
979	910
979	917
979	927
979	933
979	935
979	943
979	962
979	969
980	7
980	23
980	42
980	72
980	183
980	185
980	200
980	268
980	280
980	323
980	337
980	379
980	399
980	488
980	612
980	627
980	637
980	659
980	685
980	707
980	724
980	729
980	769
980	771
980	804
980	818
980	871
980	919
980	921
980	922
980	925
980	928
980	930
980	952
980	954
980	958
980	969
980	984
980	985
981	95
981	128
981	144
981	168
981	179
981	201
981	254
981	334
981	408
981	424
981	486
981	502
981	521
981	532
981	573
981	649
981	675
981	692
981	693
981	722
981	761
981	764
981	779
981	786
981	798
981	814
981	820
981	825
981	831
981	878
981	894
981	906
981	910
981	921
981	937
981	967
981	971
981	986
981	992
982	47
982	117
982	178
982	255
982	285
982	377
982	417
982	440
982	470
982	472
982	497
982	499
982	517
982	537
982	540
982	558
982	575
982	589
982	593
982	627
982	679
982	683
982	688
982	712
982	758
982	792
982	825
982	830
982	892
982	895
982	896
982	900
982	907
982	932
982	940
982	947
982	960
982	994
982	996
982	998
983	91
983	98
983	143
983	194
983	198
983	227
983	260
983	360
983	395
983	409
983	412
983	420
983	483
983	565
983	644
983	663
983	667
983	752
983	757
983	773
983	776
983	801
983	803
983	813
983	821
983	838
983	848
983	856
983	872
983	876
983	880
983	909
983	926
983	935
983	948
983	957
983	963
983	973
983	998
983	999
984	92
984	116
984	124
984	164
984	223
984	247
984	270
984	318
984	350
984	370
984	400
984	430
984	492
984	524
984	586
984	616
984	621
984	638
984	643
984	674
984	717
984	766
984	783
984	811
984	825
984	827
984	833
984	835
984	861
984	870
984	882
984	897
984	912
984	913
984	930
984	942
984	945
984	960
984	973
984	980
985	61
985	79
985	111
985	135
985	193
985	223
985	283
985	375
985	376
985	379
985	396
985	419
985	460
985	512
985	583
985	612
985	675
985	685
985	694
985	707
985	750
985	751
985	765
985	771
985	772
985	791
985	797
985	802
985	871
985	913
985	922
985	929
985	930
985	933
985	947
985	952
985	958
985	959
985	970
985	980
986	3
986	5
986	40
986	59
986	64
986	145
986	156
986	165
986	182
986	205
986	228
986	266
986	367
986	404
986	538
986	544
986	558
986	567
986	576
986	642
986	657
986	677
986	693
986	713
986	760
986	763
986	789
986	811
986	850
986	851
986	865
986	869
986	881
986	882
986	897
986	903
986	923
986	947
986	962
986	970
986	981
986	988
986	994
987	28
987	56
987	100
987	237
987	243
987	340
987	345
987	346
987	425
987	454
987	476
987	556
987	597
987	608
987	630
987	649
987	682
987	701
987	705
987	714
987	728
987	744
987	745
987	770
987	772
987	774
987	777
987	792
987	810
987	827
987	891
987	916
987	927
987	933
987	938
987	944
987	956
987	970
987	988
987	990
987	995
987	997
987	999
988	38
988	134
988	295
988	335
988	346
988	406
988	421
988	429
988	452
988	476
988	491
988	519
988	581
988	601
988	608
988	620
988	630
988	637
988	656
988	662
988	701
988	710
988	714
988	737
988	754
988	770
988	777
988	778
988	786
988	836
988	846
988	908
988	938
988	944
988	945
988	947
988	958
988	986
988	987
988	990
988	995
988	997
988	999
988	1000
989	14
989	46
989	60
989	63
989	79
989	133
989	140
989	174
989	192
989	201
989	217
989	255
989	258
989	269
989	319
989	321
989	354
989	364
989	369
989	413
989	516
989	521
989	609
989	623
989	662
989	664
989	685
989	713
989	719
989	733
989	758
989	763
989	783
989	788
989	826
989	829
989	856
989	866
989	871
989	886
989	919
989	943
989	953
989	957
989	998
990	73
990	87
990	107
990	159
990	310
990	312
990	332
990	345
990	397
990	454
990	476
990	546
990	550
990	556
990	577
990	597
990	630
990	649
990	656
990	662
990	665
990	686
990	710
990	718
990	744
990	754
990	770
990	777
990	778
990	827
990	907
990	932
990	938
990	942
990	944
990	950
990	953
990	955
990	971
990	976
990	977
990	987
990	988
990	995
990	997
990	999
991	52
991	83
991	115
991	125
991	160
991	194
991	319
991	343
991	445
991	450
991	478
991	481
991	507
991	546
991	560
991	570
991	601
991	632
991	641
991	663
991	668
991	710
991	720
991	745
991	749
991	777
991	798
991	819
991	840
991	845
991	849
991	850
991	852
991	857
991	860
991	864
991	867
991	874
991	889
991	902
991	968
991	971
991	977
991	994
991	998
991	1000
992	33
992	94
992	123
992	154
992	177
992	240
992	307
992	308
992	349
992	368
992	386
992	496
992	508
992	509
992	521
992	557
992	605
992	636
992	648
992	691
992	706
992	718
992	737
992	777
992	800
992	812
992	829
992	839
992	841
992	845
992	852
992	853
992	865
992	915
992	925
992	934
992	939
992	941
992	946
992	954
992	959
992	970
992	971
992	976
992	981
992	994
992	1000
993	1
993	27
993	51
993	90
993	108
993	188
993	193
993	256
993	293
993	294
993	314
993	398
993	444
993	453
993	477
993	490
993	493
993	532
993	573
993	575
993	606
993	670
993	673
993	674
993	711
993	748
993	794
993	795
993	817
993	829
993	831
993	833
993	872
993	885
993	887
993	899
993	907
993	914
993	916
993	944
993	949
993	955
993	962
993	966
993	968
993	969
993	976
994	12
994	30
994	120
994	173
994	204
994	210
994	284
994	309
994	341
994	348
994	478
994	498
994	515
994	560
994	601
994	632
994	640
994	641
994	663
994	725
994	745
994	749
994	755
994	783
994	784
994	798
994	811
994	819
994	820
994	849
994	852
994	860
994	864
994	867
994	874
994	883
994	889
994	914
994	945
994	955
994	968
994	977
994	978
994	982
994	986
994	991
994	992
994	998
995	87
995	114
995	196
995	206
995	237
995	243
995	310
995	313
995	332
995	345
995	388
995	397
995	406
995	421
995	491
995	519
995	545
995	557
995	581
995	597
995	608
995	630
995	641
995	694
995	714
995	745
995	770
995	777
995	778
995	813
995	823
995	827
995	868
995	885
995	893
995	902
995	912
995	922
995	925
995	934
995	938
995	944
995	949
995	987
995	988
995	990
995	997
995	999
996	4
996	14
996	47
996	178
996	181
996	211
996	242
996	277
996	285
996	329
996	377
996	417
996	440
996	470
996	472
996	497
996	537
996	540
996	542
996	589
996	593
996	677
996	683
996	688
996	692
996	695
996	696
996	728
996	733
996	735
996	741
996	792
996	800
996	802
996	826
996	892
996	895
996	896
996	926
996	932
996	936
996	940
996	952
996	964
996	969
996	971
996	976
996	982
997	56
997	69
997	176
997	196
997	216
997	241
997	243
997	310
997	313
997	332
997	454
997	519
997	537
997	552
997	556
997	569
997	581
997	585
997	587
997	608
997	610
997	649
997	656
997	662
997	697
997	701
997	710
997	714
997	744
997	778
997	794
997	827
997	858
997	886
997	913
997	915
997	938
997	944
997	951
997	953
997	956
997	957
997	964
997	970
997	987
997	988
997	990
997	995
997	999
998	9
998	20
998	25
998	40
998	95
998	120
998	134
998	258
998	259
998	293
998	314
998	319
998	348
998	373
998	386
998	441
998	481
998	493
998	496
998	515
998	523
998	542
998	553
998	560
998	566
998	570
998	601
998	632
998	641
998	663
998	745
998	749
998	786
998	819
998	849
998	864
998	874
998	889
998	924
998	963
998	965
998	968
998	977
998	978
998	982
998	983
998	989
998	991
998	994
999	100
999	113
999	176
999	194
999	216
999	220
999	227
999	252
999	312
999	313
999	346
999	369
999	397
999	406
999	421
999	422
999	423
999	447
999	454
999	519
999	558
999	581
999	596
999	608
999	628
999	651
999	662
999	699
999	701
999	714
999	744
999	754
999	766
999	778
999	793
999	804
999	827
999	859
999	888
999	892
999	938
999	940
999	944
999	983
999	987
999	988
999	990
999	995
999	997
1000	2
1000	22
1000	123
1000	127
1000	154
1000	169
1000	237
1000	308
1000	361
1000	388
1000	401
1000	405
1000	480
1000	508
1000	535
1000	557
1000	636
1000	646
1000	666
1000	746
1000	759
1000	798
1000	812
1000	813
1000	829
1000	839
1000	844
1000	845
1000	852
1000	861
1000	891
1000	894
1000	900
1000	914
1000	915
1000	925
1000	932
1000	934
1000	944
1000	946
1000	950
1000	954
1000	970
1000	976
1000	977
1000	978
1000	988
1000	991
1000	992
