1	102
1	544
1	649
1	947
2	675
2	802
2	838
2	930
3	128
3	739
3	963
3	994
4	579
4	633
4	879
4	929
5	394
5	719
5	973
5	984
6	581
6	885
6	940
6	989
7	28
7	442
7	943
7	974
8	234
8	691
8	854
8	920
9	629
9	799
9	988
9	991
10	848
10	957
10	987
10	995
11	248
11	923
11	939
11	993
12	559
12	704
12	742
12	966
13	684
13	860
13	925
13	996
14	505
14	932
14	957
14	995
15	547
15	961
15	990
15	999
16	955
16	962
16	967
16	968
17	677
17	955
17	967
17	981
18	405
18	430
18	529
18	976
19	813
19	891
19	898
19	910
20	108
20	552
20	703
20	771
21	36
21	293
21	941
21	968
22	109
22	333
22	933
22	983
23	224
23	833
23	871
23	946
24	518
24	800
24	917
24	980
25	376
25	544
25	963
25	994
26	682
26	841
26	949
26	980
27	858
27	873
27	912
27	989
28	7
28	922
28	947
28	996
29	733
29	906
29	920
29	993
30	94
30	140
30	144
30	689
31	722
31	834
31	846
31	979
32	293
32	942
32	975
32	986
33	159
33	644
33	748
33	980
34	831
34	942
34	977
34	993
35	557
35	766
35	970
35	992
36	21
36	707
36	906
36	998
37	185
37	254
37	655
37	960
38	539
38	768
38	892
38	895
39	470
39	503
39	927
39	964
40	290
40	571
40	906
40	924
41	239
41	636
41	832
41	854
42	684
42	796
42	857
42	913
43	772
43	960
43	975
43	998
44	959
44	973
44	987
44	995
45	978
45	981
45	984
45	997
46	626
46	718
46	771
46	862
47	906
47	942
47	951
47	986
48	241
48	288
48	716
48	978
49	669
49	857
49	870
49	962
50	335
50	611
50	733
50	792
51	113
51	257
51	580
51	816
52	608
52	760
52	863
52	998
53	127
53	576
53	957
53	995
54	352
54	747
54	917
54	998
55	194
55	406
55	637
55	656
56	60
56	503
56	554
56	629
57	757
57	823
57	833
57	956
58	232
58	357
58	607
58	976
59	794
59	842
59	856
59	885
60	56
60	216
60	629
60	765
61	456
61	507
61	924
61	992
62	163
62	466
62	908
62	933
63	757
63	892
63	997
63	999
64	621
64	655
64	662
64	741
65	141
65	601
65	816
65	857
66	185
66	523
66	651
66	714
67	375
67	494
67	900
67	975
68	317
68	955
68	963
68	994
69	511
69	963
69	977
69	993
70	864
70	877
70	911
70	968
71	295
71	619
71	730
71	846
72	600
72	652
72	835
72	940
73	396
73	834
73	838
73	933
74	734
74	857
74	870
74	939
75	189
75	485
75	888
75	983
76	586
76	856
76	933
76	1000
77	773
77	871
77	920
77	988
78	614
78	972
78	992
78	999
79	508
79	724
79	728
79	829
80	456
80	674
80	910
80	963
81	402
81	559
81	931
81	996
82	344
82	815
82	895
82	917
83	864
83	885
83	941
83	951
84	532
84	841
84	940
84	949
85	313
85	404
85	654
85	995
86	708
86	722
86	828
86	861
87	768
87	814
87	876
87	983
88	476
88	580
88	849
88	907
89	405
89	737
89	794
89	965
90	485
90	552
90	924
90	995
91	645
91	825
91	849
91	938
92	447
92	679
92	858
92	950
93	656
93	917
93	964
93	998
94	30
94	140
94	144
94	626
95	310
95	684
95	699
95	909
96	190
96	435
96	474
96	905
97	542
97	972
97	990
97	999
98	858
98	947
98	948
98	983
99	256
99	359
99	381
99	502
100	712
100	914
100	946
100	964
101	126
101	197
101	273
101	855
102	1
102	435
102	544
102	939
103	132
103	542
103	979
103	994
104	923
104	931
104	950
104	992
105	411
105	438
105	512
105	540
106	740
106	752
106	827
106	856
107	217
107	286
107	590
107	713
108	20
108	516
108	892
108	952
109	22
109	720
109	969
109	971
110	277
110	551
110	658
110	983
111	364
111	903
111	959
111	979
112	428
112	579
112	705
112	820
113	51
113	849
113	980
113	993
114	896
114	935
114	948
114	990
115	718
115	771
115	944
115	989
116	707
116	960
116	962
116	963
117	205
117	248
117	401
117	959
118	827
118	862
118	903
118	960
119	682
119	863
119	893
119	992
120	366
120	726
120	847
120	971
121	508
121	533
121	728
121	861
122	340
122	858
122	948
122	983
123	842
123	844
123	939
123	994
124	518
124	683
124	763
124	960
125	504
125	608
125	786
125	962
126	101
126	197
126	273
126	940
127	53
127	878
127	957
127	974
128	3
128	634
128	937
128	942
129	412
129	775
129	933
129	945
130	250
130	348
130	564
130	649
131	136
131	503
131	651
131	903
132	103
132	898
132	910
132	944
133	180
133	290
133	840
133	899
134	751
134	921
134	982
134	986
135	478
135	875
135	925
135	982
136	131
136	432
136	806
136	859
137	659
137	726
137	978
137	985
138	475
138	520
138	936
138	960
139	245
139	886
139	962
139	964
140	30
140	94
140	144
140	525
141	65
141	459
141	825
141	937
142	413
142	441
142	567
142	931
143	886
143	912
143	987
143	995
144	30
144	94
144	140
144	963
145	184
145	379
145	514
145	997
146	558
146	728
146	758
146	867
147	177
147	225
147	250
147	987
148	619
148	642
148	786
148	793
149	779
149	853
149	903
149	986
150	384
150	744
150	803
150	808
151	473
151	520
151	800
151	931
152	678
152	983
152	988
152	995
153	453
153	764
153	928
153	986
154	231
154	331
154	420
154	858
155	622
155	828
155	918
155	978
156	252
156	555
156	804
156	981
157	174
157	975
157	980
157	986
158	336
158	919
158	946
158	978
159	33
159	463
159	629
159	644
160	336
160	544
160	637
160	879
161	432
161	452
161	834
161	987
162	454
162	843
162	940
162	956
163	62
163	330
163	528
163	992
164	740
164	795
164	827
164	972
165	812
165	927
165	933
165	958
166	299
166	872
166	876
166	976
167	521
167	855
167	868
167	971
168	791
168	967
168	992
168	994
169	511
169	660
169	755
169	960
170	172
170	664
170	872
170	918
171	774
171	973
171	974
171	985
172	170
172	200
172	709
172	1000
173	252
173	555
173	792
173	953
174	157
174	469
174	683
174	847
175	833
175	946
175	978
175	996
176	798
176	808
176	918
176	978
177	147
177	250
177	572
177	822
178	662
178	669
178	897
178	950
179	516
179	593
179	649
179	669
180	133
180	185
180	923
180	965
181	307
181	450
181	715
181	952
182	660
182	853
182	969
182	971
183	190
183	261
183	937
183	965
184	145
184	379
184	868
184	886
185	37
185	66
185	180
185	768
186	245
186	419
186	607
186	739
187	625
187	852
187	971
187	985
188	689
188	806
188	811
188	859
189	75
189	843
189	938
189	947
190	96
190	183
190	960
190	974
191	369
191	962
191	975
191	986
192	700
192	869
192	946
192	976
193	455
193	630
193	854
193	926
194	55
194	560
194	883
194	929
195	725
195	937
195	999
195	1000
196	381
196	529
196	689
196	862
197	101
197	126
197	618
197	809
198	219
198	883
198	930
198	990
199	284
199	348
199	833
199	911
200	172
200	465
200	757
200	967
201	439
201	558
201	589
201	728
202	526
202	845
202	856
202	861
203	704
203	735
203	788
203	816
204	574
204	886
204	977
204	993
205	117
205	847
205	971
205	998
206	478
206	713
206	903
206	995
207	208
207	651
207	722
207	976
208	207
208	540
208	630
208	910
209	576
209	768
209	965
209	968
210	331
210	711
210	844
210	994
211	745
211	969
211	971
211	994
212	364
212	486
212	613
212	929
213	675
213	687
213	698
213	971
214	397
214	607
214	938
214	968
215	241
215	324
215	786
215	918
216	60
216	769
216	898
216	937
217	107
217	254
217	481
217	905
218	262
218	388
218	407
218	911
219	198
219	666
219	699
219	744
220	411
220	438
220	462
220	512
221	695
221	789
221	859
221	924
222	627
222	675
222	698
222	971
223	780
223	910
223	926
223	995
224	23
224	304
224	875
224	913
225	147
225	250
225	748
225	912
226	631
226	878
226	946
226	974
227	551
227	696
227	705
227	924
228	267
228	780
228	953
228	993
229	486
229	941
229	981
229	997
230	423
230	636
230	821
230	825
231	154
231	604
231	683
231	986
232	58
232	877
232	951
232	975
233	249
233	394
233	773
233	991
234	8
234	648
234	725
234	890
235	630
235	854
235	859
235	940
236	499
236	840
236	924
236	983
237	571
237	616
237	656
237	664
238	455
238	510
238	608
238	821
239	41
239	903
239	966
239	989
239	999
240	258
240	686
240	799
240	854
240	921
241	48
241	215
241	261
241	340
241	694
242	252
242	555
242	600
242	856
242	915
243	317
243	776
243	786
243	870
243	975
244	555
244	897
244	920
244	977
244	986
245	139
245	186
245	357
245	607
245	964
246	361
246	611
246	641
246	733
246	792
247	515
247	870
247	941
247	997
247	999
248	11
248	117
248	265
248	401
248	571
249	233
249	571
249	656
249	664
249	819
250	130
250	147
250	177
250	225
250	251
251	250
251	449
251	606
251	837
251	984
252	156
252	173
252	242
252	555
252	974
253	809
253	823
253	928
253	958
253	993
254	37
254	217
254	360
254	590
254	926
255	577
255	696
255	945
255	969
255	971
256	99
256	359
256	381
256	535
256	558
257	51
257	721
257	833
257	869
257	945
258	240
258	636
258	854
258	870
258	921
259	451
259	485
259	735
259	906
259	942
260	325
260	940
260	944
260	956
260	958
261	183
261	241
261	701
261	957
261	987
262	218
262	388
262	407
262	572
262	995
263	466
263	497
263	600
263	612
263	839
264	501
264	880
264	973
264	974
264	985
265	248
265	401
265	581
265	634
265	888
266	575
266	915
266	953
266	991
266	993
267	228
267	573
267	825
267	849
267	999
268	893
268	949
268	971
268	992
268	1000
269	770
269	789
269	806
269	859
269	880
270	502
270	742
270	943
270	960
270	965
271	502
271	937
271	960
271	987
271	992
272	878
272	912
272	944
272	961
272	1000
273	101
273	126
273	711
273	748
273	1000
274	583
274	615
274	874
274	898
274	910
275	828
275	842
275	861
275	910
275	921
276	747
276	834
276	920
276	950
276	977
277	110
277	429
277	693
277	705
277	926
278	325
278	659
278	904
278	981
278	997
279	555
279	644
279	845
279	866
279	996
280	749
280	811
280	858
280	930
280	973
281	457
281	904
281	938
281	974
281	985
282	314
282	432
282	462
282	766
282	979
283	745
283	972
283	979
283	990
283	999
284	199
284	348
284	516
284	940
284	981
285	791
285	819
285	839
285	862
285	942
286	107
286	496
286	598
286	634
286	839
287	496
287	598
287	643
287	877
287	999
288	48
288	324
288	340
288	387
288	897
289	530
289	660
289	872
289	918
289	976
290	40
290	133
290	555
290	924
290	948
291	582
291	652
291	675
291	808
291	990
292	824
292	920
292	943
292	974
292	985
293	21
293	32
293	597
293	966
293	988
294	304
294	459
294	687
294	937
294	965
295	71
295	467
295	539
295	883
295	917
296	431
296	791
296	803
296	819
296	902
297	318
297	632
297	740
297	827
297	859
298	644
298	755
298	875
298	883
298	925
299	166
299	655
299	944
299	996
299	1000
300	317
300	360
300	981
300	990
300	999
301	309
301	824
301	860
301	903
301	925
302	645
302	671
302	946
302	960
302	965
303	358
303	534
303	546
303	952
303	987
304	224
304	294
304	517
304	576
304	815
305	820
305	879
305	883
305	929
305	1000
306	459
306	470
306	812
306	849
306	921
307	181
307	828
307	856
307	861
307	981
308	624
308	830
308	896
308	898
308	910
309	301
309	889
309	904
309	941
309	970
310	95
310	666
310	700
310	744
310	954
311	552
311	697
311	945
311	969
311	971
312	637
312	772
312	788
312	927
312	998
313	85
313	848
313	866
313	957
313	987
314	282
314	452
314	462
314	703
314	709
315	345
315	769
315	945
315	969
315	971
316	548
316	923
316	981
316	990
316	997
317	68
317	243
317	300
317	877
317	982
318	297
318	345
318	892
318	941
318	952
319	484
319	657
319	869
319	987
319	995
320	725
320	807
320	951
320	986
320	992
321	341
321	449
321	750
321	855
321	913
322	433
322	702
322	875
322	913
322	953
323	632
323	721
323	752
323	817
323	827
324	215
324	288
324	944
324	952
324	982
325	260
325	278
325	710
325	949
325	952
326	521
326	563
326	777
326	953
326	993
327	554
327	704
327	926
327	928
327	958
328	466
328	853
328	936
328	975
328	986
329	442
329	445
329	825
329	843
329	849
330	163
330	702
330	859
330	898
330	910
331	154
331	210
331	746
331	948
331	983
332	721
332	941
332	943
332	973
332	974
333	22
333	712
333	832
333	834
333	934
334	513
334	703
334	771
334	912
334	984
335	50
335	589
335	768
335	770
335	809
336	158
336	160
336	544
336	903
336	929
337	617
337	886
337	949
337	957
337	987
338	389
338	510
338	719
338	752
338	812
339	348
339	653
339	951
339	986
339	987
340	122
340	241
340	288
340	808
340	959
341	321
341	618
341	845
341	866
341	960
342	593
342	745
342	798
342	987
342	995
343	915
343	942
343	949
343	981
343	999
344	82
344	936
344	954
344	962
344	991
345	315
345	318
345	450
345	883
345	930
346	481
346	541
346	590
346	779
346	818
347	573
347	836
347	886
347	895
347	955
348	130
348	199
348	284
348	339
348	592
349	562
349	840
349	901
349	924
349	932
350	702
350	898
350	910
350	916
350	932
351	714
351	985
351	988
351	989
351	991
352	54
352	549
352	984
352	992
352	996
353	864
353	890
353	968
353	992
353	1000
354	782
354	885
354	900
354	985
354	986
355	559
355	867
355	876
355	980
355	982
356	695
356	845
356	892
356	956
356	958
357	58
357	245
357	473
357	585
357	607
358	303
358	397
358	530
358	905
358	952
359	99
359	256
359	381
359	945
359	977
360	254
360	300
360	481
360	541
360	810
361	246
361	673
361	959
361	981
361	997
362	813
362	924
362	934
362	979
362	988
363	936
363	945
363	954
363	958
363	970
364	111
364	212
364	842
364	964
364	966
365	396
365	417
365	834
365	844
365	933
366	120
366	775
366	906
366	947
366	968
367	475
367	504
367	673
367	690
367	871
368	445
368	905
368	963
368	967
368	994
369	191
369	857
369	973
369	985
369	996
370	711
370	794
370	944
370	957
370	995
371	696
371	727
371	947
371	964
371	1000
372	417
372	616
372	677
372	958
372	978
373	827
373	907
373	934
373	950
373	998
374	490
374	527
374	877
374	980
374	993
375	67
375	533
375	569
375	728
375	993
376	25
376	711
376	887
376	980
376	982
377	795
377	906
377	928
377	940
377	958
378	383
378	623
378	632
378	967
378	991
379	145
379	184
379	593
379	648
379	856
380	462
380	605
380	715
380	902
380	962
381	99
381	196
381	256
381	359
381	930
382	832
382	880
382	901
382	954
382	970
383	378
383	685
383	865
383	911
383	998
384	150
384	453
384	680
384	744
384	804
385	549
385	789
385	859
385	941
385	978
386	701
386	872
386	933
386	956
386	967
387	288
387	469
387	604
387	683
387	875
388	218
388	262
388	407
388	501
388	849
389	338
389	673
389	719
389	738
389	951
390	824
390	849
390	909
390	945
390	969
391	426
391	821
391	823
391	956
391	958
392	676
392	866
392	968
392	974
392	985
393	532
393	842
393	868
393	877
393	921
394	5
394	233
394	522
394	965
394	973
395	784
395	812
395	829
395	834
395	933
395	989
396	73
396	365
396	509
396	586
396	812
396	978
397	214
397	358
397	583
397	702
397	769
397	910
398	596
398	615
398	698
398	832
398	943
398	973
399	667
399	927
399	938
399	964
399	970
399	973
400	699
400	777
400	802
400	817
400	892
400	952
401	117
401	248
401	265
401	653
401	975
401	986
402	81
402	448
402	591
402	655
402	722
402	846
403	484
403	670
403	950
403	957
403	966
403	989
404	85
404	621
404	903
404	943
404	974
404	985
405	18
405	89
405	648
405	809
405	878
405	943
406	55
406	571
406	597
406	656
406	664
406	1000
407	218
407	262
407	388
407	667
407	813
407	987
408	492
408	895
408	919
408	920
408	939
408	993
409	517
409	593
409	847
409	917
409	922
409	989
410	588
410	769
410	837
410	871
410	898
410	910
411	105
411	220
411	512
411	651
411	732
411	869
412	129
412	672
412	875
412	892
412	925
412	977
413	142
413	493
413	650
413	886
413	909
413	989
414	448
414	600
414	671
414	825
414	873
414	960
415	733
415	758
415	792
415	802
415	941
415	969
416	594
416	711
416	867
416	921
416	982
416	994
417	365
417	372
417	605
417	661
417	872
417	912
418	767
418	791
418	819
418	902
418	925
418	999
419	186
419	679
419	713
419	894
419	987
419	995
420	154
420	687
420	724
420	776
420	786
420	793
421	694
421	899
421	925
421	956
421	970
421	999
422	590
422	834
422	884
422	917
422	927
422	947
423	230
423	500
423	567
423	580
423	849
423	952
424	494
424	686
424	845
424	987
424	991
424	995
425	898
425	945
425	955
425	969
425	971
425	973
426	391
426	663
426	784
426	813
426	830
426	866
427	887
427	901
427	903
427	907
427	919
427	927
428	112
428	476
428	692
428	693
428	705
428	987
429	277
429	785
429	835
429	860
429	913
429	925
430	18
430	643
430	701
430	873
430	968
430	978
431	296
431	675
431	687
431	698
431	888
431	990
432	136
432	161
432	282
432	452
432	866
432	991
433	322
433	851
433	923
433	963
433	996
433	1000
434	608
434	671
434	854
434	943
434	973
434	974
435	96
435	102
435	916
435	936
435	970
435	987
436	658
436	799
436	821
436	987
436	994
436	995
437	504
437	781
437	836
437	872
437	953
437	977
438	105
438	220
438	512
438	736
438	737
438	981
439	201
439	742
439	877
439	926
439	961
439	982
440	881
440	928
440	943
440	959
440	990
440	997
441	142
441	756
441	936
441	953
441	977
441	993
442	7
442	329
442	570
442	631
442	905
442	952
443	675
443	676
443	687
443	698
443	875
444	712
444	790
444	812
444	819
444	933
444	974
445	329
445	368
445	500
445	573
445	930
445	965
446	724
446	776
446	793
446	955
446	958
446	992
447	92
447	782
447	792
447	931
447	983
447	989
448	402
448	414
448	510
448	716
448	762
448	960
449	251
449	321
449	860
449	913
449	988
449	994
450	181
450	345
450	691
450	891
450	927
450	998
451	259
451	903
451	909
451	950
451	971
451	979
452	161
452	314
452	432
452	462
452	623
452	777
453	153
453	384
453	488
453	700
453	804
453	934
454	162
454	486
454	578
454	789
454	806
454	902
455	193
455	238
455	686
455	854
455	939
455	958
456	61
456	80
456	509
456	643
456	674
456	785
457	281
457	564
457	633
457	940
457	956
457	958
458	519
458	596
458	931
458	935
458	956
458	983
459	141
459	294
459	306
459	816
459	825
459	959
460	471
460	537
460	878
460	955
460	967
460	972
461	553
461	621
461	789
461	806
461	859
461	914
462	220
462	282
462	314
462	380
462	452
462	883
463	159
463	554
463	644
463	776
463	826
463	958
464	673
464	690
464	719
464	755
464	793
464	813
465	200
465	488
465	806
465	957
465	987
465	995
466	62
466	263
466	328
466	782
466	888
466	992
467	295
467	597
467	816
467	857
467	870
467	969
468	624
468	626
468	736
468	737
468	840
468	924
469	174
469	387
469	604
469	683
469	765
469	991
470	39
470	306
470	573
470	635
470	849
470	998
471	460
471	673
471	921
471	958
471	962
471	994
472	541
472	568
472	739
472	870
472	930
472	950
473	151
473	357
473	475
473	520
473	752
473	895
474	96
474	489
474	491
474	694
474	905
474	930
475	138
475	367
475	473
475	520
475	693
475	999
476	88
476	428
476	551
476	693
476	705
476	833
477	643
477	666
477	700
477	744
477	805
477	858
478	135
478	206
478	740
478	752
478	827
478	982
479	527
479	811
479	821
479	838
479	929
479	987
480	599
480	865
480	869
480	911
480	945
480	969
481	217
481	346
481	360
481	599
481	754
481	971
482	513
482	523
482	703
482	718
482	761
482	771
483	484
483	521
483	777
483	889
483	957
483	987
484	319
484	403
484	483
484	666
484	918
484	995
485	75
485	90
485	259
485	558
485	935
485	979
486	212
486	229
486	454
486	789
486	859
486	890
487	649
487	787
487	894
487	922
487	968
487	970
488	453
488	465
488	699
488	700
488	924
488	989
489	474
489	494
489	620
489	905
489	937
489	952
489	976
490	374
490	566
490	614
490	625
490	921
490	926
490	968
491	474
491	556
491	612
491	908
491	948
491	983
491	991
492	408
492	619
492	640
492	758
492	792
492	940
492	950
493	413
493	769
493	826
493	942
493	977
493	979
493	991
494	67
494	424
494	489
494	536
494	615
494	957
494	995
495	636
495	828
495	838
495	842
495	856
495	861
495	939
496	286
496	287
496	643
496	674
496	688
496	806
496	966
497	263
497	582
497	612
497	633
497	652
497	826
497	873
498	662
498	805
498	834
498	893
498	962
498	964
498	998
499	236
499	566
499	707
499	950
499	976
499	988
499	989
500	423
500	445
500	580
500	825
500	837
500	848
500	984
501	264
501	388
501	785
501	855
501	980
501	982
501	988
502	99
502	270
502	271
502	511
502	883
502	960
502	994
503	39
503	56
503	131
503	521
503	591
503	846
503	994
504	125
504	367
504	437
504	608
504	690
504	948
504	972
505	14
505	886
505	901
505	906
505	962
505	963
505	994
506	641
506	767
506	964
506	966
506	979
506	989
506	997
507	61
507	626
507	635
507	731
507	737
507	790
507	924
508	79
508	121
508	558
508	702
508	728
508	881
508	924
509	396
509	456
509	598
509	643
509	674
509	768
509	776
510	238
510	338
510	448
510	614
510	659
510	673
510	690
511	69
511	169
511	502
511	580
511	809
511	937
511	975
512	105
512	220
512	411
512	438
512	823
512	861
512	886
513	334
513	482
513	703
513	718
513	762
513	771
513	858
514	145
514	516
514	593
514	649
514	872
514	925
514	968
515	247
515	600
515	885
515	896
515	900
515	951
515	986
516	108
516	179
516	284
516	514
516	595
516	649
516	825
517	304
517	409
517	750
517	911
517	938
517	961
517	968
518	24
518	124
518	824
518	833
518	914
518	976
518	978
519	458
519	785
519	841
519	880
519	928
519	940
519	956
520	138
520	151
520	473
520	475
520	746
520	747
520	982
521	167
521	326
521	483
521	503
521	572
521	591
521	651
522	394
522	558
522	695
522	786
522	836
522	938
522	964
523	66
523	482
523	802
523	905
523	913
523	952
523	963
524	724
524	755
524	776
524	786
524	793
524	964
524	995
525	140
525	810
525	812
525	840
525	893
525	944
525	1000
526	202
526	778
526	902
526	903
526	934
526	975
526	988
527	374
527	479
527	836
527	929
527	930
527	964
527	969
528	163
528	692
528	923
528	944
528	948
528	984
528	997
529	18
529	196
529	600
529	611
529	628
529	799
529	902
530	289
530	358
530	550
530	688
530	895
530	937
530	965
531	657
531	772
531	900
531	918
531	923
531	951
531	975
532	84
532	393
532	765
532	877
532	932
532	984
532	996
533	121
533	375
533	558
533	728
533	781
533	943
533	997
534	303
534	535
534	628
534	665
534	830
534	888
534	931
535	256
535	534
535	838
535	866
535	905
535	908
535	931
536	494
536	577
536	706
536	873
536	919
536	946
536	997
537	460
537	568
537	605
537	902
537	906
537	968
537	997
538	704
538	864
538	905
538	962
538	963
538	992
538	994
539	38
539	295
539	572
539	687
539	714
539	846
539	946
540	105
540	208
540	694
540	954
540	990
540	997
540	999
541	346
541	360
541	472
541	590
541	915
541	922
541	954
542	97
542	103
542	864
542	897
542	967
542	993
542	994
543	700
543	897
543	939
543	977
543	989
543	993
543	997
544	1
544	25
544	102
544	160
544	336
544	727
544	997
545	606
545	769
545	835
545	860
545	887
545	913
545	925
546	303
546	785
546	926
546	947
546	949
546	980
546	995
547	15
547	798
547	901
547	926
547	949
547	980
547	982
548	316
548	567
548	961
548	991
548	992
548	996
548	1000
549	352
549	385
549	674
549	789
549	806
549	859
549	948
550	530
550	864
550	931
550	972
550	990
550	997
550	999
551	110
551	227
551	476
551	693
551	882
551	908
551	989
552	20
552	90
552	311
552	737
552	840
552	924
552	938
553	461
553	788
553	791
553	816
553	826
553	857
553	870
554	56
554	327
554	463
554	629
554	644
554	868
554	969
555	156
555	173
555	242
555	244
555	252
555	279
555	290
556	491
556	806
556	850
556	893
556	909
556	966
556	991
557	35
557	585
557	822
557	845
557	869
557	914
557	976
558	146
558	201
558	256
558	485
558	508
558	522
558	533
559	12
559	81
559	355
559	603
559	756
559	888
559	1000
560	194
560	843
560	883
560	929
560	930
560	959
560	990
561	588
561	683
561	691
561	855
561	868
561	945
561	969
562	349
562	569
562	675
562	737
562	840
562	924
562	981
563	326
563	860
563	911
563	922
563	947
563	985
563	998
564	130
564	457
564	623
564	909
564	934
564	988
564	991
565	660
565	677
565	709
565	760
565	785
565	949
565	980
565	982
566	490
566	499
566	931
566	954
566	955
566	962
566	963
566	994
567	142
567	423
567	548
567	778
567	916
567	931
567	935
567	983
568	472
568	537
568	668
568	799
568	834
568	862
568	901
568	928
569	375
569	562
569	626
569	655
569	737
569	876
569	924
569	971
570	442
570	715
570	881
570	892
570	905
570	933
570	952
570	984
571	40
571	237
571	248
571	249
571	406
571	664
571	805
571	920
572	177
572	262
572	521
572	539
572	714
572	722
572	846
572	955
573	267
573	347
573	445
573	470
573	825
573	849
573	882
573	996
574	204
574	699
574	779
574	784
574	840
574	879
574	930
574	996
575	266
575	581
575	648
575	739
575	788
575	857
575	870
575	978
576	53
576	209
576	304
576	773
576	778
576	887
576	966
576	975
577	255
577	536
577	761
577	828
577	842
577	856
577	861
577	982
578	454
578	836
578	857
578	912
578	914
578	976
578	978
578	997
579	4
579	112
579	738
579	850
579	866
579	901
579	934
579	989
580	51
580	88
580	423
580	500
580	511
580	991
580	997
580	1000
581	6
581	265
581	575
581	746
581	749
581	887
581	903
581	988
582	291
582	497
582	612
582	652
582	654
582	874
582	965
582	967
583	274
583	397
583	611
583	885
583	898
583	910
583	918
583	934
584	657
584	928
584	932
584	940
584	956
584	958
584	979
584	991
585	357
585	557
585	831
585	864
585	922
585	962
585	989
585	994
586	76
586	396
586	715
586	775
586	929
586	933
586	957
586	974
587	877
587	889
587	916
587	936
587	942
587	954
587	970
587	984
588	410
588	561
588	589
588	769
588	898
588	910
588	954
588	986
589	201
589	335
589	588
589	817
589	937
589	965
589	966
589	988
590	107
590	254
590	346
590	422
590	541
590	819
590	898
590	923
591	402
591	503
591	521
591	714
591	846
591	921
591	938
591	976
592	348
592	603
592	701
592	741
592	865
592	881
592	945
592	969
593	179
593	342
593	379
593	409
593	514
593	649
593	955
593	979
594	416
594	713
594	725
594	738
594	852
594	979
594	987
594	995
595	516
595	804
595	814
595	822
595	865
595	868
595	881
595	971
596	398
596	458
596	679
596	750
596	865
596	908
596	948
596	992
597	293
597	406
597	467
597	907
597	964
597	966
597	971
597	989
598	286
598	287
598	509
598	674
598	755
598	837
598	848
598	889
599	480
599	481
599	750
599	793
599	935
599	948
599	972
599	983
600	72
600	242
600	263
600	414
600	515
600	529
600	612
600	652
601	65
601	745
601	800
601	828
601	842
601	856
601	861
601	990
602	618
602	685
602	704
602	882
602	893
602	954
602	961
602	1000
603	559
603	592
603	750
603	756
603	878
603	899
603	908
603	966
604	231
604	387
604	469
604	683
604	736
604	754
604	873
604	888
605	380
605	417
605	537
605	628
605	803
605	937
605	949
605	974
606	251
606	545
606	767
606	820
606	847
606	881
606	969
606	971
607	58
607	186
607	214
607	245
607	357
607	732
607	735
607	885
608	52
608	125
608	238
608	434
608	504
608	719
608	836
608	998
609	766
609	841
609	928
609	943
609	945
609	956
609	958
609	984
610	623
610	710
610	778
610	822
610	955
610	962
610	963
610	967
611	50
611	246
611	529
611	583
611	619
611	640
611	758
611	841
612	263
612	491
612	497
612	582
612	600
612	827
612	913
612	967
613	212
613	846
613	897
613	901
613	919
613	920
613	950
613	979
614	78
614	490
614	510
614	666
614	779
614	921
614	949
614	980
615	274
615	398
615	494
615	787
615	794
615	798
615	987
615	995
616	237
616	372
616	676
616	714
616	869
616	873
616	912
616	914
617	337
617	738
617	827
617	913
617	919
617	957
617	977
617	987
617	995
618	197
618	341
618	602
618	667
618	830
618	845
618	857
618	866
618	916
619	71
619	148
619	492
619	611
619	733
619	758
619	792
619	835
619	981
620	489
620	802
620	848
620	892
620	905
620	930
620	952
620	984
620	986
621	64
621	404
621	461
621	708
621	753
621	851
621	878
621	973
621	983
622	155
622	627
622	747
622	772
622	868
622	873
622	898
622	918
622	976
623	378
623	452
623	564
623	610
623	803
623	886
623	962
623	963
623	972
624	308
624	468
624	774
624	831
624	844
624	864
624	905
624	967
624	994
625	187
625	490
625	753
625	917
625	943
625	973
625	980
625	985
625	990
626	46
626	94
626	468
626	507
626	569
626	676
626	814
626	840
626	924
627	222
627	622
627	709
627	759
627	780
627	867
627	921
627	934
627	982
628	529
628	534
628	605
628	690
628	785
628	803
628	819
628	851
628	902
629	9
629	56
629	60
629	159
629	554
629	644
629	664
629	901
629	911
630	193
630	208
630	235
630	662
630	686
630	691
630	726
630	854
630	962
631	226
631	442
631	670
631	802
631	865
631	892
631	929
631	933
631	952
632	297
632	323
632	378
632	740
632	752
632	827
632	917
632	991
632	999
633	4
633	457
633	497
633	791
633	799
633	819
633	862
633	902
633	981
634	128
634	265
634	286
634	725
634	824
634	895
634	960
634	965
634	975
635	470
635	507
635	780
635	800
635	908
635	909
635	926
635	975
635	980
636	41
636	230
636	258
636	495
636	679
636	686
636	691
636	854
636	959
637	55
637	160
637	312
637	653
637	805
637	906
637	964
637	979
637	998
638	766
638	932
638	955
638	965
638	984
638	993
638	996
638	997
638	1000
639	660
639	688
639	774
639	878
639	894
639	918
639	973
639	974
639	985
640	492
640	611
640	733
640	758
640	792
640	807
640	881
640	931
640	997
641	246
641	506
641	738
641	753
641	798
641	915
641	957
641	987
641	995
642	148
642	670
642	676
642	715
642	892
642	905
642	952
642	955
642	970
643	287
643	430
643	456
643	477
643	496
643	509
643	647
643	674
643	996
644	33
644	159
644	279
644	298
644	463
644	554
644	629
644	888
644	923
645	91
645	302
645	654
645	901
645	924
645	954
645	979
645	989
645	991
646	722
646	761
646	883
646	928
646	932
646	940
646	956
646	958
646	989
647	643
647	694
647	803
647	882
647	899
647	910
647	954
647	970
647	983
648	234
648	379
648	405
648	575
648	655
648	892
648	960
648	965
648	993
649	1
649	130
649	179
649	487
649	514
649	516
649	593
649	874
649	989
650	413
650	874
650	889
650	904
650	922
650	954
650	970
650	979
650	993
651	66
651	131
651	207
651	411
651	521
651	846
651	956
651	985
651	993
652	72
652	291
652	497
652	582
652	600
652	759
652	797
652	946
652	987
653	339
653	401
653	637
653	800
653	853
653	885
653	917
653	975
653	986
654	85
654	582
654	645
654	697
654	849
654	901
654	950
654	988
654	989
655	37
655	64
655	299
655	402
655	569
655	648
655	668
655	895
655	965
656	55
656	93
656	237
656	249
656	406
656	664
656	672
656	938
656	983
657	319
657	531
657	584
657	764
657	801
657	940
657	956
657	958
657	1000
658	110
658	436
658	794
658	838
658	869
658	957
658	969
658	987
658	995
659	137
659	278
659	510
659	746
659	801
659	832
659	897
659	943
659	985
660	169
660	182
660	289
660	565
660	639
660	735
660	931
660	948
660	983
661	417
661	670
661	753
661	808
661	946
661	955
661	976
661	978
661	979
662	64
662	178
662	498
662	630
662	783
662	784
662	906
662	964
662	998
663	426
663	734
663	739
663	786
663	813
663	830
663	845
663	861
663	866
663	874
664	170
664	237
664	249
664	406
664	571
664	629
664	656
664	904
664	915
664	961
665	534
665	730
665	760
665	908
665	918
665	935
665	948
665	960
665	983
665	999
666	219
666	310
666	477
666	484
666	614
666	699
666	700
666	935
666	937
666	967
667	399
667	407
667	618
667	734
667	813
667	830
667	845
667	866
667	929
667	983
668	568
668	655
668	689
668	791
668	799
668	803
668	862
668	912
668	926
668	948
669	49
669	178
669	179
669	836
669	884
669	911
669	947
669	969
669	974
669	998
670	403
670	631
670	642
670	661
670	837
670	850
670	854
670	892
670	905
670	952
671	302
671	414
671	434
671	741
671	806
671	937
671	960
671	965
671	985
671	990
672	412
672	656
672	684
672	724
672	755
672	801
672	835
672	913
672	925
672	974
673	361
673	367
673	389
673	464
673	471
673	510
673	690
673	719
673	993
673	998
674	80
674	456
674	496
674	509
674	549
674	598
674	643
674	948
674	979
674	994
675	2
675	213
675	222
675	291
675	431
675	443
675	562
675	687
675	698
675	999
676	392
676	443
676	616
676	626
676	642
676	687
676	746
676	943
676	974
676	985
677	17
677	372
677	565
677	759
677	890
677	935
677	961
677	984
677	996
677	1000
678	152
678	756
678	851
678	858
678	888
678	935
678	945
678	963
678	983
678	992
679	92
679	419
679	596
679	636
679	734
679	813
679	830
679	845
679	866
679	952
680	384
680	699
680	843
680	850
680	872
680	934
680	950
680	988
680	989
680	991
681	684
681	835
681	841
681	860
681	875
681	897
681	913
681	925
681	934
681	990
682	26
682	119
682	750
682	762
682	867
682	959
682	972
682	990
682	997
682	999
683	124
683	174
683	231
683	387
683	469
683	561
683	604
683	790
683	945
683	993
684	13
684	42
684	95
684	672
684	681
684	766
684	835
684	923
684	925
684	998
685	383
685	602
685	916
685	932
685	939
685	941
685	944
685	961
685	992
685	996
686	240
686	424
686	455
686	630
686	636
686	691
686	775
686	854
686	941
686	944
687	213
687	294
687	420
687	431
687	443
687	539
687	675
687	676
687	698
688	496
688	530
688	639
688	716
688	720
688	807
688	902
688	951
688	975
688	986
689	30
689	188
689	196
689	668
689	799
689	842
689	862
689	902
689	936
689	982
690	367
690	464
690	504
690	510
690	628
690	673
690	719
690	798
690	869
690	911
691	8
691	450
691	561
691	630
691	636
691	686
691	854
691	958
691	966
691	985
692	428
692	528
692	855
692	868
692	881
692	945
692	969
692	971
692	974
692	996
693	277
693	428
693	475
693	476
693	551
693	705
693	724
693	854
693	870
693	909
694	241
694	421
694	474
694	540
694	647
694	874
694	899
694	916
694	970
694	1000
695	221
695	356
695	522
695	863
695	894
695	896
695	926
695	927
695	968
695	998
696	227
696	255
696	371
696	784
696	811
696	879
696	929
696	930
696	951
696	984
697	311
697	654
697	802
697	915
697	939
697	953
697	965
697	977
697	993
697	1000
698	213
698	222
698	398
698	431
698	443
698	675
698	687
698	732
698	850
698	986
699	95
699	219
699	400
699	488
699	574
699	666
699	680
699	700
699	744
699	911
699	957
700	192
700	310
700	453
700	477
700	488
700	543
700	666
700	699
700	778
700	916
700	951
701	261
701	386
701	430
701	592
701	712
701	775
701	798
701	810
701	812
701	834
701	933
702	322
702	330
702	350
702	397
702	508
702	769
702	898
702	910
702	988
702	991
702	998
703	20
703	314
703	334
703	482
703	513
703	718
703	729
703	771
703	925
703	965
703	970
704	12
704	203
704	327
704	538
704	602
704	721
704	739
704	788
704	816
704	857
704	870
705	112
705	227
705	277
705	428
705	476
705	693
705	734
705	847
705	877
705	918
705	998
706	536
706	790
706	828
706	869
706	880
706	884
706	912
706	919
706	971
706	976
706	978
707	36
707	116
707	499
707	866
707	894
707	903
707	904
707	909
707	966
707	979
707	989
708	86
708	621
708	735
708	746
708	832
708	849
708	947
708	973
708	974
708	985
708	991
709	172
709	314
709	565
709	627
709	711
709	814
709	831
709	877
709	907
709	949
709	982
710	325
710	610
710	732
710	800
710	823
710	867
710	900
710	924
710	926
710	963
710	980
711	210
711	273
711	370
711	376
711	416
711	709
711	723
711	742
711	781
711	980
711	982
712	100
712	333
712	444
712	701
712	775
712	834
712	868
712	923
712	933
712	951
712	966
713	107
713	206
713	419
713	594
713	738
713	810
713	845
713	861
713	887
713	957
713	987
714	66
714	351
714	539
714	572
714	591
714	616
714	722
714	726
714	846
714	913
714	980
715	181
715	380
715	570
715	586
715	642
715	802
715	835
715	867
715	892
715	952
715	987
716	48
716	448
716	688
716	727
716	885
716	891
716	900
716	914
716	951
716	975
716	986
717	732
717	807
717	885
717	900
717	913
717	914
717	919
717	938
717	951
717	975
717	986
718	46
718	115
718	482
718	513
718	703
718	771
718	786
718	851
718	870
718	900
718	954
719	5
719	338
719	389
719	464
719	608
719	673
719	690
719	733
719	793
719	816
719	861
720	109
720	688
720	740
720	771
720	794
720	853
720	885
720	900
720	975
720	986
720	998
721	257
721	323
721	332
721	704
721	827
721	873
721	902
721	918
721	946
721	976
721	978
722	31
722	86
722	207
722	402
722	572
722	646
722	714
722	846
722	884
722	932
722	986
723	711
723	776
723	820
723	867
723	926
723	931
723	949
723	950
723	963
723	982
723	990
724	79
724	420
724	446
724	524
724	672
724	693
724	776
724	786
724	793
724	966
724	995
725	195
725	234
725	320
725	594
725	634
725	736
725	797
725	815
725	895
725	964
725	976
726	120
726	137
726	630
726	714
726	754
726	876
726	882
726	899
726	904
726	936
726	970
727	371
727	544
727	716
727	836
727	917
727	922
727	928
727	938
727	956
727	963
727	968
728	79
728	121
728	146
728	201
728	375
728	508
728	533
728	774
728	950
728	974
728	989
729	703
729	763
729	818
729	871
729	930
729	955
729	962
729	963
729	967
729	994
729	998
730	71
730	665
730	738
730	746
730	832
730	861
730	878
730	966
730	973
730	974
730	985
731	507
731	751
731	765
731	789
731	854
731	867
731	932
731	944
731	961
731	996
731	1000
732	411
732	607
732	698
732	710
732	717
732	780
732	926
732	949
732	980
732	982
732	990
733	29
733	50
733	246
733	415
733	619
733	640
733	719
733	746
733	758
733	792
733	943
733	957
734	74
734	663
734	667
734	679
734	705
734	764
734	813
734	818
734	830
734	845
734	866
734	962
735	203
735	259
735	607
735	660
735	708
735	760
735	814
735	847
735	908
735	935
735	983
735	988
736	438
736	468
736	604
736	725
736	745
736	754
736	762
736	817
736	818
736	852
736	960
736	965
737	89
737	438
737	468
737	507
737	552
737	562
737	569
737	770
737	799
737	840
737	907
737	924
738	389
738	579
738	594
738	617
738	641
738	713
738	730
738	886
738	917
738	951
738	987
738	995
739	3
739	186
739	472
739	575
739	663
739	704
739	788
739	816
739	818
739	857
739	870
739	977
740	106
740	164
740	297
740	478
740	632
740	720
740	752
740	787
740	827
740	910
740	965
740	978
741	64
741	592
741	671
741	762
741	788
741	794
741	815
741	895
741	926
741	937
741	960
741	974
742	12
742	270
742	439
742	711
742	758
742	850
742	887
742	966
742	979
742	988
742	991
742	992
743	770
743	836
743	864
743	883
743	894
743	904
743	911
743	931
743	947
743	968
743	998
743	999
744	150
744	219
744	310
744	384
744	477
744	699
744	771
744	777
744	839
744	921
744	928
744	950
745	211
745	283
745	342
745	601
745	736
745	828
745	842
745	856
745	861
745	953
746	331
746	520
746	581
746	659
746	676
746	708
746	730
746	733
746	834
746	973
746	974
746	985
747	54
747	276
747	520
747	622
747	751
747	871
747	879
747	915
747	922
747	939
747	977
747	993
748	33
748	225
748	273
748	751
748	763
748	784
748	897
748	915
748	953
748	977
748	993
748	996
749	280
749	581
749	779
749	830
749	838
749	844
749	862
749	879
749	883
749	907
749	929
749	930
750	321
750	517
750	596
750	599
750	603
750	682
750	814
750	842
750	888
750	948
750	977
750	983
751	134
751	731
751	747
751	748
751	825
751	853
751	867
751	871
751	890
751	915
751	939
751	977
752	106
752	323
752	338
752	473
752	478
752	632
752	740
752	827
752	836
752	919
752	994
752	996
753	621
753	625
753	641
753	661
753	841
753	856
753	865
753	878
753	943
753	973
753	974
753	985
754	481
754	604
754	726
754	736
754	768
754	809
754	815
754	819
754	935
754	960
754	965
754	972
755	169
755	298
755	464
755	524
755	598
755	672
755	835
755	869
755	870
755	875
755	913
755	925
756	441
756	559
756	603
756	678
756	790
756	800
756	817
756	825
756	828
756	931
756	935
756	948
756	983
757	57
757	63
757	200
757	770
757	807
757	833
757	844
757	936
757	955
757	962
757	963
757	967
757	994
758	146
758	415
758	492
758	611
758	619
758	640
758	733
758	742
758	783
758	792
758	801
758	972
758	986
759	627
759	652
759	677
759	801
759	913
759	928
759	932
759	944
759	973
759	978
759	984
759	992
759	1000
760	52
760	565
760	665
760	735
760	782
760	821
760	824
760	895
760	908
760	931
760	935
760	960
760	983
761	482
761	577
761	646
761	823
761	841
761	909
761	928
761	940
761	956
761	958
761	982
761	990
761	994
762	448
762	513
762	682
762	736
762	741
762	805
762	815
762	817
762	916
762	925
762	960
762	965
762	975
763	124
763	729
763	748
763	864
763	886
763	937
763	952
763	955
763	957
763	962
763	963
763	967
763	994
764	153
764	657
764	734
764	805
764	839
764	841
764	928
764	935
764	940
764	956
764	958
764	967
764	983
765	60
765	469
765	532
765	731
765	789
765	810
765	860
765	961
765	984
765	992
765	994
765	995
765	996
766	35
766	282
766	609
766	638
766	684
766	852
766	890
766	914
766	923
766	984
766	988
766	996
766	1000
767	418
767	506
767	606
767	802
767	893
767	901
767	907
767	950
767	956
767	979
767	989
767	991
767	999
768	38
768	87
768	185
768	209
768	335
768	509
768	754
768	773
768	811
768	895
768	937
768	980
768	990
769	216
769	315
769	397
769	410
769	493
769	545
769	588
769	702
769	783
769	898
769	910
769	979
769	988
770	269
770	335
770	737
770	743
770	757
770	815
770	831
770	886
770	962
770	963
770	967
770	983
770	994
771	20
771	46
771	115
771	334
771	482
771	513
771	703
771	718
771	720
771	744
771	778
771	842
771	847
772	43
772	312
772	531
772	622
772	857
772	885
772	900
772	917
772	930
772	951
772	975
772	986
772	988
773	77
773	233
773	576
773	768
773	906
773	907
773	933
773	966
773	973
773	979
773	989
773	991
773	995
774	171
774	624
774	639
774	728
774	781
774	832
774	862
774	878
774	919
774	938
774	943
774	973
774	985
775	129
775	366
775	586
775	686
775	701
775	712
775	797
775	812
775	834
775	898
775	933
775	964
775	967
776	243
776	420
776	446
776	463
776	509
776	524
776	723
776	724
776	786
776	793
776	953
776	959
776	999
777	326
777	400
777	452
777	483
777	744
777	837
777	888
777	923
777	961
777	984
777	992
777	996
777	1000
778	526
778	567
778	576
778	610
778	700
778	771
778	792
778	850
778	863
778	887
778	907
778	934
778	991
779	149
779	346
779	574
779	614
779	749
779	824
779	838
779	879
779	883
779	929
779	930
779	966
779	996
780	223
780	228
780	627
780	635
780	732
780	820
780	877
780	902
780	917
780	949
780	973
780	982
780	986
781	437
781	533
781	711
781	774
781	783
781	856
781	897
781	929
781	939
781	953
781	960
781	977
781	993
782	354
782	447
782	466
782	760
782	814
782	912
782	935
782	948
782	969
782	975
782	979
782	983
782	995
783	662
783	758
783	769
783	781
783	821
783	868
783	908
783	920
783	939
783	953
783	973
783	977
783	993
784	395
784	426
784	574
784	662
784	696
784	748
784	799
784	811
784	838
784	879
784	883
784	929
784	930
784	970
785	429
785	456
785	501
785	519
785	546
785	565
785	628
785	820
785	867
785	895
785	904
785	919
785	921
785	980
786	125
786	148
786	215
786	243
786	420
786	522
786	524
786	663
786	718
786	724
786	776
786	793
786	944
786	977
787	487
787	615
787	740
787	866
787	871
787	874
787	880
787	882
787	887
787	916
787	931
787	936
787	954
787	970
788	203
788	312
788	553
788	575
788	704
788	739
788	741
788	816
788	857
788	870
788	872
788	876
788	889
788	928
789	221
789	269
789	385
789	454
789	461
789	486
789	549
789	731
789	765
789	806
789	858
789	859
789	953
789	998
790	444
790	507
790	683
790	706
790	756
790	807
790	853
790	885
790	890
790	900
790	925
790	951
790	975
790	986
791	168
791	285
791	296
791	418
791	553
791	633
791	668
791	803
791	862
791	870
791	899
791	902
791	920
791	957
792	50
792	173
792	246
792	415
792	447
792	492
792	619
792	640
792	733
792	758
792	778
792	810
792	934
792	970
793	148
793	420
793	446
793	464
793	524
793	599
793	719
793	724
793	776
793	786
793	878
793	949
793	970
793	995
794	59
794	89
794	370
794	615
794	658
794	720
794	741
794	796
794	798
794	897
794	957
794	965
794	987
794	995
795	164
795	377
795	836
795	875
795	906
795	911
795	917
795	922
795	945
795	964
795	966
795	968
795	969
795	998
796	42
796	794
796	871
796	897
796	915
796	920
796	925
796	927
796	939
796	952
796	953
796	977
796	983
796	993
797	652
797	725
797	775
797	896
797	932
797	941
797	942
797	967
797	972
797	981
797	982
797	990
797	997
797	999
798	176
798	342
798	547
798	615
798	641
798	690
798	701
798	794
798	928
798	944
798	957
798	987
798	995
798	997
799	9
799	240
799	436
799	529
799	568
799	633
799	668
799	689
799	737
799	784
799	802
799	819
799	902
799	930
800	24
800	151
800	601
800	635
800	653
800	710
800	756
800	921
800	926
800	945
800	949
800	963
800	980
800	982
801	657
801	659
801	672
801	758
801	759
801	851
801	914
801	923
801	925
801	932
801	961
801	984
801	992
801	1000
802	2
802	400
802	415
802	523
802	620
802	631
802	697
802	715
802	767
802	799
802	892
802	905
802	952
802	1000
803	150
803	296
803	605
803	623
803	628
803	647
803	668
803	791
803	819
803	862
803	892
803	902
803	967
803	971
803	981
804	156
804	384
804	453
804	595
804	879
804	941
804	942
804	959
804	972
804	976
804	981
804	990
804	992
804	997
804	999
805	477
805	498
805	571
805	637
805	762
805	764
805	844
805	858
805	911
805	922
805	947
805	953
805	964
805	968
805	998
806	136
806	188
806	269
806	454
806	461
806	465
806	496
806	549
806	556
806	671
806	789
806	818
806	859
806	871
806	958
807	320
807	640
807	688
807	717
807	757
807	790
807	853
807	900
807	905
807	928
807	946
807	951
807	958
807	975
807	986
808	150
808	176
808	291
808	340
808	661
808	822
808	833
808	851
808	869
808	918
808	965
808	972
808	976
808	978
808	1000
809	197
809	253
809	335
809	405
809	511
809	754
809	815
809	817
809	924
809	929
809	937
809	945
809	946
809	960
809	964
810	360
810	525
810	701
810	713
810	765
810	792
810	855
810	923
810	932
810	961
810	970
810	984
810	996
810	999
810	1000
811	188
811	280
811	479
811	696
811	768
811	784
811	838
811	850
811	860
811	862
811	879
811	908
811	929
811	930
811	963
812	165
812	306
812	338
812	395
812	396
812	444
812	525
812	701
812	775
812	834
812	887
812	933
812	937
812	982
812	996
813	19
813	362
813	407
813	426
813	464
813	663
813	667
813	679
813	734
813	830
813	845
813	866
813	888
813	900
813	974
814	87
814	595
814	626
814	709
814	735
814	750
814	782
814	894
814	916
814	931
814	935
814	948
814	951
814	976
814	983
815	82
815	304
815	725
815	741
815	754
815	762
815	770
815	809
815	862
815	883
815	895
815	928
815	937
815	942
815	947
815	962
816	51
816	65
816	203
816	459
816	467
816	553
816	704
816	719
816	739
816	788
816	857
816	859
816	870
816	939
816	949
816	980
817	323
817	400
817	589
817	736
817	756
817	762
817	809
817	833
817	863
817	889
817	895
817	900
817	937
817	960
817	965
817	984
818	346
818	729
818	734
818	736
818	739
818	806
818	851
818	890
818	923
818	933
818	961
818	974
818	984
818	992
818	996
818	1000
819	249
819	285
819	296
819	418
819	444
819	590
819	628
819	633
819	754
819	799
819	803
819	862
819	890
819	891
819	902
819	988
820	112
820	305
820	606
820	723
820	780
820	785
820	867
820	877
820	910
820	916
820	921
820	927
820	949
820	980
820	982
820	996
821	230
821	238
821	391
821	436
821	479
821	760
821	783
821	867
821	871
821	882
821	897
821	915
821	920
821	939
821	953
821	993
822	177
822	557
822	595
822	610
822	808
822	872
822	912
822	918
822	919
822	940
822	943
822	946
822	960
822	976
822	978
822	998
823	57
823	253
823	391
823	512
823	710
823	761
823	841
823	848
823	900
823	901
823	928
823	940
823	949
823	956
823	958
823	976
824	292
824	301
824	390
824	518
824	634
824	760
824	779
824	847
824	855
824	865
824	868
824	881
824	945
824	969
824	971
824	990
825	91
825	141
825	230
825	267
825	329
825	414
825	459
825	500
825	516
825	573
825	751
825	756
825	840
825	849
825	893
825	942
826	463
826	493
826	497
826	553
826	850
826	909
826	915
826	917
826	921
826	934
826	950
826	959
826	966
826	988
826	989
826	991
827	106
827	118
827	164
827	297
827	323
827	373
827	478
827	612
827	617
827	632
827	721
827	740
827	752
827	868
827	984
827	985
828	86
828	155
828	275
828	307
828	495
828	577
828	601
828	706
828	745
828	756
828	842
828	856
828	859
828	861
828	993
828	994
829	79
829	395
829	876
829	896
829	927
829	941
829	942
829	951
829	954
829	959
829	965
829	972
829	981
829	990
829	997
829	999
830	308
830	426
830	534
830	618
830	663
830	667
830	679
830	734
830	749
830	813
830	840
830	845
830	866
830	886
830	896
830	950
831	34
831	585
831	624
831	709
831	770
831	844
831	886
831	911
831	955
831	962
831	963
831	967
831	973
831	975
831	977
831	982
832	41
832	333
832	382
832	398
832	659
832	708
832	730
832	774
832	878
832	890
832	895
832	925
832	943
832	944
832	973
832	974
832	985
833	23
833	57
833	175
833	199
833	257
833	476
833	518
833	757
833	808
833	817
833	914
833	919
833	932
833	942
833	946
833	976
833	978
834	31
834	73
834	161
834	276
834	333
834	365
834	395
834	422
834	498
834	568
834	701
834	712
834	746
834	775
834	812
834	933
834	968
835	72
835	429
835	545
835	619
835	672
835	681
835	684
835	715
835	755
835	860
835	869
835	875
835	891
835	913
835	914
835	925
835	934
836	347
836	437
836	522
836	527
836	578
836	608
836	669
836	727
836	743
836	752
836	795
836	893
836	894
836	911
836	964
836	997
836	998
837	251
837	410
837	500
837	598
837	670
837	777
837	894
837	921
837	923
837	932
837	944
837	954
837	961
837	984
837	992
837	996
837	999
838	2
838	73
838	479
838	495
838	535
838	658
838	749
838	779
838	784
838	811
838	877
838	879
838	883
838	924
838	929
838	930
838	958
839	263
839	285
839	286
839	744
839	764
839	846
839	878
839	884
839	890
839	891
839	942
839	959
839	972
839	981
839	990
839	997
839	999
840	133
840	236
840	349
840	468
840	525
840	552
840	562
840	574
840	626
840	737
840	825
840	830
840	919
840	924
840	950
840	952
840	961
841	26
841	84
841	519
841	609
841	611
841	681
841	753
841	761
841	764
841	823
841	915
841	928
841	935
841	940
841	956
841	958
841	999
842	59
842	123
842	275
842	364
842	393
842	495
842	577
842	601
842	689
842	745
842	750
842	771
842	828
842	856
842	861
842	876
842	997
843	162
843	189
843	329
843	560
843	680
843	863
843	868
843	894
843	906
843	911
843	922
843	947
843	952
843	964
843	968
843	980
843	998
843	999
844	123
844	210
844	365
844	624
844	749
844	757
844	805
844	831
844	905
844	928
844	955
844	959
844	962
844	963
844	967
844	972
844	976
844	994
845	202
845	279
845	341
845	356
845	424
845	557
845	618
845	663
845	667
845	679
845	713
845	734
845	813
845	830
845	866
845	891
845	964
845	996
846	31
846	71
846	402
846	503
846	539
846	572
846	591
846	613
846	651
846	714
846	722
846	839
846	935
846	939
846	987
846	988
846	992
846	994
847	120
847	174
847	205
847	409
847	606
847	705
847	735
847	771
847	824
847	855
847	865
847	881
847	925
847	943
847	945
847	966
847	969
847	971
848	10
848	313
848	500
848	598
848	620
848	823
848	880
848	884
848	891
848	941
848	942
848	959
848	972
848	980
848	981
848	990
848	997
848	999
849	88
849	91
849	113
849	267
849	306
849	329
849	388
849	390
849	423
849	470
849	573
849	654
849	708
849	825
849	960
849	980
849	990
849	996
850	556
850	579
850	670
850	680
850	698
850	742
850	778
850	811
850	826
850	893
850	898
850	901
850	979
850	989
850	991
850	993
850	998
850	1000
851	433
851	621
851	628
851	678
851	718
851	801
851	808
851	818
851	893
851	920
851	923
851	944
851	977
851	984
851	989
851	992
851	996
851	1000
852	187
852	594
852	736
852	766
852	857
852	886
852	891
852	894
852	896
852	903
852	934
852	941
852	942
852	959
852	972
852	981
852	990
852	997
852	999
853	149
853	182
853	328
853	653
853	720
853	751
853	790
853	807
853	863
853	885
853	899
853	923
853	927
853	936
853	939
853	951
853	975
853	986
853	988
854	8
854	41
854	193
854	235
854	240
854	258
854	434
854	455
854	630
854	636
854	670
854	686
854	691
854	693
854	731
854	880
854	939
854	975
854	985
855	101
855	167
855	321
855	501
855	561
855	692
855	810
855	824
855	847
855	865
855	868
855	881
855	885
855	945
855	955
855	960
855	969
855	971
855	1000
856	59
856	76
856	106
856	202
856	242
856	307
856	379
856	495
856	577
856	601
856	745
856	753
856	781
856	828
856	842
856	861
856	912
856	938
856	991
857	42
857	49
857	65
857	74
857	369
857	467
857	553
857	575
857	578
857	618
857	704
857	739
857	772
857	788
857	816
857	852
857	870
857	982
857	984
858	27
858	92
858	98
858	122
858	154
858	280
858	477
858	513
858	678
858	789
858	805
858	888
858	908
858	911
858	934
858	935
858	946
858	948
858	983
859	136
859	188
859	221
859	235
859	269
859	297
859	330
859	385
859	461
859	486
859	549
859	789
859	806
859	816
859	828
859	909
859	934
859	935
859	961
860	13
860	301
860	429
860	449
860	545
860	563
860	681
860	765
860	811
860	835
860	875
860	885
860	913
860	925
860	943
860	948
860	962
860	971
860	984
861	86
861	121
861	202
861	275
861	307
861	495
861	512
861	577
861	601
861	663
861	713
861	719
861	730
861	745
861	828
861	842
861	856
861	875
861	964
862	46
862	118
862	196
862	285
862	568
862	633
862	668
862	689
862	749
862	774
862	791
862	803
862	811
862	815
862	819
862	889
862	902
862	951
862	994
863	52
863	119
863	695
863	778
863	817
863	843
863	853
863	894
863	899
863	906
863	917
863	922
863	937
863	938
863	961
863	964
863	968
863	995
863	998
864	70
864	83
864	353
864	538
864	542
864	550
864	585
864	624
864	743
864	763
864	886
864	888
864	946
864	952
864	955
864	962
864	967
864	971
864	994
865	383
865	480
865	592
865	595
865	596
865	631
865	753
865	824
865	847
865	855
865	868
865	881
865	897
865	927
865	929
865	945
865	957
865	969
865	971
866	279
866	313
866	341
866	392
866	426
866	432
866	535
866	579
866	618
866	663
866	667
866	679
866	707
866	734
866	787
866	813
866	830
866	845
866	889
866	985
867	146
867	355
867	416
867	627
867	682
867	710
867	715
867	723
867	731
867	751
867	785
867	820
867	821
867	894
867	926
867	949
867	956
867	977
867	980
867	982
868	167
868	184
868	393
868	554
868	561
868	595
868	622
868	692
868	712
868	783
868	824
868	827
868	843
868	855
868	865
868	881
868	917
868	945
868	969
868	971
869	192
869	257
869	319
869	411
869	480
869	557
869	616
869	658
869	690
869	706
869	755
869	808
869	835
869	888
869	914
869	919
869	945
869	946
869	976
869	978
870	49
870	74
870	243
870	247
870	258
870	467
870	472
870	553
870	575
870	693
870	704
870	718
870	739
870	755
870	788
870	791
870	816
870	857
870	905
870	1000
871	23
871	77
871	367
871	410
871	729
871	747
871	751
871	787
871	796
871	806
871	821
871	878
871	897
871	904
871	915
871	920
871	939
871	953
871	977
871	993
872	166
872	170
872	289
872	386
872	417
872	437
872	514
872	680
872	788
872	822
872	901
872	912
872	914
872	919
872	924
872	941
872	946
872	976
872	978
872	982
873	27
873	414
873	430
873	497
873	536
873	604
873	616
873	622
873	721
873	876
873	902
873	907
873	918
873	919
873	931
873	946
873	961
873	973
873	976
873	978
874	274
874	582
874	649
874	650
874	663
874	694
874	787
874	876
874	880
874	882
874	889
874	904
874	912
874	916
874	936
874	947
874	949
874	954
874	970
874	990
875	135
875	224
875	298
875	322
875	387
875	412
875	443
875	681
875	755
875	795
875	835
875	860
875	861
875	913
875	925
875	948
875	959
875	962
875	975
875	984
876	87
876	166
876	355
876	569
876	726
876	788
876	829
876	842
876	873
876	874
876	880
876	882
876	889
876	899
876	904
876	916
876	936
876	954
876	963
876	970
876	994
877	70
877	232
877	287
877	317
877	374
877	393
877	439
877	532
877	587
877	705
877	709
877	780
877	820
877	838
877	921
877	922
877	949
877	978
877	980
877	982
877	985
878	127
878	226
878	272
878	405
878	460
878	603
878	621
878	639
878	730
878	753
878	774
878	793
878	832
878	839
878	871
878	929
878	943
878	967
878	973
878	974
878	985
879	4
879	160
879	305
879	574
879	696
879	747
879	749
879	779
879	784
879	804
879	811
879	838
879	883
879	897
879	909
879	921
879	929
879	930
879	955
879	968
879	987
880	264
880	269
880	382
880	519
880	706
880	787
880	848
880	854
880	874
880	876
880	889
880	892
880	899
880	904
880	916
880	926
880	936
880	954
880	969
880	970
880	973
881	440
881	508
881	570
881	592
881	595
881	606
881	640
881	692
881	824
881	847
881	855
881	865
881	868
881	913
881	915
881	933
881	945
881	969
881	971
881	985
881	988
882	551
882	573
882	602
882	647
882	726
882	787
882	821
882	874
882	876
882	889
882	892
882	899
882	904
882	916
882	918
882	922
882	923
882	936
882	948
882	954
882	970
882	971
883	194
883	198
883	295
883	298
883	305
883	345
883	462
883	502
883	560
883	646
883	743
883	749
883	779
883	784
883	815
883	838
883	879
883	902
883	929
883	930
883	939
883	980
884	422
884	669
884	706
884	722
884	839
884	848
884	891
884	896
884	907
884	912
884	937
884	938
884	941
884	942
884	955
884	959
884	972
884	974
884	981
884	990
884	997
884	999
885	6
885	59
885	83
885	354
885	515
885	583
885	607
885	653
885	716
885	717
885	720
885	772
885	790
885	853
885	855
885	860
885	944
885	950
885	951
885	961
885	975
885	986
886	139
886	143
886	184
886	204
886	337
886	347
886	413
886	505
886	512
886	623
886	738
886	763
886	770
886	830
886	831
886	852
886	864
886	955
886	956
886	962
886	967
886	994
887	376
887	427
887	545
887	576
887	581
887	713
887	742
887	778
887	787
887	812
887	901
887	934
887	960
887	965
887	966
887	968
887	979
887	980
887	981
887	988
887	989
887	991
888	75
888	265
888	431
888	466
888	534
888	559
888	604
888	644
888	678
888	750
888	777
888	813
888	858
888	864
888	869
888	908
888	931
888	935
888	948
888	971
888	981
888	983
889	309
889	483
889	587
889	598
889	650
889	788
889	817
889	862
889	866
889	874
889	876
889	880
889	882
889	899
889	903
889	904
889	913
889	916
889	922
889	936
889	954
889	970
889	980
890	234
890	353
890	486
890	677
890	751
890	766
890	790
890	818
890	819
890	832
890	839
890	893
890	923
890	932
890	944
890	952
890	961
890	975
890	984
890	988
890	992
890	996
890	1000
891	19
891	450
891	716
891	819
891	835
891	839
891	845
891	848
891	852
891	884
891	896
891	906
891	941
891	942
891	955
891	959
891	972
891	977
891	981
891	990
891	996
891	997
891	999
892	38
892	63
892	108
892	318
892	356
892	400
892	412
892	570
892	620
892	631
892	642
892	648
892	670
892	715
892	802
892	803
892	880
892	882
892	905
892	924
892	934
892	949
892	952
893	119
893	268
893	498
893	525
893	556
893	602
893	767
893	825
893	836
893	850
893	851
893	890
893	916
893	932
893	944
893	953
893	956
893	961
893	984
893	985
893	992
893	996
893	1000
894	419
894	487
894	639
894	695
894	707
894	743
894	814
894	836
894	837
894	843
894	852
894	863
894	867
894	906
894	917
894	927
894	936
894	938
894	947
894	968
894	970
894	988
894	998
895	38
895	82
895	347
895	408
895	473
895	530
895	634
895	655
895	725
895	741
895	760
895	768
895	785
895	815
895	817
895	832
895	937
895	942
895	953
895	958
895	960
895	961
895	965
896	114
896	308
896	515
896	695
896	797
896	829
896	830
896	852
896	884
896	891
896	912
896	914
896	940
896	941
896	942
896	959
896	966
896	972
896	978
896	981
896	990
896	997
896	999
897	178
897	244
897	288
897	542
897	543
897	613
897	659
897	681
897	748
897	781
897	794
897	796
897	821
897	865
897	871
897	879
897	915
897	920
897	939
897	953
897	977
897	981
897	993
898	19
898	132
898	216
898	274
898	308
898	330
898	350
898	410
898	425
898	583
898	588
898	590
898	622
898	702
898	769
898	775
898	850
898	899
898	910
898	928
898	944
898	948
898	991
899	133
899	421
899	603
899	647
899	694
899	726
899	791
899	853
899	863
899	876
899	880
899	882
899	889
899	898
899	904
899	905
899	910
899	916
899	927
899	936
899	954
899	970
899	976
900	67
900	354
900	515
900	531
900	710
900	716
900	717
900	718
900	720
900	772
900	790
900	807
900	813
900	817
900	823
900	901
900	916
900	947
900	948
900	951
900	975
900	985
900	986
900	999
901	349
901	382
901	427
901	505
901	547
901	568
901	579
901	613
901	629
901	645
901	654
901	767
901	823
901	850
901	872
901	887
901	900
901	950
901	961
901	965
901	966
901	979
901	988
901	991
902	296
902	380
902	418
902	454
902	526
902	529
902	537
902	628
902	633
902	688
902	689
902	721
902	780
902	791
902	799
902	803
902	819
902	862
902	873
902	883
902	905
902	936
902	969
902	983
903	111
903	118
903	131
903	149
903	206
903	239
903	301
903	336
903	404
903	427
903	451
903	526
903	581
903	707
903	852
903	889
903	909
903	934
903	950
903	953
903	966
903	974
903	988
903	991
904	278
904	281
904	309
904	650
904	664
904	707
904	726
904	743
904	785
904	871
904	874
904	876
904	880
904	882
904	889
904	899
904	916
904	921
904	936
904	951
904	954
904	956
904	970
904	978
905	96
905	217
905	358
905	368
905	442
905	474
905	489
905	523
905	535
905	538
905	570
905	620
905	624
905	642
905	670
905	802
905	807
905	844
905	870
905	892
905	899
905	902
905	952
905	973
906	29
906	36
906	40
906	47
906	259
906	366
906	377
906	505
906	537
906	637
906	662
906	773
906	795
906	843
906	863
906	891
906	894
906	908
906	927
906	938
906	964
906	968
906	998
906	1000
907	88
907	373
907	427
907	597
907	709
907	737
907	749
907	767
907	773
907	778
907	873
907	884
907	909
907	929
907	930
907	934
907	949
907	950
907	972
907	974
907	979
907	988
907	989
907	991
908	62
908	491
908	535
908	551
908	596
908	603
908	635
908	665
908	735
908	760
908	783
908	811
908	858
908	888
908	906
908	920
908	931
908	935
908	948
908	958
908	966
908	981
908	983
908	997
908	999
909	95
909	390
909	413
909	451
909	556
909	564
909	635
909	693
909	707
909	761
909	826
909	859
909	879
909	903
909	907
909	950
909	966
909	978
909	979
909	981
909	982
909	988
909	989
909	991
909	992
910	19
910	80
910	132
910	208
910	223
910	274
910	275
910	308
910	330
910	350
910	397
910	410
910	583
910	588
910	647
910	702
910	740
910	769
910	820
910	898
910	899
910	911
910	926
910	959
910	998
911	70
911	199
911	218
911	383
911	480
911	517
911	563
911	629
911	669
911	690
911	699
911	743
911	795
911	805
911	831
911	836
911	843
911	858
911	910
911	917
911	922
911	938
911	946
911	968
911	970
912	27
912	143
912	225
912	272
912	334
912	417
912	578
912	616
912	668
912	706
912	782
912	822
912	856
912	872
912	874
912	884
912	896
912	914
912	918
912	919
912	920
912	938
912	946
912	976
912	978
913	42
913	224
913	321
913	322
913	429
913	449
913	523
913	545
913	612
913	617
913	672
913	681
913	714
913	717
913	755
913	759
913	835
913	860
913	875
913	881
913	889
913	915
913	925
913	957
913	969
914	100
914	461
914	518
914	557
914	578
914	616
914	716
914	717
914	766
914	801
914	833
914	835
914	869
914	872
914	896
914	912
914	918
914	919
914	946
914	953
914	970
914	976
914	978
914	987
914	998
915	242
915	266
915	343
915	541
915	641
915	664
915	697
915	747
915	748
915	751
915	796
915	821
915	826
915	841
915	871
915	881
915	897
915	913
915	920
915	939
915	953
915	962
915	976
915	977
915	993
916	350
916	435
916	567
916	587
916	618
916	685
916	694
916	700
916	762
916	787
916	814
916	820
916	874
916	876
916	880
916	882
916	889
916	893
916	899
916	900
916	904
916	936
916	954
916	970
916	989
917	24
917	54
917	82
917	93
917	295
917	409
917	422
917	625
917	632
917	653
917	727
917	738
917	772
917	780
917	795
917	826
917	863
917	868
917	894
917	911
917	927
917	947
917	964
917	968
917	977
918	155
918	170
918	176
918	215
918	289
918	484
918	531
918	583
918	622
918	639
918	665
918	705
918	721
918	808
918	822
918	873
918	882
918	912
918	914
918	946
918	954
918	969
918	976
918	978
918	985
919	158
919	408
919	427
919	536
919	613
919	617
919	706
919	717
919	752
919	774
919	785
919	822
919	833
919	840
919	869
919	872
919	873
919	912
919	914
919	946
919	950
919	960
919	967
919	976
919	978
920	8
920	29
920	77
920	244
920	276
920	292
920	408
920	571
920	613
920	783
920	791
920	796
920	821
920	851
920	871
920	897
920	908
920	912
920	915
920	932
920	939
920	953
920	954
920	977
920	993
920	997
921	134
921	240
921	258
921	275
921	306
921	393
921	416
921	471
921	490
921	591
921	614
921	627
921	744
921	785
921	800
921	820
921	826
921	837
921	877
921	879
921	904
921	926
921	949
921	959
921	980
921	982
922	28
922	409
922	487
922	541
922	563
922	585
922	650
922	727
922	747
922	795
922	805
922	843
922	863
922	877
922	882
922	889
922	911
922	927
922	932
922	938
922	940
922	947
922	976
922	984
922	996
922	998
923	11
923	104
923	180
923	316
923	433
923	528
923	531
923	590
923	644
923	684
923	712
923	766
923	777
923	801
923	810
923	818
923	837
923	851
923	853
923	882
923	890
923	961
923	967
923	992
923	996
923	1000
924	40
924	61
924	90
924	221
924	227
924	236
924	290
924	349
924	362
924	468
924	488
924	507
924	508
924	552
924	562
924	569
924	626
924	645
924	710
924	737
924	809
924	838
924	840
924	872
924	892
924	947
925	13
925	135
925	298
925	301
925	412
925	418
925	421
925	429
925	514
925	545
925	672
925	681
925	684
925	703
925	755
925	762
925	790
925	796
925	801
925	832
925	835
925	847
925	860
925	875
925	913
925	931
925	1000
926	193
926	223
926	254
926	277
926	327
926	439
926	490
926	546
926	547
926	635
926	668
926	695
926	710
926	723
926	732
926	741
926	800
926	867
926	880
926	910
926	921
926	933
926	949
926	964
926	972
926	980
926	982
927	39
927	165
927	312
927	399
927	422
927	427
927	450
927	695
927	796
927	820
927	829
927	853
927	865
927	894
927	899
927	906
927	917
927	922
927	930
927	938
927	947
927	963
927	964
927	968
927	977
927	980
927	998
928	153
928	253
928	327
928	377
928	440
928	519
928	568
928	584
928	609
928	646
928	727
928	744
928	759
928	761
928	764
928	788
928	798
928	807
928	815
928	823
928	841
928	844
928	898
928	940
928	956
928	958
928	999
929	4
929	194
929	212
929	305
929	336
929	479
929	527
929	560
929	586
929	631
929	667
929	696
929	749
929	779
929	781
929	784
929	809
929	811
929	838
929	865
929	878
929	879
929	883
929	907
929	930
929	939
929	985
930	2
930	198
930	280
930	345
930	381
930	445
930	472
930	474
930	527
930	560
930	574
930	620
930	696
930	729
930	749
930	772
930	779
930	784
930	799
930	811
930	838
930	879
930	883
930	907
930	927
930	929
930	949
930	1000
931	81
931	104
931	142
931	151
931	447
931	458
931	534
931	535
931	550
931	566
931	567
931	640
931	660
931	723
931	743
931	756
931	760
931	787
931	814
931	873
931	888
931	908
931	925
931	935
931	948
931	962
931	980
931	983
932	14
932	349
932	350
932	532
932	584
932	638
932	646
932	685
932	722
932	731
932	759
932	797
932	801
932	810
932	833
932	837
932	890
932	893
932	920
932	922
932	933
932	944
932	978
932	984
932	992
932	996
932	998
932	1000
933	22
933	62
933	73
933	76
933	129
933	165
933	365
933	386
933	395
933	444
933	570
933	586
933	631
933	701
933	712
933	773
933	775
933	812
933	818
933	834
933	881
933	926
933	932
933	952
933	953
933	983
933	998
933	999
934	333
934	362
934	373
934	453
934	526
934	564
934	579
934	583
934	627
934	680
934	681
934	778
934	792
934	826
934	835
934	852
934	858
934	859
934	887
934	892
934	903
934	907
934	938
934	979
934	984
934	988
934	989
934	991
935	114
935	458
935	485
935	567
935	599
935	665
935	666
935	677
935	678
935	735
935	754
935	756
935	760
935	764
935	782
935	814
935	841
935	846
935	858
935	859
935	888
935	908
935	931
935	954
935	967
935	988
935	993
935	994
935	997
936	138
936	328
936	344
936	363
936	435
936	441
936	587
936	689
936	726
936	757
936	787
936	853
936	874
936	876
936	880
936	882
936	889
936	894
936	899
936	902
936	904
936	916
936	954
936	965
936	966
936	970
936	976
936	981
936	986
937	128
937	141
937	183
937	195
937	216
937	271
937	294
937	489
937	511
937	530
937	589
937	605
937	666
937	671
937	741
937	763
937	768
937	809
937	812
937	815
937	817
937	863
937	884
937	895
937	961
937	965
937	985
937	989
937	993
938	91
938	189
938	214
938	281
938	399
938	517
938	522
938	552
938	591
938	656
938	717
938	727
938	774
938	856
938	863
938	884
938	894
938	906
938	911
938	912
938	922
938	927
938	934
938	947
938	957
938	964
938	968
938	969
938	998
939	11
939	74
939	102
939	123
939	408
939	455
939	495
939	543
939	685
939	697
939	747
939	751
939	781
939	783
939	796
939	816
939	821
939	846
939	853
939	854
939	871
939	883
939	897
939	915
939	920
939	929
939	953
939	976
939	977
939	993
940	6
940	72
940	84
940	126
940	162
940	235
940	260
940	284
940	377
940	457
940	492
940	519
940	584
940	646
940	657
940	761
940	764
940	822
940	823
940	841
940	896
940	922
940	928
940	956
940	958
940	978
940	987
940	992
940	993
940	1000
941	21
941	83
941	229
941	247
941	309
941	318
941	332
941	385
941	415
941	685
941	686
941	797
941	804
941	829
941	848
941	852
941	872
941	884
941	891
941	896
941	942
941	952
941	959
941	972
941	978
941	981
941	990
941	992
941	997
941	999
942	32
942	34
942	47
942	128
942	259
942	285
942	343
942	493
942	587
942	797
942	804
942	815
942	825
942	829
942	833
942	839
942	848
942	852
942	884
942	891
942	895
942	896
942	941
942	959
942	972
942	981
942	983
942	990
942	997
942	999
943	7
943	270
943	292
943	332
943	398
943	404
943	405
943	434
943	440
943	533
943	609
943	625
943	659
943	676
943	733
943	753
943	774
943	822
943	832
943	847
943	860
943	878
943	955
943	959
943	973
943	974
943	977
943	985
943	991
943	992
944	115
944	132
944	260
944	272
944	299
944	324
944	370
944	525
944	528
944	685
944	686
944	731
944	759
944	786
944	798
944	832
944	837
944	851
944	885
944	890
944	893
944	898
944	932
944	961
944	963
944	969
944	981
944	984
944	992
944	996
944	1000
945	129
945	255
945	257
945	311
945	315
945	359
945	363
945	390
945	425
945	480
945	561
945	592
945	609
945	678
945	683
945	692
945	795
945	800
945	809
945	824
945	847
945	855
945	865
945	868
945	869
945	881
945	969
945	970
945	971
945	975
945	984
946	23
946	100
946	158
946	175
946	192
946	226
946	302
946	536
946	539
946	652
946	661
946	721
946	807
946	809
946	822
946	833
946	858
946	864
946	869
946	872
946	873
946	911
946	912
946	914
946	918
946	919
946	947
946	956
946	978
946	983
946	989
947	1
947	28
947	98
947	189
947	366
947	371
947	422
947	546
947	563
947	669
947	708
947	743
947	805
947	815
947	843
947	874
947	894
947	900
947	917
947	922
947	924
947	927
947	938
947	946
947	948
947	957
947	964
947	982
947	992
947	994
947	998
948	98
948	114
948	122
948	290
948	331
948	491
948	504
948	528
948	549
948	596
948	599
948	660
948	665
948	668
948	674
948	750
948	756
948	782
948	814
948	858
948	860
948	875
948	882
948	888
948	898
948	900
948	908
948	931
948	947
948	964
948	985
949	26
949	84
949	268
949	325
949	337
949	343
949	546
949	547
949	565
949	605
949	614
949	709
949	723
949	732
949	780
949	793
949	800
949	816
949	820
949	823
949	867
949	874
949	877
949	892
949	907
949	921
949	926
949	930
949	980
949	982
949	987
949	989
950	92
950	104
950	178
950	276
950	373
950	403
950	451
950	472
950	492
950	499
950	613
950	654
950	680
950	723
950	728
950	744
950	767
950	826
950	830
950	840
950	885
950	901
950	903
950	907
950	909
950	919
950	957
950	966
950	979
950	988
950	989
950	991
951	47
951	83
951	232
951	320
951	339
951	389
951	515
951	531
951	688
951	696
951	700
951	712
951	716
951	717
951	738
951	772
951	790
951	807
951	814
951	829
951	853
951	862
951	885
951	900
951	904
951	963
951	972
951	975
951	978
951	982
951	983
951	986
952	108
952	181
952	303
952	318
952	324
952	325
952	358
952	400
952	423
952	442
952	489
952	523
952	570
952	620
952	631
952	642
952	670
952	679
952	715
952	763
952	796
952	802
952	840
952	843
952	864
952	890
952	892
952	905
952	933
952	941
952	969
952	970
953	173
953	228
953	266
953	322
953	326
953	437
953	441
953	697
953	745
953	748
953	776
953	781
953	783
953	789
953	796
953	805
953	821
953	871
953	893
953	895
953	897
953	903
953	914
953	915
953	920
953	933
953	939
953	967
953	977
953	981
953	993
953	998
954	310
954	344
954	363
954	382
954	540
954	541
954	566
954	587
954	588
954	602
954	645
954	647
954	650
954	718
954	787
954	829
954	837
954	874
954	876
954	880
954	882
954	889
954	899
954	904
954	916
954	918
954	920
954	935
954	936
954	970
954	995
954	1000
955	16
955	17
955	68
955	347
955	425
955	446
955	460
955	566
955	572
955	593
955	610
955	638
955	642
955	661
955	729
955	757
955	763
955	831
955	844
955	855
955	864
955	879
955	884
955	886
955	891
955	943
955	962
955	963
955	967
955	988
955	994
955	996
956	57
956	162
956	260
956	356
956	386
956	391
956	421
956	457
956	458
956	519
956	584
956	609
956	646
956	651
956	657
956	727
956	761
956	764
956	767
956	823
956	841
956	867
956	886
956	893
956	904
956	928
956	940
956	946
956	958
956	980
956	992
956	998
956	999
957	10
957	14
957	53
957	127
957	261
957	313
957	337
957	370
957	403
957	465
957	483
957	494
957	586
957	617
957	641
957	658
957	699
957	713
957	733
957	763
957	791
957	794
957	798
957	865
957	913
957	938
957	947
957	950
957	961
957	987
957	990
957	993
957	995
958	165
958	253
958	260
958	327
958	356
958	363
958	372
958	377
958	391
958	446
958	455
958	457
958	463
958	471
958	584
958	609
958	646
958	657
958	691
958	761
958	764
958	806
958	807
958	823
958	838
958	841
958	895
958	908
958	928
958	940
958	956
958	968
958	998
959	44
959	111
959	117
959	340
959	361
959	440
959	459
959	560
959	636
959	682
959	776
959	804
959	826
959	829
959	839
959	844
959	848
959	852
959	875
959	884
959	891
959	896
959	910
959	921
959	941
959	942
959	943
959	972
959	980
959	981
959	990
959	997
959	999
960	37
960	43
960	116
960	118
960	124
960	138
960	169
960	190
960	270
960	271
960	302
960	341
960	414
960	448
960	502
960	634
960	648
960	665
960	671
960	736
960	741
960	754
960	760
960	762
960	781
960	809
960	817
960	822
960	849
960	855
960	887
960	895
960	919
960	965
960	991
961	15
961	272
961	439
961	517
961	548
961	602
961	664
961	677
961	685
961	731
961	765
961	777
961	801
961	810
961	818
961	837
961	840
961	859
961	863
961	873
961	885
961	890
961	893
961	895
961	901
961	923
961	937
961	944
961	957
961	979
961	984
961	985
961	991
961	992
961	996
961	1000
962	16
962	49
962	116
962	125
962	139
962	191
962	344
962	380
962	471
962	498
962	505
962	538
962	566
962	585
962	610
962	623
962	630
962	729
962	734
962	757
962	763
962	770
962	815
962	831
962	844
962	860
962	864
962	875
962	886
962	915
962	931
962	955
962	963
962	971
962	975
962	990
962	994
963	3
963	25
963	68
963	69
963	80
963	116
963	144
963	368
963	433
963	505
963	523
963	538
963	566
963	610
963	623
963	678
963	710
963	723
963	727
963	729
963	757
963	763
963	770
963	800
963	811
963	831
963	844
963	876
963	927
963	944
963	951
963	955
963	962
963	967
963	986
963	989
963	994
964	39
964	93
964	100
964	139
964	245
964	364
964	371
964	399
964	498
964	506
964	522
964	524
964	527
964	597
964	637
964	662
964	725
964	775
964	795
964	805
964	809
964	836
964	843
964	845
964	861
964	863
964	906
964	917
964	926
964	927
964	938
964	947
964	948
964	968
964	977
964	987
964	998
965	89
965	180
965	183
965	209
965	270
965	294
965	302
965	394
965	445
965	530
965	582
965	589
965	634
965	638
965	648
965	655
965	671
965	697
965	703
965	736
965	740
965	754
965	762
965	794
965	808
965	817
965	829
965	887
965	895
965	901
965	936
965	937
965	960
965	969
965	991
965	997
965	1000
966	12
966	239
966	293
966	364
966	403
966	496
966	506
966	556
966	576
966	589
966	597
966	603
966	691
966	707
966	712
966	724
966	730
966	742
966	773
966	779
966	795
966	826
966	847
966	887
966	896
966	901
966	903
966	908
966	909
966	936
966	950
966	975
966	979
966	985
966	986
966	988
966	991
967	16
967	17
967	168
967	200
967	368
967	378
967	386
967	460
967	542
967	582
967	610
967	612
967	624
967	666
967	729
967	757
967	763
967	764
967	770
967	775
967	797
967	803
967	831
967	844
967	864
967	878
967	886
967	919
967	923
967	935
967	953
967	955
967	963
967	973
967	981
967	994
967	997
968	16
968	21
968	70
968	209
968	214
968	353
968	366
968	392
968	430
968	487
968	490
968	514
968	517
968	537
968	695
968	727
968	743
968	795
968	805
968	834
968	843
968	863
968	879
968	887
968	894
968	906
968	911
968	917
968	927
968	938
968	958
968	964
968	973
968	979
968	984
968	995
968	998
969	109
969	182
969	211
969	255
969	311
969	315
969	390
969	415
969	425
969	467
969	480
969	527
969	554
969	561
969	592
969	606
969	658
969	669
969	692
969	782
969	795
969	824
969	847
969	855
969	865
969	868
969	880
969	881
969	902
969	913
969	918
969	938
969	944
969	945
969	952
969	965
969	971
969	994
970	35
970	309
970	363
970	382
970	399
970	421
970	435
970	487
970	587
970	642
970	647
970	650
970	694
970	703
970	726
970	784
970	787
970	792
970	793
970	810
970	874
970	876
970	880
970	882
970	889
970	894
970	899
970	904
970	911
970	914
970	916
970	936
970	945
970	952
970	954
970	986
970	991
970	996
971	109
971	120
971	167
971	182
971	187
971	205
971	211
971	213
971	222
971	255
971	268
971	311
971	315
971	425
971	451
971	481
971	569
971	595
971	597
971	606
971	692
971	706
971	803
971	824
971	847
971	855
971	860
971	864
971	865
971	868
971	881
971	882
971	888
971	945
971	962
971	969
971	974
971	995
972	78
972	97
972	164
972	283
972	460
972	504
972	550
972	599
972	623
972	682
972	754
972	758
972	797
972	804
972	808
972	829
972	839
972	844
972	848
972	852
972	884
972	891
972	896
972	907
972	926
972	941
972	942
972	951
972	959
972	979
972	981
972	988
972	989
972	990
972	994
972	995
972	997
972	999
973	5
973	44
973	171
973	264
973	280
973	332
973	369
973	394
973	398
973	399
973	425
973	434
973	621
973	625
973	639
973	708
973	730
973	746
973	753
973	759
973	773
973	774
973	780
973	783
973	831
973	832
973	873
973	878
973	880
973	905
973	943
973	967
973	968
973	974
973	976
973	982
973	985
973	995
974	7
974	127
974	171
974	190
974	226
974	252
974	264
974	281
974	292
974	332
974	392
974	404
974	434
974	444
974	586
974	605
974	639
974	669
974	672
974	676
974	692
974	708
974	728
974	730
974	741
974	746
974	753
974	813
974	818
974	832
974	878
974	884
974	903
974	907
974	943
974	971
974	973
974	985
974	988
975	32
975	43
975	67
975	157
975	191
975	232
975	243
975	328
975	401
975	511
975	526
975	531
975	576
975	634
975	635
975	653
975	688
975	716
975	717
975	720
975	762
975	772
975	782
975	790
975	807
975	831
975	853
975	854
975	875
975	885
975	890
975	900
975	945
975	951
975	962
975	966
975	983
975	986
975	995
976	18
976	58
976	166
976	192
976	207
976	289
976	489
976	499
976	518
976	557
976	578
976	591
976	622
976	661
976	706
976	721
976	725
976	804
976	808
976	814
976	822
976	823
976	833
976	844
976	869
976	872
976	873
976	899
976	912
976	914
976	915
976	918
976	919
976	922
976	936
976	939
976	973
976	977
976	978
977	34
977	69
977	204
977	244
977	276
977	359
977	412
977	437
977	441
977	493
977	543
977	617
977	697
977	739
977	747
977	748
977	750
977	751
977	781
977	783
977	786
977	796
977	831
977	851
977	867
977	871
977	891
977	897
977	915
977	917
977	920
977	927
977	939
977	943
977	953
977	964
977	976
977	983
977	993
977	994
978	45
978	48
978	137
978	155
978	158
978	175
978	176
978	372
978	385
978	396
978	430
978	518
978	575
978	578
978	661
978	706
978	721
978	740
978	759
978	808
978	822
978	833
978	869
978	872
978	873
978	877
978	896
978	904
978	909
978	912
978	914
978	918
978	919
978	932
978	940
978	941
978	946
978	951
978	976
978	986
978	993
979	31
979	103
979	111
979	282
979	283
979	362
979	451
979	485
979	493
979	506
979	584
979	593
979	594
979	613
979	637
979	645
979	650
979	661
979	674
979	707
979	742
979	767
979	769
979	773
979	782
979	850
979	887
979	901
979	907
979	909
979	934
979	950
979	961
979	966
979	968
979	972
979	982
979	988
979	989
979	991
979	993
980	24
980	26
980	33
980	113
980	157
980	355
980	374
980	376
980	501
980	546
980	547
980	565
980	614
980	625
980	635
980	710
980	711
980	714
980	732
980	768
980	785
980	800
980	816
980	820
980	843
980	848
980	849
980	867
980	877
980	883
980	887
980	889
980	921
980	926
980	927
980	931
980	949
980	956
980	959
980	982
980	988
980	992
981	17
981	45
981	156
981	229
981	278
981	284
981	300
981	307
981	316
981	343
981	361
981	438
981	562
981	619
981	633
981	797
981	803
981	804
981	829
981	839
981	848
981	852
981	884
981	887
981	888
981	891
981	896
981	897
981	908
981	909
981	936
981	941
981	942
981	944
981	953
981	959
981	967
981	972
981	986
981	990
981	997
981	999
982	134
982	135
982	317
982	324
982	355
982	376
982	416
982	439
982	478
982	501
982	520
982	547
982	565
982	577
982	627
982	689
982	709
982	711
982	723
982	732
982	761
982	780
982	797
982	800
982	812
982	820
982	831
982	857
982	867
982	872
982	877
982	909
982	921
982	926
982	947
982	949
982	951
982	973
982	979
982	980
982	987
982	988
983	22
983	75
983	87
983	98
983	110
983	122
983	152
983	236
983	331
983	447
983	458
983	491
983	567
983	599
983	621
983	647
983	656
983	660
983	665
983	667
983	678
983	735
983	750
983	756
983	760
983	764
983	770
983	782
983	796
983	814
983	858
983	888
983	902
983	908
983	931
983	933
983	942
983	946
983	951
983	975
983	977
983	997
984	5
984	45
984	251
984	334
984	352
984	500
984	528
984	532
984	570
984	587
984	609
984	620
984	638
984	677
984	696
984	759
984	765
984	766
984	777
984	801
984	810
984	817
984	818
984	827
984	837
984	851
984	857
984	860
984	875
984	890
984	893
984	922
984	932
984	934
984	944
984	945
984	961
984	968
984	987
984	992
984	996
984	1000
985	137
985	171
985	187
985	264
985	281
985	292
985	351
985	354
985	369
985	392
985	404
985	563
985	625
985	639
985	651
985	659
985	671
985	676
985	691
985	708
985	730
985	746
985	753
985	774
985	827
985	832
985	854
985	866
985	877
985	878
985	881
985	893
985	900
985	918
985	929
985	937
985	943
985	948
985	961
985	966
985	973
985	974
985	995
986	32
986	47
986	134
986	149
986	153
986	157
986	191
986	231
986	244
986	320
986	328
986	339
986	354
986	401
986	515
986	588
986	620
986	653
986	688
986	698
986	716
986	717
986	720
986	722
986	758
986	772
986	780
986	790
986	807
986	853
986	885
986	900
986	936
986	951
986	963
986	966
986	970
986	975
986	978
986	981
986	990
986	992
986	993
987	10
987	44
987	143
987	147
987	161
987	261
987	271
987	303
987	313
987	319
987	337
987	339
987	342
987	407
987	419
987	424
987	428
987	435
987	436
987	465
987	479
987	483
987	594
987	615
987	617
987	641
987	652
987	658
987	713
987	715
987	738
987	794
987	798
987	846
987	879
987	914
987	940
987	949
987	957
987	964
987	982
987	984
987	995
988	9
988	77
988	152
988	293
988	351
988	362
988	449
988	499
988	501
988	526
988	564
988	581
988	589
988	654
988	680
988	702
988	735
988	742
988	766
988	769
988	772
988	819
988	826
988	846
988	853
988	881
988	887
988	890
988	894
988	901
988	903
988	907
988	909
988	934
988	935
988	950
988	955
988	966
988	972
988	974
988	979
988	980
988	982
988	989
988	991
989	6
989	27
989	115
989	239
989	351
989	395
989	403
989	409
989	413
989	447
989	488
989	499
989	506
989	543
989	551
989	579
989	585
989	597
989	645
989	646
989	649
989	654
989	680
989	707
989	728
989	767
989	773
989	826
989	850
989	851
989	887
989	907
989	909
989	916
989	934
989	937
989	946
989	949
989	950
989	963
989	972
989	979
989	988
989	990
989	991
990	15
990	97
990	114
990	198
990	283
990	291
990	300
990	316
990	431
990	440
990	540
990	550
990	560
990	601
990	625
990	671
990	681
990	682
990	723
990	732
990	761
990	768
990	797
990	804
990	824
990	829
990	839
990	848
990	849
990	852
990	874
990	884
990	891
990	896
990	941
990	942
990	957
990	959
990	962
990	972
990	981
990	986
990	989
990	997
990	999
991	9
991	233
991	266
991	344
991	351
991	378
991	424
991	432
991	469
991	491
991	493
991	548
991	556
991	564
991	580
991	584
991	632
991	645
991	680
991	702
991	708
991	742
991	767
991	773
991	778
991	826
991	850
991	856
991	887
991	898
991	901
991	903
991	907
991	909
991	934
991	943
991	950
991	960
991	961
991	965
991	966
991	970
991	979
991	988
991	989
992	35
992	61
992	78
992	104
992	119
992	163
992	168
992	268
992	271
992	320
992	352
992	353
992	446
992	466
992	538
992	548
992	596
992	678
992	685
992	742
992	759
992	765
992	777
992	801
992	804
992	818
992	837
992	846
992	851
992	890
992	893
992	909
992	923
992	932
992	940
992	941
992	943
992	944
992	947
992	956
992	961
992	980
992	984
992	986
992	996
992	1000
993	11
993	29
993	34
993	69
993	113
993	204
993	228
993	253
993	266
993	326
993	374
993	375
993	408
993	441
993	542
993	543
993	638
993	648
993	650
993	651
993	673
993	683
993	697
993	747
993	748
993	781
993	783
993	796
993	821
993	828
993	850
993	871
993	897
993	915
993	920
993	935
993	937
993	939
993	940
993	953
993	957
993	977
993	978
993	979
993	986
993	994
994	3
994	25
994	68
994	103
994	123
994	168
994	210
994	211
994	368
994	416
994	436
994	449
994	471
994	502
994	503
994	505
994	538
994	542
994	566
994	585
994	624
994	674
994	729
994	752
994	757
994	761
994	763
994	765
994	770
994	828
994	844
994	846
994	862
994	864
994	876
994	886
994	935
994	947
994	955
994	962
994	963
994	967
994	969
994	972
994	977
994	993
994	995
995	10
995	14
995	44
995	53
995	85
995	90
995	143
995	152
995	206
995	223
995	262
995	319
995	342
995	370
995	419
995	424
995	436
995	465
995	484
995	494
995	524
995	546
995	594
995	615
995	617
995	641
995	658
995	724
995	738
995	765
995	773
995	782
995	793
995	794
995	798
995	863
995	954
995	957
995	968
995	971
995	972
995	973
995	975
995	985
995	987
995	994
995	997
996	13
996	28
996	81
996	175
996	279
996	299
996	352
996	369
996	433
996	532
996	548
996	573
996	574
996	638
996	643
996	677
996	685
996	692
996	731
996	748
996	752
996	765
996	766
996	777
996	779
996	810
996	812
996	818
996	820
996	837
996	845
996	849
996	851
996	890
996	891
996	893
996	922
996	923
996	932
996	944
996	955
996	961
996	970
996	984
996	992
996	998
996	1000
997	45
997	63
997	145
997	229
997	247
997	278
997	316
997	361
997	440
997	506
997	528
997	533
997	536
997	537
997	540
997	543
997	544
997	550
997	578
997	580
997	638
997	640
997	682
997	797
997	798
997	804
997	829
997	836
997	839
997	842
997	848
997	852
997	884
997	891
997	896
997	908
997	920
997	935
997	941
997	942
997	959
997	965
997	967
997	972
997	981
997	983
997	990
997	995
997	999
998	36
998	43
998	52
998	54
998	93
998	205
998	312
998	373
998	383
998	450
998	470
998	498
998	563
998	608
998	637
998	662
998	669
998	673
998	684
998	695
998	702
998	705
998	720
998	729
998	743
998	789
998	795
998	805
998	822
998	836
998	843
998	850
998	863
998	894
998	906
998	910
998	914
998	922
998	927
998	932
998	933
998	938
998	947
998	953
998	956
998	958
998	964
998	968
998	996
999	15
999	63
999	78
999	97
999	195
999	239
999	247
999	267
999	283
999	287
999	300
999	343
999	418
999	421
999	475
999	540
999	550
999	632
999	665
999	675
999	682
999	743
999	767
999	776
999	797
999	804
999	810
999	829
999	837
999	839
999	841
999	843
999	848
999	852
999	884
999	891
999	896
999	900
999	908
999	928
999	933
999	941
999	942
999	956
999	959
999	972
999	981
999	990
999	997
1000	76
1000	172
1000	195
1000	268
1000	272
1000	273
1000	299
1000	305
1000	353
1000	371
1000	406
1000	433
1000	525
1000	548
1000	559
1000	580
1000	602
1000	638
1000	657
1000	677
1000	694
1000	697
1000	731
1000	759
1000	766
1000	777
1000	801
1000	802
1000	808
1000	810
1000	818
1000	850
1000	851
1000	855
1000	870
1000	890
1000	893
1000	906
1000	923
1000	925
1000	930
1000	932
1000	940
1000	944
1000	954
1000	961
1000	965
1000	984
1000	992
1000	996
