1	297
1	811
1	867
1	962
2	52
2	617
2	868
2	985
3	364
3	736
3	964
3	987
4	76
4	292
4	837
4	902
5	67
5	897
5	961
5	995
6	740
6	831
6	866
6	899
7	48
7	361
7	823
7	951
8	733
8	910
8	913
8	955
9	147
9	701
9	850
9	975
10	913
10	924
10	942
10	955
11	308
11	741
11	862
11	888
12	826
12	838
12	969
12	980
13	14
13	397
13	511
13	956
14	13
14	397
14	497
14	771
15	280
15	863
15	966
15	996
16	510
16	766
16	963
16	998
17	841
17	982
17	986
17	988
18	955
18	973
18	981
18	1000
19	413
19	651
19	736
19	873
20	240
20	587
20	594
20	890
21	401
21	646
21	664
21	961
22	144
22	659
22	831
22	982
23	587
23	830
23	922
23	974
24	338
24	910
24	926
24	988
25	692
25	839
25	926
25	943
26	253
26	337
26	692
26	986
27	248
27	477
27	509
27	920
28	527
28	857
28	949
28	986
29	671
29	696
29	872
29	953
30	114
30	851
30	953
30	964
31	483
31	804
31	923
31	997
32	402
32	484
32	920
32	938
33	440
33	683
33	846
33	990
34	99
34	780
34	947
34	994
35	500
35	930
35	944
35	967
36	638
36	772
36	898
36	914
37	195
37	415
37	569
37	828
38	114
38	194
38	510
38	930
39	312
39	784
39	856
39	992
40	458
40	813
40	849
40	870
41	100
41	918
41	944
41	990
42	714
42	939
42	943
42	994
43	724
43	784
43	934
43	995
44	520
44	535
44	673
44	908
45	306
45	693
45	848
45	950
46	71
46	251
46	736
46	785
47	90
47	92
47	587
47	755
48	7
48	574
48	941
48	998
49	319
49	596
49	644
49	981
50	428
50	478
50	729
50	994
51	182
51	437
51	985
51	991
52	2
52	409
52	516
52	949
53	236
53	811
53	846
53	974
54	578
54	744
54	824
54	997
55	198
55	768
55	885
55	979
56	589
56	903
56	974
56	981
57	780
57	920
57	933
57	991
58	414
58	756
58	773
58	988
59	831
59	934
59	980
59	984
60	106
60	248
60	377
60	991
61	888
61	922
61	924
61	968
62	332
62	655
62	725
62	857
63	332
63	840
63	918
63	971
64	225
64	987
64	997
64	999
65	111
65	126
65	900
65	971
66	482
66	779
66	799
66	853
67	5
67	396
67	939
67	943
68	262
68	297
68	537
68	834
69	503
69	514
69	810
69	865
70	550
70	598
70	976
70	980
71	46
71	402
71	462
71	763
72	675
72	778
72	875
72	963
73	427
73	777
73	876
73	938
74	858
74	959
74	963
74	965
75	818
75	859
75	958
75	989
76	4
76	861
76	866
76	962
77	450
77	968
77	969
77	985
78	101
78	614
78	646
78	660
79	729
79	751
79	803
79	920
80	678
80	868
80	989
80	996
81	95
81	135
81	251
81	822
82	913
82	931
82	955
82	979
83	687
83	869
83	962
83	977
84	623
84	931
84	938
84	955
85	919
85	938
85	990
85	993
86	150
86	936
86	985
86	995
87	593
87	737
87	986
87	988
88	272
88	839
88	895
88	932
89	810
89	879
89	928
89	991
90	47
90	838
90	935
90	968
91	438
91	883
91	924
91	979
92	47
92	492
92	827
92	866
93	605
93	811
93	955
93	974
94	616
94	939
94	943
94	967
95	81
95	307
95	808
95	882
96	800
96	832
96	979
96	992
97	633
97	714
97	784
97	978
98	497
98	580
98	843
98	967
99	34
99	231
99	762
99	999
100	41
100	753
100	888
100	988
101	78
101	486
101	927
101	995
102	684
102	778
102	875
102	943
103	228
103	745
103	817
103	998
104	775
104	837
104	922
104	974
105	432
105	904
105	990
105	996
106	60
106	935
106	942
106	996
107	423
107	720
107	734
107	830
108	378
108	635
108	960
108	998
109	312
109	337
109	517
109	791
110	187
110	690
110	939
110	943
111	65
111	291
111	581
111	972
112	199
112	765
112	825
112	911
113	450
113	502
113	540
113	930
114	30
114	38
114	891
114	953
115	509
115	748
115	753
115	931
116	325
116	466
116	644
116	747
117	790
117	888
117	945
117	986
118	639
118	644
118	798
118	817
119	859
119	915
119	958
119	981
120	384
120	533
120	658
120	817
121	723
121	916
121	984
121	996
122	605
122	872
122	932
122	990
123	323
123	464
123	904
123	980
124	238
124	287
124	415
124	803
125	225
125	516
125	617
125	797
126	65
126	523
126	554
126	986
127	900
127	941
127	951
127	972
128	362
128	828
128	872
128	953
129	451
129	578
129	882
129	908
130	868
130	966
130	993
130	996
131	583
131	605
131	827
131	997
132	658
132	722
132	920
132	983
133	136
133	640
133	934
133	985
134	257
134	559
134	702
134	817
135	81
135	723
135	815
135	991
136	133
136	947
136	949
136	963
137	148
137	451
137	990
137	993
138	229
138	684
138	822
138	988
139	421
139	910
139	926
139	951
140	533
140	968
140	983
140	992
141	328
141	921
141	947
141	994
142	793
142	855
142	956
142	984
143	605
143	687
143	763
143	999
144	22
144	345
144	982
144	986
145	155
145	694
145	778
145	875
146	419
146	864
146	984
146	996
147	9
147	829
147	874
147	885
148	137
148	265
148	649
148	652
149	595
149	875
149	903
149	974
150	86
150	365
150	517
150	992
151	250
151	690
151	859
151	959
152	557
152	697
152	846
152	993
153	159
153	724
153	796
153	985
154	730
154	892
154	912
154	991
155	145
155	219
155	956
155	959
156	446
156	469
156	929
156	982
157	572
157	840
157	874
157	973
158	308
158	353
158	809
158	814
159	153
159	746
159	854
159	960
160	501
160	726
160	916
160	959
161	516
161	561
161	617
161	919
162	396
162	690
162	762
162	963
163	168
163	676
163	979
163	992
164	612
164	745
164	971
164	992
165	641
165	895
165	916
165	987
166	862
166	918
166	990
166	995
167	750
167	791
167	995
167	999
168	163
168	230
168	946
168	1000
169	195
169	848
169	966
169	984
170	768
170	788
170	962
170	972
171	222
171	633
171	771
171	953
172	311
172	814
172	916
172	932
173	634
173	918
173	920
173	931
174	586
174	645
174	773
174	914
175	501
175	927
175	976
175	991
176	783
176	897
176	955
176	975
177	667
177	706
177	966
177	975
178	716
178	790
178	802
178	947
179	423
179	434
179	695
179	800
180	316
180	317
180	442
180	464
181	626
181	690
181	891
181	964
182	51
182	789
182	847
182	875
183	667
183	917
183	992
183	994
184	364
184	779
184	838
184	884
185	898
185	982
185	991
185	998
186	704
186	706
186	873
186	920
187	110
187	911
187	950
187	981
188	461
188	714
188	757
188	863
189	519
189	544
189	695
189	853
190	231
190	861
190	946
190	962
191	615
191	653
191	731
191	852
192	532
192	794
192	948
192	951
193	820
193	863
193	987
193	995
194	38
194	852
194	921
194	967
195	37
195	169
195	383
195	415
196	724
196	796
196	839
196	1000
197	415
197	432
197	476
197	837
198	55
198	793
198	934
198	976
199	112
199	749
199	752
199	993
200	315
200	373
200	470
200	988
201	844
201	910
201	926
201	992
202	444
202	628
202	721
202	884
203	289
203	725
203	740
203	762
204	441
204	671
204	805
204	811
205	679
205	896
205	939
205	943
206	764
206	774
206	951
206	982
207	336
207	585
207	824
207	961
208	694
208	766
208	862
208	908
209	631
209	790
209	970
209	998
210	876
210	912
210	939
210	943
211	488
211	661
211	671
211	930
212	352
212	657
212	746
212	785
213	426
213	494
213	789
213	984
214	426
214	539
214	822
214	997
215	432
215	740
215	908
215	999
216	464
216	587
216	599
216	897
217	709
217	758
217	899
217	972
218	228
218	845
218	921
218	958
219	155
219	283
219	869
219	962
220	310
220	789
220	805
220	854
221	759
221	955
221	984
221	996
222	171
222	324
222	411
222	794
223	448
223	891
223	960
223	998
224	309
224	677
224	852
224	969
225	64
225	125
225	947
225	994
226	290
226	614
226	710
226	961
227	807
227	911
227	920
227	984
227	996
228	103
228	218
228	392
228	865
228	953
229	138
229	443
229	684
229	688
229	725
230	168
230	250
230	523
230	798
230	965
231	99
231	190
231	501
231	903
231	974
232	279
232	366
232	465
232	521
232	987
233	250
233	672
233	690
233	715
233	827
234	858
234	913
234	970
234	977
234	1000
235	325
235	644
235	770
235	908
235	957
236	53
236	338
236	827
236	884
236	989
237	555
237	693
237	754
237	970
237	974
238	124
238	801
238	831
238	890
238	994
239	350
239	896
239	923
239	963
239	968
240	20
240	610
240	796
240	845
240	890
241	283
241	514
241	810
241	878
241	964
242	666
242	687
242	698
242	829
242	887
243	821
243	928
243	949
243	953
243	963
244	267
244	752
244	823
244	987
244	998
245	703
245	832
245	918
245	937
245	992
246	322
246	802
246	820
246	933
246	991
247	550
247	812
247	820
247	833
247	989
248	27
248	60
248	892
248	951
248	991
249	656
249	743
249	747
249	909
249	913
250	151
250	230
250	233
250	396
250	994
251	46
251	81
251	505
251	619
251	667
252	261
252	694
252	898
252	921
252	978
253	26
253	312
253	886
253	956
253	994
254	584
254	917
254	926
254	968
254	994
255	803
255	855
255	956
255	970
255	975
256	685
256	792
256	854
256	970
256	998
257	134
257	594
257	692
257	814
257	998
258	570
258	754
258	915
258	940
258	974
259	263
259	794
259	806
259	980
259	995
260	796
260	824
260	933
260	937
260	991
261	252
261	535
261	572
261	885
261	954
262	68
262	369
262	681
262	833
262	886
263	259
263	582
263	693
263	766
263	915
264	378
264	814
264	820
264	889
264	965
265	148
265	470
265	720
265	842
265	955
266	721
266	801
266	849
266	977
266	983
267	244
267	775
267	881
267	964
267	983
268	344
268	433
268	653
268	664
268	816
269	363
269	632
269	699
269	852
269	930
270	303
270	425
270	916
270	966
270	993
271	476
271	660
271	859
271	978
271	989
272	88
272	453
272	738
272	971
272	987
273	822
273	940
273	957
273	975
273	1000
274	777
274	873
274	955
274	982
274	1000
275	507
275	533
275	587
275	594
275	599
276	366
276	773
276	889
276	987
276	1000
277	529
277	715
277	748
277	850
277	907
278	571
278	797
278	892
278	943
278	991
279	232
279	512
279	771
279	802
279	909
280	15
280	532
280	664
280	691
280	988
281	549
281	631
281	882
281	933
281	991
282	767
282	934
282	966
282	977
282	996
283	219
283	241
283	923
283	951
283	952
284	448
284	539
284	689
284	751
284	950
285	488
285	582
285	787
285	905
285	983
286	839
286	920
286	931
286	938
286	956
287	124
287	826
287	850
287	874
287	887
288	643
288	814
288	891
288	905
288	959
289	203
289	444
289	458
289	601
289	849
290	226
290	595
290	808
290	980
290	995
291	111
291	471
291	476
291	822
291	894
292	4
292	630
292	912
292	983
292	992
293	535
293	615
293	809
293	887
293	908
294	534
294	732
294	894
294	984
294	996
295	628
295	741
295	920
295	986
295	994
296	300
296	467
296	709
296	833
296	948
297	1
297	68
297	703
297	712
297	870
298	625
298	645
298	665
298	785
298	950
299	669
299	759
299	783
299	858
299	956
300	296
300	403
300	629
300	866
300	968
301	743
301	749
301	809
301	954
301	982
302	651
302	775
302	888
302	922
302	997
303	270
303	368
303	872
303	900
303	953
304	461
304	782
304	896
304	897
304	973
305	573
305	831
305	874
305	923
305	971
306	45
306	727
306	784
306	834
306	922
307	95
307	675
307	882
307	894
307	908
308	11
308	158
308	898
308	917
308	982
309	224
309	424
309	927
309	936
309	995
310	220
310	696
310	747
310	790
310	891
311	172
311	412
311	922
311	968
311	973
312	39
312	109
312	253
312	337
312	754
313	424
313	780
313	837
313	862
313	954
314	809
314	826
314	923
314	948
314	952
315	200
315	434
315	470
315	620
315	844
316	180
316	576
316	604
316	767
316	838
317	180
317	324
317	411
317	556
317	957
318	904
318	932
318	978
318	983
318	989
319	49
319	650
319	718
319	938
319	952
320	352
320	456
320	653
320	816
320	988
321	444
321	752
321	819
321	822
321	849
322	246
322	706
322	887
322	949
322	975
323	123
323	605
323	841
323	904
323	951
324	222
324	317
324	411
324	562
324	938
325	116
325	235
325	644
325	711
325	925
326	776
326	901
326	939
326	943
326	992
327	667
327	966
327	984
327	991
327	996
328	141
328	812
328	840
328	847
328	982
329	694
329	825
329	900
329	936
329	960
330	514
330	681
330	717
330	842
330	913
331	379
331	574
331	761
331	879
331	963
332	62
332	63
332	564
332	910
332	951
333	623
333	896
333	912
333	954
333	972
334	685
334	863
334	897
334	910
334	984
335	443
335	598
335	684
335	964
335	971
336	207
336	621
336	739
336	862
336	948
337	26
337	109
337	312
337	725
337	775
338	24
338	236
338	946
338	981
338	1000
339	632
339	705
339	720
339	791
339	882
340	656
340	692
340	729
340	773
340	913
341	349
341	608
341	842
341	947
341	994
342	407
342	477
342	487
342	638
342	990
343	765
343	788
343	911
343	961
343	993
344	268
344	620
344	657
344	869
344	979
345	144
345	391
345	883
345	902
345	938
346	785
346	911
346	941
346	950
346	998
347	403
347	720
347	914
347	929
347	939
348	703
348	804
348	893
348	898
348	929
349	341
349	604
349	841
349	877
349	904
350	239
350	685
350	744
350	968
350	994
351	442
351	584
351	930
351	945
351	980
352	212
352	320
352	520
352	645
352	779
353	158
353	807
353	847
353	913
353	985
354	359
354	405
354	631
354	771
354	934
355	534
355	734
355	873
355	931
355	996
356	454
356	755
356	901
356	939
356	943
357	905
357	980
357	983
357	985
357	995
358	478
358	657
358	783
358	955
358	978
359	354
359	478
359	869
359	953
359	962
360	544
360	661
360	695
360	708
360	831
361	7
361	742
361	820
361	960
361	965
362	128
362	477
362	540
362	638
362	844
363	269
363	543
363	707
363	804
363	920
364	3
364	184
364	539
364	968
364	975
365	150
365	498
365	830
365	878
365	973
366	232
366	276
366	465
366	521
366	884
367	539
367	648
367	759
367	895
367	989
368	303
368	712
368	762
368	918
368	999
369	262
369	570
369	626
369	845
369	974
370	585
370	802
370	946
370	962
370	1000
371	820
371	964
371	965
371	982
371	996
372	531
372	698
372	878
372	908
372	953
373	200
373	470
373	750
373	909
373	960
374	795
374	835
374	880
374	924
374	960
375	386
375	589
375	595
375	798
375	882
376	600
376	884
376	902
376	935
376	958
377	60
377	621
377	867
377	948
377	962
378	108
378	264
378	734
378	775
378	922
379	331
379	699
379	744
379	814
379	941
380	602
380	627
380	704
380	832
380	933
381	639
381	677
381	789
381	805
381	812
382	424
382	669
382	700
382	905
382	928
383	195
383	494
383	578
383	639
383	789
384	120
384	659
384	706
384	877
384	953
385	637
385	851
385	866
385	986
385	988
386	375
386	689
386	803
386	975
386	979
387	542
387	545
387	781
387	875
387	983
388	819
388	846
388	848
388	922
388	994
389	789
389	805
389	955
389	962
389	994
390	875
390	888
390	962
390	986
390	988
391	345
391	638
391	791
391	830
391	922
392	228
392	673
392	744
392	955
392	990
393	499
393	859
393	864
393	871
393	967
394	552
394	660
394	711
394	755
394	994
395	587
395	594
395	599
395	900
395	982
396	67
396	162
396	250
396	439
396	690
397	13
397	14
397	642
397	661
397	671
398	884
398	887
398	907
398	944
398	978
399	767
399	947
399	967
399	976
399	994
400	962
400	966
400	982
400	984
400	996
401	21
401	836
401	924
401	928
401	949
402	32
402	71
402	937
402	976
402	995
403	300
403	347
403	863
403	886
403	948
404	490
404	551
404	646
404	781
404	907
405	354
405	424
405	901
405	938
405	982
406	504
406	845
406	892
406	903
406	974
407	342
407	833
407	864
407	978
407	989
407	990
408	598
408	625
408	960
408	970
408	991
408	998
409	52
409	517
409	724
409	928
409	977
409	979
410	619
410	647
410	735
410	896
410	964
410	972
411	222
411	317
411	324
411	527
411	644
411	873
412	311
412	554
412	812
412	830
412	854
412	922
413	19
413	602
413	895
413	916
413	932
413	944
414	58
414	885
414	928
414	949
414	953
414	966
415	37
415	124
415	195
415	197
415	914
415	969
416	674
416	781
416	821
416	895
416	932
416	936
417	656
417	758
417	883
417	969
417	980
417	985
418	434
418	676
418	918
418	933
418	990
418	993
419	146
419	426
419	728
419	951
419	952
419	972
420	475
420	652
420	654
420	712
420	915
420	954
421	139
421	686
421	702
421	846
421	879
421	991
422	698
422	762
422	872
422	881
422	902
422	953
423	107
423	179
423	854
423	877
423	890
423	909
424	309
424	313
424	382
424	405
424	931
424	938
425	270
425	796
425	821
425	908
425	932
425	954
426	213
426	214
426	419
426	667
426	822
426	872
427	73
427	860
427	867
427	869
427	880
427	962
428	50
428	835
428	872
428	915
428	958
428	960
429	933
429	941
429	966
429	975
429	984
429	996
430	459
430	460
430	674
430	850
430	857
430	900
431	519
431	654
431	917
431	960
431	972
431	998
432	105
432	197
432	215
432	477
432	487
432	638
433	268
433	836
433	889
433	964
433	975
433	987
434	179
434	315
434	418
434	544
434	695
434	976
435	731
435	739
435	830
435	923
435	952
435	1000
436	590
436	799
436	801
436	947
436	990
436	994
437	51
437	567
437	746
437	747
437	750
437	790
438	91
438	608
438	748
438	754
438	811
438	974
439	396
439	536
439	611
439	894
439	914
439	982
440	33
440	471
440	840
440	914
440	993
440	995
441	204
441	636
441	805
441	825
441	933
441	965
442	180
442	351
442	534
442	726
442	851
442	963
443	229
443	335
443	684
443	895
443	963
443	1000
444	202
444	289
444	321
444	889
444	904
444	976
445	493
445	847
445	903
445	925
445	974
445	976
446	156
446	596
446	609
446	824
446	927
446	931
447	540
447	677
447	832
447	903
447	967
447	974
448	223
448	284
448	660
448	741
448	986
448	988
449	676
449	942
449	978
449	984
449	987
449	996
450	77
450	113
450	561
450	766
450	787
450	958
451	129
451	137
451	490
451	720
451	882
451	962
452	487
452	707
452	737
452	957
452	977
452	1000
453	272
453	486
453	578
453	878
453	906
453	964
454	356
454	560
454	649
454	768
454	861
454	962
455	682
455	798
455	846
455	849
455	912
455	975
456	320
456	925
456	965
456	971
456	997
456	999
457	833
457	877
457	884
457	890
457	915
457	997
458	40
458	289
458	726
458	798
458	820
458	999
459	430
459	826
459	857
459	973
459	987
459	991
460	430
460	701
460	747
460	968
460	975
460	979
461	188
461	304
461	577
461	637
461	786
461	852
462	71
462	469
462	546
462	822
462	881
462	938
463	588
463	592
463	618
463	794
463	925
463	960
464	123
464	180
464	216
464	941
464	970
464	998
465	232
465	366
465	521
465	543
465	928
465	948
466	116
466	738
466	759
466	772
466	916
466	932
467	296
467	680
467	957
467	977
467	981
467	988
468	512
468	575
468	781
468	875
468	909
468	954
469	156
469	462
469	664
469	667
469	822
469	928
470	200
470	265
470	315
470	373
470	795
470	990
471	291
471	440
471	619
471	658
471	904
471	993
472	628
472	685
472	885
472	928
472	968
472	988
473	503
473	521
473	660
473	680
473	711
473	852
474	520
474	586
474	645
474	650
474	734
474	934
475	420
475	830
475	893
475	902
475	983
475	989
476	197
476	271
476	291
476	667
476	803
476	822
477	27
477	342
477	362
477	432
477	684
477	939
478	50
478	358
478	359
478	623
478	861
478	867
479	529
479	533
479	692
479	803
479	898
479	994
480	681
480	842
480	848
480	947
480	971
480	994
481	707
481	713
481	901
481	939
481	943
481	993
482	66
482	813
482	819
482	902
482	960
482	998
483	31
483	507
483	801
483	835
483	902
483	931
484	32
484	716
484	896
484	962
484	990
484	993
485	539
485	642
485	661
485	671
485	922
485	979
486	101
486	453
486	960
486	970
486	974
486	998
487	342
487	432
487	452
487	638
487	683
487	828
488	211
488	285
488	560
488	891
488	893
488	983
489	666
489	791
489	860
489	866
489	923
489	980
490	404
490	451
490	615
490	904
490	908
490	978
491	528
491	543
491	635
491	787
491	933
491	992
492	92
492	626
492	737
492	840
492	931
492	982
493	445
493	557
493	701
493	903
493	974
493	998
494	213
494	383
494	536
494	639
494	950
494	993
495	609
495	682
495	739
495	806
495	961
495	973
496	584
496	610
496	655
496	686
496	792
496	984
497	14
497	98
497	596
497	637
497	734
497	771
498	365
498	578
498	691
498	870
498	912
498	992
499	393
499	652
499	865
499	970
499	988
499	998
500	35
500	660
500	680
500	685
500	711
500	796
501	160
501	175
501	231
501	552
501	808
501	959
502	113
502	781
502	836
502	838
502	898
502	1000
503	69
503	473
503	847
503	935
503	976
503	978
503	995
504	406
504	652
504	683
504	837
504	885
504	915
504	954
505	251
505	662
505	772
505	839
505	910
505	976
505	989
506	693
506	765
506	775
506	830
506	907
506	922
506	957
507	275
507	483
507	695
507	763
507	766
507	888
507	921
508	526
508	622
508	655
508	775
508	930
508	979
508	991
509	27
509	115
509	596
509	645
509	748
509	873
509	985
510	16
510	38
510	859
510	942
510	949
510	963
510	979
511	13
511	541
511	547
511	854
511	856
511	928
511	956
512	279
512	468
512	611
512	631
512	786
512	883
512	977
513	710
513	770
513	813
513	847
513	986
513	988
513	998
514	69
514	241
514	330
514	528
514	588
514	973
514	992
515	611
515	649
515	782
515	842
515	955
515	974
515	999
516	52
516	125
516	161
516	533
516	617
516	871
516	902
517	109
517	150
517	409
517	772
517	885
517	964
517	975
518	695
518	782
518	802
518	824
518	933
518	953
518	991
519	189
519	431
519	586
519	865
519	884
519	980
519	998
520	44
520	352
520	474
520	586
520	601
520	645
520	893
521	232
521	366
521	465
521	473
521	597
521	862
521	914
522	836
522	880
522	907
522	966
522	977
522	981
522	1000
523	126
523	230
523	721
523	798
523	849
523	979
523	995
524	547
524	620
524	724
524	924
524	971
524	975
524	994
525	551
525	566
525	891
525	920
525	933
525	956
525	996
526	508
526	731
526	815
526	829
526	866
526	959
526	984
527	28
527	411
527	593
527	693
527	911
527	950
527	981
528	491
528	514
528	540
528	901
528	912
528	968
528	992
529	277
529	479
529	641
529	673
529	891
529	897
529	918
530	657
530	765
530	854
530	950
530	958
530	989
530	992
531	372
531	606
531	858
531	872
531	953
531	954
531	997
532	192
532	280
532	614
532	646
532	709
532	762
532	780
533	120
533	140
533	275
533	479
533	516
533	878
533	992
534	294
534	355
534	442
534	854
534	941
534	960
534	970
535	44
535	261
535	293
535	816
535	839
535	882
535	931
536	439
536	494
536	716
536	764
536	898
536	969
536	982
537	68
537	662
537	708
537	754
537	910
537	926
537	990
538	795
538	821
538	868
538	890
538	895
538	916
538	932
539	214
539	284
539	364
539	367
539	485
539	911
539	950
540	113
540	362
540	447
540	528
540	845
540	903
540	974
541	511
541	700
541	808
541	835
541	855
541	953
541	958
542	387
542	778
542	781
542	850
542	875
542	920
542	992
543	363
543	465
543	491
543	578
543	755
543	930
543	956
544	189
544	360
544	434
544	695
544	786
544	878
544	983
545	387
545	673
545	748
545	793
545	891
545	956
545	961
546	462
546	738
546	898
546	942
546	966
546	984
546	996
547	511
547	524
547	797
547	929
547	967
547	978
547	983
548	655
548	772
548	781
548	887
548	910
548	926
548	940
549	281
549	828
549	870
549	942
549	966
549	984
549	996
550	70
550	247
550	716
550	744
550	753
550	873
550	993
551	404
551	525
551	571
551	778
551	826
551	875
551	967
552	394
552	501
552	647
552	944
552	949
552	978
552	989
553	648
553	750
553	809
553	811
553	942
553	984
553	996
554	126
554	412
554	610
554	756
554	851
554	857
554	912
555	237
555	659
555	809
555	848
555	897
555	957
555	994
556	317
556	735
556	822
556	848
556	947
556	979
556	981
557	152
557	493
557	672
557	884
557	967
557	989
557	993
558	936
558	941
558	976
558	985
558	993
558	994
558	995
559	134
559	738
559	770
559	947
559	968
559	986
559	988
560	454
560	488
560	793
560	795
560	815
560	857
560	988
561	161
561	450
561	622
561	764
561	887
561	902
561	921
562	324
562	769
562	914
562	929
562	967
562	982
562	997
563	595
563	698
563	774
563	823
563	924
563	974
563	990
564	332
564	627
564	830
564	900
564	918
564	938
564	990
565	799
565	828
565	849
565	879
565	911
565	944
565	983
566	525
566	671
566	748
566	891
566	905
566	911
566	927
566	974
567	437
567	586
567	812
567	818
567	945
567	957
567	981
567	1000
568	624
568	942
568	966
568	967
568	979
568	984
568	993
568	996
569	37
569	700
569	707
569	786
569	921
569	925
569	997
569	999
570	258
570	369
570	599
570	653
570	845
570	925
570	954
570	974
571	278
571	551
571	606
571	755
571	818
571	909
571	933
571	991
572	157
572	261
572	675
572	813
572	832
572	954
572	958
572	982
573	305
573	798
573	875
573	900
573	943
573	961
573	971
573	978
574	48
574	331
574	710
574	774
574	806
574	874
574	973
574	997
575	468
575	591
575	722
575	778
575	781
575	802
575	875
575	968
576	316
576	629
576	884
576	905
576	945
576	977
576	981
576	1000
577	461
577	643
577	736
577	771
577	779
577	786
577	946
577	950
578	54
578	129
578	383
578	453
578	498
578	543
578	831
578	863
579	642
579	649
579	681
579	697
579	840
579	913
579	955
579	997
580	98
580	754
580	849
580	906
580	934
580	965
580	987
580	997
581	111
581	731
581	769
581	923
581	925
581	929
581	948
581	972
582	263
582	285
582	765
582	806
582	836
582	961
582	971
582	973
583	131
583	591
583	758
583	888
583	921
583	944
583	967
583	983
584	254
584	351
584	496
584	731
584	767
584	836
584	980
584	999
585	207
585	370
585	607
585	853
585	900
585	938
585	942
585	973
586	174
586	474
586	519
586	520
586	567
586	645
586	788
586	795
587	20
587	23
587	47
587	216
587	275
587	395
587	638
587	966
588	463
588	514
588	726
588	792
588	900
588	970
588	971
588	973
589	56
589	375
589	771
589	784
589	816
589	861
589	882
589	908
590	436
590	756
590	772
590	780
590	796
590	927
590	986
590	988
591	575
591	583
591	777
591	897
591	961
591	971
591	973
591	982
592	463
592	691
592	750
592	778
592	804
592	868
592	872
592	962
593	87
593	527
593	711
593	769
593	804
593	968
593	975
593	979
594	20
594	257
594	275
594	395
594	599
594	915
594	970
594	996
595	149
595	290
595	375
595	563
595	603
595	733
595	827
595	993
596	49
596	446
596	497
596	509
596	612
596	888
596	938
596	939
597	521
597	676
597	792
597	810
597	912
597	957
597	969
597	992
598	70
598	335
598	408
598	675
598	746
598	747
598	790
598	993
599	216
599	275
599	395
599	570
599	594
599	749
599	772
599	977
600	376
600	658
600	720
600	837
600	862
600	905
600	946
600	980
601	289
601	520
601	793
601	888
601	916
601	986
601	988
601	991
602	380
602	413
602	728
602	839
602	910
602	926
602	944
602	977
603	595
603	718
603	869
603	936
603	969
603	978
603	985
603	995
604	316
604	349
604	634
604	763
604	962
604	977
604	990
604	993
605	93
605	122
605	131
605	143
605	323
605	703
605	918
605	963
606	531
606	571
606	774
606	787
606	827
606	985
606	990
606	993
607	585
607	637
607	793
607	897
607	936
607	971
607	973
607	1000
608	341
608	438
608	648
608	886
608	899
608	903
608	909
608	959
609	446
609	495
609	658
609	777
609	805
609	810
609	824
609	920
610	240
610	496
610	554
610	686
610	725
610	821
610	960
610	961
611	439
611	512
611	515
611	783
611	788
611	908
611	913
611	955
612	164
612	596
612	700
612	787
612	832
612	874
612	878
612	965
613	768
613	847
613	861
613	869
613	881
613	962
613	996
613	998
614	78
614	226
614	532
614	646
614	664
614	814
614	908
614	967
615	191
615	293
615	490
615	754
615	816
615	908
615	911
615	986
616	94
616	765
616	945
616	977
616	981
616	989
616	992
616	1000
617	2
617	125
617	161
617	516
617	791
617	880
617	892
617	963
618	463
618	826
618	873
618	897
618	961
618	971
618	994
618	995
619	251
619	410
619	471
619	696
619	851
619	877
619	899
619	909
620	315
620	344
620	524
620	842
620	853
620	885
620	913
620	958
621	336
621	377
621	652
621	779
621	865
621	950
621	954
621	958
622	508
622	561
622	728
622	829
622	866
622	930
622	988
622	998
623	84
623	333
623	478
623	729
623	735
623	801
623	917
623	972
624	568
624	641
624	676
624	858
624	937
624	939
624	956
624	959
625	298
625	408
625	657
625	834
625	908
625	911
625	950
625	963
626	181
626	369
626	492
626	668
626	891
626	951
626	959
626	976
627	380
627	564
627	792
627	874
627	879
627	967
627	991
627	996
628	202
628	295
628	472
628	696
628	742
628	780
628	913
628	988
629	300
629	576
629	634
629	820
629	868
629	906
629	942
629	987
630	292
630	634
630	639
630	731
630	767
630	851
630	883
630	985
631	209
631	281
631	354
631	512
631	637
631	736
631	863
631	983
632	269
632	339
632	731
632	757
632	826
632	851
632	893
632	980
633	97
633	171
633	715
633	771
633	817
633	872
633	904
633	953
634	173
634	604
634	629
634	630
634	638
634	841
634	965
634	984
634	987
635	108
635	491
635	648
635	846
635	879
635	892
635	991
635	992
635	998
636	441
636	764
636	791
636	839
636	923
636	948
636	952
636	954
636	972
637	385
637	461
637	497
637	607
637	631
637	736
637	760
637	786
637	974
638	36
638	342
638	362
638	391
638	432
638	487
638	587
638	634
638	987
639	118
639	381
639	383
639	494
639	630
639	782
639	789
639	805
639	838
640	133
640	661
640	737
640	804
640	898
640	929
640	965
640	981
640	982
641	165
641	529
641	624
641	700
641	896
641	905
641	959
641	984
641	997
642	397
642	485
642	579
642	661
642	671
642	764
642	900
642	975
642	1000
643	288
643	577
643	654
643	730
643	756
643	784
643	912
643	917
643	992
644	49
644	116
644	118
644	235
644	325
644	411
644	791
644	973
644	984
645	174
645	298
645	352
645	474
645	509
645	520
645	586
645	952
645	995
646	21
646	78
646	404
646	532
646	614
646	664
646	723
646	783
646	948
647	410
647	552
647	717
647	948
647	951
647	952
647	970
647	972
647	975
648	367
648	553
648	608
648	635
648	669
648	732
648	833
648	861
648	877
649	148
649	454
649	515
649	579
649	656
649	796
649	842
649	951
649	955
650	319
650	474
650	731
650	777
650	782
650	920
650	931
650	938
650	1000
651	19
651	302
651	708
651	740
651	925
651	943
651	976
651	996
651	997
652	148
652	420
652	499
652	504
652	621
652	862
652	865
652	935
652	978
653	191
653	268
653	320
653	570
653	816
653	882
653	897
653	908
653	985
654	420
654	431
654	643
654	700
654	935
654	937
654	946
654	980
654	995
655	62
655	496
655	508
655	548
655	694
655	724
655	725
655	796
655	912
656	249
656	340
656	417
656	649
656	727
656	783
656	842
656	911
656	955
657	212
657	344
657	358
657	530
657	625
657	765
657	902
657	957
657	992
658	120
658	132
658	471
658	600
658	609
658	873
658	893
658	931
658	998
659	22
659	384
659	555
659	886
659	917
659	936
659	947
659	971
659	994
660	78
660	271
660	394
660	448
660	473
660	500
660	680
660	711
660	879
661	211
661	360
661	397
661	485
661	640
661	642
661	671
661	936
661	949
662	505
662	537
662	728
662	839
662	914
662	926
662	948
662	965
662	993
663	679
663	806
663	841
663	843
663	871
663	915
663	965
663	987
663	992
664	21
664	268
664	280
664	469
664	614
664	646
664	745
664	902
664	903
665	298
665	731
665	768
665	772
665	773
665	819
665	872
665	970
665	998
666	242
666	489
666	727
666	753
666	781
666	821
666	850
666	851
666	935
667	177
667	183
667	251
667	327
667	426
667	469
667	476
667	822
667	942
668	626
668	808
668	855
668	903
668	929
668	944
668	956
668	960
668	965
669	299
669	382
669	648
669	847
669	858
669	874
669	921
669	959
669	986
670	751
670	794
670	825
670	834
670	856
670	925
670	966
670	992
670	997
671	29
671	204
671	211
671	397
671	485
671	566
671	642
671	661
671	806
672	233
672	557
672	759
672	834
672	895
672	916
672	930
672	932
672	958
673	44
673	392
673	529
673	545
673	808
673	837
673	906
673	928
673	956
674	416
674	430
674	792
674	837
674	969
674	976
674	980
674	985
674	999
675	72
675	307
675	572
675	598
675	678
675	746
675	747
675	790
675	799
676	163
676	418
676	449
676	597
676	624
676	863
676	878
676	957
676	992
677	224
677	381
677	447
677	773
677	829
677	838
677	883
677	930
677	991
678	80
678	675
678	704
678	836
678	974
678	978
678	983
678	988
678	989
679	205
679	663
679	865
679	941
679	960
679	970
679	978
679	985
679	998
680	467
680	473
680	500
680	660
680	711
680	854
680	876
680	932
680	960
681	262
681	330
681	480
681	579
681	726
681	894
681	913
681	955
681	984
682	455
682	495
682	721
682	722
682	798
682	849
682	891
682	918
682	978
683	33
683	487
683	504
683	716
683	776
683	844
683	851
683	969
683	976
684	102
684	138
684	229
684	335
684	443
684	477
684	767
684	878
684	981
685	256
685	334
685	350
685	472
685	500
685	701
685	925
685	985
685	999
686	421
686	496
686	610
686	696
686	724
686	796
686	830
686	883
686	968
687	83
687	143
687	242
687	767
687	825
687	829
687	834
687	836
687	990
688	229
688	717
688	774
688	826
688	862
688	900
688	951
688	971
688	973
689	284
689	386
689	693
689	721
689	785
689	811
689	911
689	950
689	955
690	110
690	151
690	162
690	181
690	233
690	396
690	811
690	905
690	939
691	280
691	498
691	592
691	834
691	863
691	949
691	957
691	997
691	999
692	25
692	26
692	257
692	340
692	479
692	819
692	848
692	917
692	952
692	994
693	45
693	237
693	263
693	506
693	527
693	689
693	764
693	859
693	911
693	950
694	145
694	208
694	252
694	329
694	655
694	788
694	835
694	866
694	921
694	954
695	179
695	189
695	360
695	434
695	507
695	518
695	544
695	920
695	949
695	957
696	29
696	310
696	619
696	628
696	686
696	705
696	812
696	886
696	890
696	899
697	152
697	579
697	744
697	758
697	904
697	912
697	935
697	936
697	990
697	993
698	242
698	372
698	422
698	563
698	817
698	818
698	819
698	872
698	953
698	988
699	269
699	379
699	701
699	703
699	757
699	781
699	831
699	863
699	881
699	991
700	382
700	541
700	569
700	612
700	641
700	654
700	800
700	905
700	959
700	976
701	9
701	460
701	493
701	685
701	699
701	707
701	891
701	950
701	997
701	999
702	134
702	421
702	737
702	743
702	758
702	801
702	840
702	929
702	982
702	992
703	245
703	297
703	348
703	605
703	699
703	863
703	992
703	994
703	997
703	999
704	186
704	380
704	678
704	732
704	893
704	904
704	933
704	967
704	983
704	989
705	339
705	696
705	729
705	797
705	892
705	906
705	967
705	978
705	983
705	989
706	177
706	186
706	322
706	384
706	707
706	795
706	798
706	963
706	968
706	973
707	363
707	452
707	481
707	569
707	701
707	706
707	828
707	929
707	997
707	999
708	360
708	537
708	651
708	750
708	863
708	909
708	935
708	995
708	997
708	999
709	217
709	296
709	532
709	800
709	825
709	878
709	928
709	951
709	952
709	964
710	226
710	513
710	574
710	774
710	788
710	843
710	850
710	867
710	973
710	993
711	325
711	394
711	473
711	500
711	593
711	660
711	680
711	806
711	879
711	999
712	297
712	368
712	420
712	764
712	911
712	925
712	972
712	990
712	997
712	999
713	481
713	730
713	807
713	827
713	865
713	941
713	960
713	970
713	995
713	998
714	42
714	97
714	188
714	745
714	797
714	884
714	924
714	929
714	989
714	999
715	233
715	277
715	633
715	827
715	836
715	855
715	891
715	956
715	959
715	989
716	178
716	484
716	536
716	550
716	683
716	763
716	860
716	876
716	990
716	993
717	330
717	647
717	688
717	850
717	874
717	897
717	941
717	958
717	973
717	979
718	319
718	603
718	755
718	877
718	890
718	896
718	923
718	948
718	972
718	990
719	777
719	836
719	894
719	942
719	956
719	957
719	966
719	984
719	986
719	996
720	107
720	265
720	339
720	347
720	451
720	600
720	837
720	902
720	921
720	958
720	992
721	202
721	266
721	523
721	682
721	689
721	767
721	798
721	849
721	892
721	905
721	991
722	132
722	575
722	682
722	723
722	776
722	863
722	937
722	969
722	980
722	985
722	995
723	121
723	135
723	646
723	722
723	812
723	877
723	886
723	890
723	909
723	978
723	994
724	43
724	153
724	196
724	409
724	524
724	655
724	686
724	725
724	796
724	971
724	997
725	62
725	203
725	229
725	337
725	610
725	655
725	724
725	796
725	916
725	942
725	946
726	160
726	442
726	458
726	588
726	681
726	806
726	816
726	825
726	897
726	961
726	971
727	306
727	656
727	666
727	785
727	831
727	837
727	921
727	925
727	977
727	997
727	999
728	419
728	602
728	622
728	662
728	772
728	839
728	910
728	926
728	939
728	948
728	996
729	50
729	79
729	340
729	623
729	705
729	780
729	803
729	882
729	940
729	947
729	991
730	154
730	643
730	713
730	756
730	784
730	832
730	878
730	912
730	939
730	941
730	992
731	191
731	435
731	526
731	581
731	584
731	630
731	632
731	650
731	665
731	829
731	909
732	294
732	648
732	704
732	753
732	777
732	833
732	890
732	899
732	909
732	935
732	990
733	8
733	595
733	763
733	816
733	901
733	904
733	918
733	948
733	959
733	993
733	995
734	107
734	355
734	378
734	474
734	497
734	741
734	754
734	775
734	830
734	922
734	991
735	410
735	556
735	623
735	801
735	848
735	881
735	897
735	947
735	956
735	970
735	994
736	3
736	19
736	46
736	577
736	631
736	637
736	771
736	786
736	862
736	985
736	999
737	87
737	452
737	492
737	640
737	702
737	786
737	856
737	866
737	914
737	929
737	982
738	272
738	466
738	546
738	559
738	801
738	812
738	868
738	881
738	884
738	889
738	987
739	336
739	435
739	495
739	755
739	909
739	948
739	951
739	952
739	972
739	983
739	984
740	6
740	203
740	215
740	651
740	770
740	876
740	879
740	900
740	942
740	997
740	999
741	11
741	295
741	448
741	734
741	763
741	808
741	841
741	888
741	956
741	986
741	988
742	361
742	628
742	793
742	805
742	849
742	857
742	888
742	982
742	986
742	988
742	998
743	249
743	301
743	702
743	764
743	840
743	898
743	914
743	947
743	959
743	982
743	988
744	54
744	350
744	379
744	392
744	550
744	697
744	752
744	816
744	850
744	956
744	993
745	103
745	164
745	664
745	714
745	774
745	797
745	859
745	944
745	959
745	967
745	978
746	159
746	212
746	437
746	598
746	675
746	747
746	790
746	817
746	823
746	843
746	972
747	116
747	249
747	310
747	437
747	460
747	598
747	675
747	746
747	790
747	899
747	901
747	945
748	115
748	277
748	438
748	509
748	545
748	566
748	855
748	866
748	905
748	956
748	985
748	991
749	199
749	301
749	599
749	781
749	801
749	803
749	848
749	917
749	931
749	947
749	971
749	994
750	167
750	373
750	437
750	553
750	592
750	708
750	762
750	863
750	868
750	960
750	991
750	997
751	79
751	284
751	670
751	779
751	823
751	876
751	885
751	924
751	926
751	968
751	975
751	979
752	199
752	244
752	321
752	744
752	774
752	827
752	940
752	941
752	972
752	990
752	993
752	997
753	100
753	115
753	550
753	666
753	732
753	767
753	836
753	851
753	852
753	930
753	935
753	964
754	237
754	258
754	312
754	438
754	537
754	580
754	615
754	734
754	811
754	845
754	864
754	974
755	47
755	356
755	394
755	543
755	571
755	718
755	739
755	800
755	896
755	906
755	952
755	972
756	58
756	554
756	590
756	643
756	730
756	770
756	886
756	936
756	945
756	986
756	988
756	989
757	188
757	632
757	699
757	794
757	810
757	870
757	881
757	910
757	925
757	986
757	997
757	999
758	217
758	417
758	583
758	697
758	702
758	864
758	870
758	893
758	983
758	987
758	989
758	995
759	221
759	299
759	367
759	466
759	672
759	821
759	874
759	906
759	916
759	932
759	980
759	996
760	637
760	818
760	840
760	901
760	921
760	933
760	939
760	943
760	948
760	998
761	331
761	787
761	915
761	919
761	938
761	940
761	945
761	974
761	977
761	981
761	987
761	1000
762	99
762	162
762	203
762	368
762	422
762	532
762	750
762	843
762	849
762	952
762	997
762	999
763	71
763	143
763	507
763	604
763	716
763	733
763	741
763	831
763	954
763	977
763	990
763	993
764	206
764	536
764	561
764	636
764	642
764	693
764	712
764	743
764	896
764	923
764	951
764	988
765	112
765	343
765	506
765	530
765	582
765	616
765	657
765	785
765	911
765	945
765	950
765	965
766	16
766	208
766	263
766	450
766	507
766	814
766	900
766	942
766	954
766	958
766	972
766	973
767	282
767	316
767	399
767	584
767	630
767	684
767	687
767	721
767	753
767	838
767	899
767	902
768	55
768	170
768	454
768	613
768	665
768	848
768	861
768	867
768	869
768	925
768	944
768	962
768	999
769	562
769	581
769	593
769	820
769	879
769	880
769	888
769	923
769	928
769	945
769	963
769	975
769	979
770	235
770	513
770	559
770	740
770	756
770	814
770	857
770	869
770	896
770	961
770	986
770	988
770	993
771	14
771	171
771	279
771	354
771	497
771	577
771	589
771	633
771	736
771	786
771	835
771	967
771	972
772	36
772	466
772	505
772	517
772	548
772	590
772	599
772	665
772	728
772	839
772	910
772	926
772	978
773	58
773	174
773	276
773	340
773	665
773	677
773	824
773	854
773	941
773	960
773	968
773	970
773	998
774	206
774	563
774	574
774	606
774	688
774	710
774	745
774	752
774	918
774	983
774	990
774	993
774	999
775	104
775	267
775	302
775	337
775	378
775	506
775	508
775	734
775	830
775	880
775	922
775	982
775	987
776	326
776	683
776	722
776	798
776	829
776	903
776	935
776	943
776	969
776	976
776	985
776	994
776	995
777	73
777	274
777	591
777	609
777	650
777	719
777	732
777	809
777	920
777	931
777	932
777	938
777	977
778	72
778	102
778	145
778	542
778	551
778	575
778	592
778	781
778	795
778	835
778	890
778	903
778	999
779	66
779	184
779	352
779	577
779	621
779	751
779	802
779	889
779	949
779	963
779	976
779	979
779	984
780	34
780	57
780	313
780	532
780	590
780	628
780	729
780	793
780	857
780	943
780	986
780	988
780	997
781	387
781	404
781	416
781	468
781	502
781	542
781	548
781	575
781	666
781	699
781	749
781	778
781	875
782	304
782	515
782	518
782	639
782	650
782	812
782	907
782	946
782	949
782	957
782	977
782	981
782	1000
783	176
783	299
783	358
783	611
783	646
783	656
783	842
783	848
783	853
783	881
783	906
783	913
783	955
784	39
784	43
784	97
784	306
784	589
784	643
784	730
784	878
784	910
784	912
784	928
784	973
784	992
785	46
785	212
785	298
785	346
785	689
785	727
785	765
785	808
785	817
785	911
785	950
785	967
785	973
786	461
786	512
786	544
786	569
786	577
786	637
786	736
786	737
786	771
786	860
786	945
786	971
786	994
787	285
787	450
787	491
787	606
787	612
787	761
787	810
787	878
787	906
787	912
787	984
787	992
787	997
788	170
788	343
788	586
788	611
788	694
788	710
788	825
788	900
788	961
788	971
788	973
788	982
788	993
789	182
789	213
789	220
789	381
789	383
789	389
789	639
789	805
789	815
789	847
789	855
789	952
789	961
790	117
790	178
790	209
790	310
790	437
790	598
790	675
790	746
790	747
790	809
790	913
790	943
790	946
790	984
791	109
791	167
791	339
791	391
791	489
791	617
791	636
791	644
791	836
791	851
791	852
791	871
791	883
791	930
792	256
792	496
792	588
792	597
792	627
792	674
792	802
792	824
792	827
792	846
792	879
792	886
792	933
792	991
793	142
793	198
793	545
793	560
793	601
793	607
793	742
793	780
793	857
793	888
793	922
793	927
793	962
793	986
794	192
794	222
794	259
794	463
794	670
794	757
794	820
794	831
794	834
794	880
794	946
794	970
794	997
794	999
795	374
795	470
795	538
795	560
795	586
795	706
795	778
795	880
795	885
795	898
795	949
795	966
795	975
795	979
796	153
796	196
796	240
796	260
796	425
796	500
796	590
796	649
796	655
796	686
796	724
796	725
796	901
796	949
797	125
797	278
797	547
797	705
797	714
797	745
797	859
797	917
797	929
797	934
797	937
797	958
797	967
797	978
798	118
798	230
798	375
798	455
798	458
798	523
798	573
798	682
798	706
798	721
798	776
798	849
798	955
798	969
799	66
799	436
799	565
799	675
799	848
799	919
799	940
799	945
799	946
799	976
799	977
799	981
799	991
799	1000
800	96
800	179
800	700
800	709
800	755
800	864
800	891
800	896
800	934
800	948
800	951
800	952
800	972
800	975
801	238
801	266
801	436
801	483
801	623
801	702
801	735
801	738
801	749
801	869
801	917
801	923
801	994
801	1000
802	178
802	246
802	279
802	370
802	518
802	575
802	779
802	792
802	815
802	846
802	892
802	965
802	991
802	999
803	79
803	124
803	255
803	386
803	476
803	479
803	729
803	749
803	907
803	917
803	927
803	974
803	985
803	994
804	31
804	348
804	363
804	592
804	593
804	640
804	816
804	834
804	885
804	925
804	939
804	987
804	997
804	999
805	204
805	220
805	381
805	389
805	441
805	609
805	639
805	742
805	789
805	842
805	845
805	922
805	952
805	980
806	259
806	495
806	574
806	582
806	663
806	671
806	711
806	726
806	850
806	891
806	970
806	971
806	973
806	991
807	227
807	353
807	713
807	829
807	841
807	871
807	889
807	906
807	919
807	964
807	965
807	977
807	980
807	987
808	95
808	290
808	501
808	541
808	668
808	673
808	741
808	785
808	858
808	883
808	905
808	956
808	963
808	972
809	158
809	293
809	301
809	314
809	553
809	555
809	777
809	790
809	840
809	861
809	898
809	914
809	929
809	982
810	69
810	89
810	241
810	597
810	609
810	757
810	787
810	832
810	887
810	899
810	906
810	912
810	973
810	992
811	1
811	53
811	93
811	204
811	438
811	553
811	689
811	690
811	754
811	845
811	903
811	954
811	974
811	996
812	247
812	328
812	381
812	412
812	567
812	696
812	723
812	738
812	782
812	886
812	890
812	899
812	909
812	946
813	40
813	482
813	513
813	572
813	835
813	865
813	873
813	892
813	902
813	915
813	921
813	954
813	958
813	973
814	158
814	172
814	257
814	264
814	288
814	379
814	614
814	766
814	770
814	819
814	854
814	941
814	960
814	970
814	998
815	135
815	526
815	560
815	789
815	802
815	824
815	846
815	852
815	857
815	867
815	879
815	892
815	924
815	949
815	991
816	268
816	320
816	535
816	589
816	615
816	653
816	726
816	733
816	744
816	804
816	838
816	908
816	950
816	963
816	990
817	103
817	118
817	120
817	134
817	633
817	698
817	746
817	785
817	849
817	872
817	874
817	952
817	953
817	957
817	995
818	75
818	567
818	571
818	698
818	760
818	829
818	834
818	901
818	939
818	943
818	989
819	321
819	388
819	482
819	665
819	692
819	698
819	814
819	851
819	865
819	941
819	960
819	970
819	998
819	999
819	1000
820	193
820	246
820	247
820	264
820	361
820	371
820	458
820	629
820	769
820	794
820	901
820	964
820	967
820	971
820	987
821	243
821	416
821	425
821	538
821	610
821	666
821	759
821	895
821	905
821	916
821	932
821	934
821	941
821	945
821	960
822	81
822	138
822	214
822	273
822	291
822	321
822	426
822	462
822	469
822	476
822	556
822	667
822	892
822	913
822	979
823	7
823	244
823	563
823	746
823	751
823	841
823	881
823	906
823	914
823	936
823	947
823	964
823	976
823	979
823	987
824	54
824	207
824	260
824	446
824	518
824	609
824	773
824	792
824	815
824	846
824	847
824	892
824	933
824	945
824	991
825	112
825	329
825	441
825	670
825	687
825	709
825	726
825	788
825	826
825	878
825	897
825	900
825	952
825	961
825	971
826	12
826	287
826	314
826	459
826	551
826	618
826	632
826	688
826	825
826	857
826	874
826	875
826	948
826	971
826	996
827	92
827	131
827	233
827	236
827	595
827	606
827	713
827	715
827	752
827	792
827	850
827	851
827	904
827	918
827	993
828	37
828	128
828	487
828	549
828	565
828	707
828	859
828	864
828	865
828	884
828	922
828	944
828	967
828	978
828	983
828	1000
829	147
829	242
829	526
829	622
829	677
829	687
829	731
829	776
829	807
829	818
829	851
829	860
829	883
829	935
829	981
829	990
830	23
830	107
830	365
830	391
830	412
830	435
830	475
830	506
830	564
830	686
830	734
830	775
830	922
830	956
830	991
830	1000
831	6
831	22
831	59
831	238
831	305
831	360
831	578
831	699
831	727
831	763
831	794
831	915
831	925
831	961
831	997
831	999
832	96
832	245
832	380
832	447
832	572
832	612
832	730
832	810
832	878
832	912
832	932
832	946
832	962
832	966
832	986
832	992
833	247
833	262
833	296
833	407
833	457
833	648
833	732
833	852
833	886
833	899
833	900
833	909
833	921
833	940
833	978
833	997
834	68
834	306
834	625
834	670
834	672
834	687
834	691
834	794
834	804
834	818
834	872
834	887
834	939
834	950
834	997
834	999
835	374
835	428
835	483
835	541
835	694
835	771
835	778
835	813
835	837
835	841
835	876
835	921
835	926
835	927
835	954
835	958
836	401
836	433
836	502
836	522
836	582
836	584
836	678
836	687
836	715
836	719
836	753
836	791
836	837
836	838
836	866
836	930
837	4
837	104
837	197
837	313
837	504
837	600
837	673
837	674
837	720
837	727
837	835
837	836
837	862
837	881
837	921
837	999
838	12
838	90
838	184
838	316
838	502
838	639
838	677
838	767
838	816
838	836
838	842
838	865
838	866
838	883
838	941
838	953
839	25
839	88
839	196
839	286
839	505
839	535
839	602
839	636
839	662
839	728
839	772
839	910
839	926
839	944
839	972
839	994
840	63
840	157
840	328
840	440
840	492
840	579
840	702
840	743
840	760
840	809
840	854
840	857
840	914
840	929
840	930
840	982
841	17
841	323
841	349
841	634
841	663
841	741
841	807
841	823
841	835
841	853
841	868
841	889
841	965
841	975
841	987
841	997
842	265
842	330
842	341
842	480
842	515
842	620
842	649
842	656
842	783
842	805
842	838
842	878
842	913
842	919
842	955
842	959
843	98
843	663
843	710
843	746
843	762
843	868
843	871
843	881
843	895
843	927
843	964
843	965
843	982
843	986
843	987
843	990
844	201
844	315
844	362
844	683
844	847
844	894
844	900
844	916
844	930
844	936
844	937
844	953
844	976
844	980
844	983
844	985
844	995
845	218
845	240
845	369
845	406
845	540
845	570
845	754
845	805
845	811
845	880
845	897
845	903
845	922
845	957
845	960
845	974
845	1000
846	33
846	53
846	152
846	388
846	421
846	455
846	635
846	792
846	802
846	815
846	824
846	848
846	879
846	923
846	926
846	933
846	991
847	182
847	328
847	353
847	445
847	503
847	513
847	613
847	669
847	789
847	824
847	844
847	903
847	908
847	927
847	969
847	976
847	980
848	45
848	169
848	388
848	480
848	555
848	556
848	692
848	735
848	749
848	768
848	783
848	799
848	846
848	854
848	917
848	984
848	994
849	40
849	266
849	289
849	321
849	455
849	523
849	565
849	580
849	682
849	721
849	742
849	762
849	798
849	817
849	913
849	917
849	959
850	9
850	277
850	287
850	430
850	542
850	666
850	710
850	717
850	744
850	806
850	827
850	852
850	893
850	961
850	971
850	973
850	976
851	30
851	385
851	442
851	554
851	619
851	630
851	632
851	666
851	683
851	753
851	791
851	819
851	827
851	829
851	852
851	969
851	987
852	191
852	194
852	224
852	269
852	461
852	473
852	753
852	791
852	815
852	833
852	850
852	851
852	866
852	883
852	926
852	934
852	968
853	66
853	189
853	585
853	620
853	783
853	841
853	910
853	924
853	928
853	942
853	944
853	949
853	952
853	963
853	968
853	970
853	979
854	159
854	220
854	256
854	412
854	423
854	511
854	530
854	534
854	680
854	773
854	814
854	840
854	848
854	941
854	970
854	979
854	998
855	142
855	255
855	541
855	668
855	715
855	748
855	789
855	858
855	901
855	902
855	905
855	926
855	945
855	958
855	959
855	999
855	1000
856	39
856	511
856	670
856	737
856	860
856	896
856	907
856	912
856	940
856	945
856	957
856	977
856	979
856	981
856	994
856	998
856	1000
857	28
857	62
857	430
857	459
857	554
857	560
857	742
857	770
857	780
857	793
857	815
857	826
857	840
857	971
857	986
857	988
857	996
858	74
858	234
858	299
858	531
858	624
858	669
858	808
858	855
858	877
858	888
858	890
858	891
858	904
858	938
858	959
858	963
858	967
859	75
859	119
859	151
859	271
859	393
859	510
859	693
859	745
859	797
859	828
859	870
859	919
859	933
859	934
859	947
859	967
859	978
860	427
860	489
860	716
860	786
860	829
860	856
860	880
860	891
860	912
860	919
860	920
860	940
860	946
860	957
860	977
860	981
860	1000
861	76
861	190
861	454
861	478
861	589
861	613
861	648
861	768
861	809
861	867
861	869
861	914
861	918
861	944
861	961
861	962
861	963
862	11
862	166
862	208
862	313
862	336
862	521
862	600
862	652
862	688
862	736
862	837
862	895
862	908
862	915
862	947
862	954
862	958
862	977
863	15
863	188
863	193
863	334
863	403
863	578
863	631
863	676
863	691
863	699
863	703
863	708
863	722
863	750
863	882
863	895
863	989
863	997
864	146
864	393
864	407
864	754
864	758
864	800
864	828
864	870
864	893
864	917
864	934
864	951
864	957
864	973
864	977
864	978
864	983
864	989
865	69
865	228
865	499
865	519
865	621
865	652
865	679
865	713
865	813
865	819
865	828
865	838
865	873
865	941
865	960
865	961
865	970
865	998
866	6
866	76
866	92
866	300
866	385
866	489
866	526
866	622
866	694
866	737
866	748
866	836
866	838
866	852
866	872
866	883
866	930
866	959
867	1
867	377
867	427
867	478
867	710
867	768
867	815
867	861
867	869
867	927
867	940
867	952
867	960
867	962
867	969
867	981
867	992
867	996
868	2
868	80
868	130
868	538
868	592
868	629
868	738
868	750
868	841
868	843
868	871
868	881
868	898
868	911
868	964
868	965
868	973
868	987
869	83
869	219
869	344
869	359
869	427
869	603
869	613
869	768
869	770
869	801
869	861
869	867
869	944
869	959
869	962
869	966
869	985
869	999
870	40
870	297
870	498
870	549
870	757
870	758
870	859
870	864
870	875
870	884
870	893
870	926
870	944
870	955
870	969
870	978
870	983
870	989
871	393
871	516
871	663
871	791
871	807
871	843
871	868
871	881
871	894
871	906
871	921
871	944
871	952
871	964
871	965
871	975
871	987
871	1000
872	29
872	122
872	128
872	303
872	422
872	426
872	428
872	531
872	592
872	633
872	665
872	698
872	817
872	834
872	866
872	934
872	946
872	953
873	19
873	186
873	274
873	355
873	411
873	509
873	550
873	618
873	658
873	813
873	865
873	916
873	920
873	925
873	931
873	938
873	997
873	1000
874	147
874	157
874	287
874	305
874	574
874	612
874	627
874	669
874	717
874	759
874	817
874	826
874	905
874	939
874	960
874	961
874	971
874	976
875	72
875	102
875	145
875	149
875	182
875	387
875	390
875	468
875	542
875	551
875	573
875	575
875	781
875	826
875	870
875	938
875	950
875	999
876	73
876	210
876	680
876	716
876	740
876	751
876	835
876	887
876	894
876	915
876	927
876	942
876	966
876	984
876	996
877	349
877	384
877	423
877	457
877	619
877	648
877	718
877	723
877	858
877	886
877	890
877	899
877	909
877	917
877	959
877	964
877	973
877	989
878	241
878	365
878	372
878	453
878	533
878	544
878	612
878	676
878	684
878	709
878	730
878	784
878	787
878	825
878	832
878	842
878	937
878	992
878	1000
879	89
879	331
879	421
879	565
879	627
879	635
879	660
879	711
879	740
879	769
879	792
879	815
879	846
879	892
879	909
879	933
879	937
879	940
879	991
880	374
880	427
880	522
880	617
880	769
880	775
880	794
880	795
880	845
880	860
880	885
880	905
880	924
880	928
880	949
880	953
880	963
880	975
880	993
881	267
881	422
881	462
881	613
881	699
881	735
881	738
881	757
881	783
881	823
881	837
881	843
881	868
881	871
881	889
881	964
881	965
881	982
881	995
882	95
882	129
882	281
882	307
882	339
882	375
882	451
882	535
882	589
882	653
882	729
882	863
882	899
882	908
882	939
882	940
882	943
882	981
882	998
883	91
883	345
883	417
883	512
883	630
883	677
883	686
883	791
883	808
883	829
883	838
883	852
883	866
883	930
883	965
883	968
883	992
883	995
883	998
884	184
884	202
884	236
884	366
884	376
884	398
884	457
884	519
884	557
884	576
884	714
884	738
884	828
884	870
884	944
884	967
884	982
884	983
884	989
885	55
885	147
885	261
885	414
885	472
885	504
885	517
885	620
885	751
885	795
885	804
885	880
885	954
885	958
885	962
885	968
885	975
885	987
885	999
886	253
886	262
886	403
886	608
886	659
886	696
886	723
886	756
886	792
886	812
886	833
886	877
886	890
886	899
886	909
886	920
886	927
886	938
886	958
887	242
887	287
887	293
887	322
887	398
887	548
887	561
887	810
887	834
887	876
887	894
887	942
887	964
887	966
887	984
887	996
888	11
888	61
888	100
888	117
888	302
888	390
888	507
888	583
888	596
888	601
888	741
888	742
888	769
888	793
888	858
888	895
888	899
888	986
888	988
889	264
889	276
889	433
889	444
889	738
889	779
889	807
889	841
889	881
889	906
889	909
889	919
889	930
889	947
889	964
889	965
889	969
889	975
889	978
889	985
890	20
890	238
890	240
890	423
890	457
890	538
890	696
890	718
890	723
890	732
890	778
890	812
890	858
890	877
890	886
890	899
890	909
890	931
890	995
890	998
891	114
891	181
891	223
891	288
891	310
891	488
891	525
891	529
891	545
891	566
891	626
891	682
891	701
891	715
891	800
891	806
891	858
891	860
891	905
891	932
892	154
892	248
892	278
892	406
892	617
892	635
892	705
892	721
892	802
892	813
892	815
892	822
892	824
892	879
892	896
892	916
892	933
892	961
892	982
892	991
893	348
893	475
893	488
893	520
893	632
893	658
893	704
893	758
893	850
893	864
893	870
893	904
893	935
893	944
893	951
893	966
893	967
893	983
893	989
893	998
894	291
894	294
894	307
894	439
894	681
894	719
894	844
894	871
894	876
894	887
894	898
894	909
894	942
894	966
894	984
894	990
894	995
894	996
895	88
895	165
895	367
895	413
895	416
895	443
895	538
895	672
895	821
895	843
895	862
895	863
895	888
895	901
895	916
895	929
895	932
895	942
895	947
895	974
896	205
896	239
896	304
896	333
896	410
896	484
896	641
896	718
896	755
896	764
896	770
896	800
896	856
896	892
896	923
896	951
896	952
896	972
896	974
896	1000
897	5
897	176
897	216
897	304
897	334
897	529
897	555
897	591
897	607
897	618
897	653
897	717
897	726
897	735
897	825
897	845
897	900
897	930
897	961
897	969
897	988
898	36
898	185
898	252
898	308
898	348
898	479
898	502
898	536
898	546
898	640
898	743
898	795
898	809
898	868
898	894
898	914
898	929
898	936
898	937
898	979
898	982
899	6
899	217
899	608
899	619
899	696
899	732
899	747
899	767
899	810
899	812
899	833
899	877
899	882
899	886
899	888
899	890
899	909
899	953
899	977
899	979
899	997
900	65
900	127
900	303
900	329
900	395
900	430
900	564
900	573
900	585
900	588
900	642
900	688
900	740
900	766
900	788
900	825
900	833
900	844
900	897
900	914
900	973
901	326
901	356
901	405
901	481
901	528
901	733
901	747
901	760
901	796
901	818
901	820
901	855
901	895
901	928
901	939
901	943
901	964
902	4
902	345
902	376
902	422
902	475
902	482
902	483
902	516
902	561
902	657
902	664
902	720
902	767
902	813
902	855
902	915
902	921
902	924
902	954
902	958
902	986
903	56
903	149
903	231
903	406
903	445
903	447
903	493
903	540
903	608
903	664
903	668
903	776
903	778
903	811
903	845
903	847
903	905
903	948
903	949
903	974
903	997
904	105
904	123
904	318
904	323
904	349
904	444
904	471
904	490
904	633
904	697
904	704
904	733
904	827
904	858
904	893
904	918
904	962
904	972
904	988
904	990
904	993
905	285
905	288
905	357
905	382
905	566
905	576
905	600
905	641
905	690
905	700
905	721
905	748
905	808
905	821
905	855
905	874
905	880
905	891
905	903
905	921
905	959
906	453
906	580
906	629
906	673
906	705
906	755
906	759
906	783
906	787
906	807
906	810
906	823
906	871
906	889
906	917
906	938
906	943
906	964
906	965
906	985
906	987
907	277
907	398
907	404
907	506
907	522
907	782
907	803
907	856
907	919
907	931
907	939
907	940
907	945
907	946
907	949
907	953
907	957
907	968
907	977
907	981
907	1000
908	44
908	129
908	208
908	215
908	235
908	293
908	307
908	372
908	425
908	490
908	589
908	611
908	614
908	615
908	625
908	653
908	816
908	847
908	862
908	882
908	999
909	249
909	279
909	373
909	423
909	468
909	571
909	608
909	619
909	708
909	723
909	731
909	732
909	739
909	812
909	833
909	877
909	879
909	886
909	889
909	890
909	894
909	899
910	8
910	24
910	139
910	201
910	332
910	334
910	505
910	537
910	548
910	602
910	728
910	757
910	772
910	784
910	839
910	853
910	926
910	962
910	966
910	974
910	981
910	994
911	112
911	187
911	227
911	343
911	346
911	527
911	539
911	565
911	566
911	615
911	625
911	656
911	689
911	693
911	712
911	765
911	785
911	868
911	921
911	950
911	966
911	970
912	154
912	210
912	292
912	333
912	455
912	498
912	528
912	554
912	597
912	643
912	655
912	697
912	730
912	784
912	787
912	810
912	832
912	856
912	860
912	933
912	959
912	992
913	8
913	10
913	82
913	234
913	249
913	330
913	340
913	353
913	579
913	611
913	620
913	628
913	681
913	783
913	790
913	822
913	842
913	849
913	937
913	955
913	989
913	995
914	36
914	174
914	347
914	415
914	439
914	440
914	521
914	562
914	662
914	737
914	743
914	809
914	823
914	840
914	861
914	898
914	900
914	929
914	934
914	969
914	982
914	989
915	119
915	258
915	263
915	420
915	428
915	457
915	504
915	594
915	663
915	761
915	813
915	831
915	862
915	876
915	902
915	921
915	922
915	924
915	942
915	954
915	958
915	984
916	121
916	160
916	165
916	172
916	270
916	413
916	466
916	538
916	601
916	672
916	725
916	759
916	821
916	844
916	873
916	892
916	895
916	932
916	933
916	937
916	950
916	975
917	183
917	254
917	308
917	431
917	623
917	643
917	659
917	692
917	749
917	797
917	801
917	803
917	848
917	849
917	864
917	877
917	906
917	940
917	947
917	953
917	989
917	994
917	996
918	41
918	63
918	166
918	173
918	245
918	368
918	418
918	529
918	564
918	605
918	682
918	733
918	774
918	827
918	861
918	904
918	930
918	950
918	956
918	960
918	963
918	990
918	993
919	85
919	161
919	761
919	799
919	807
919	842
919	859
919	860
919	889
919	907
919	940
919	945
919	946
919	957
919	965
919	977
919	979
919	980
919	981
919	983
919	989
919	990
919	1000
920	27
920	32
920	57
920	79
920	132
920	173
920	186
920	227
920	286
920	295
920	363
920	525
920	542
920	609
920	650
920	695
920	777
920	860
920	873
920	886
920	938
920	981
920	994
921	141
921	194
921	218
921	252
921	507
921	561
921	569
921	583
921	669
921	694
921	720
921	727
921	760
921	813
921	833
921	835
921	837
921	871
921	902
921	905
921	911
921	915
921	954
922	23
922	61
922	104
922	302
922	306
922	311
922	378
922	388
922	391
922	412
922	485
922	506
922	734
922	775
922	793
922	805
922	828
922	830
922	845
922	915
922	923
922	972
922	990
923	31
923	239
923	283
923	305
923	314
923	435
923	489
923	581
923	636
923	718
923	764
923	769
923	801
923	846
923	896
923	922
923	932
923	948
923	951
923	964
923	972
923	991
923	995
924	10
924	61
924	91
924	374
924	401
924	524
924	563
924	714
924	751
924	815
924	853
924	880
924	902
924	915
924	929
924	946
924	963
924	968
924	975
924	979
924	988
924	989
924	990
924	993
925	325
925	445
925	456
925	463
925	569
925	570
925	581
925	651
925	670
925	685
925	712
925	727
925	757
925	768
925	804
925	831
925	873
925	930
925	942
925	963
925	976
925	986
925	991
925	999
926	24
926	25
926	139
926	201
926	254
926	537
926	548
926	602
926	662
926	728
926	751
926	772
926	835
926	839
926	846
926	852
926	855
926	870
926	910
926	951
926	970
926	980
926	992
926	997
927	101
927	175
927	309
927	446
927	566
927	590
927	793
927	803
927	835
927	843
927	847
927	867
927	876
927	886
927	934
927	935
927	937
927	966
927	969
927	976
927	980
927	985
927	993
927	995
928	89
928	243
928	382
928	401
928	409
928	414
928	465
928	469
928	472
928	511
928	673
928	709
928	769
928	784
928	853
928	880
928	901
928	950
928	963
928	967
928	968
928	972
928	975
928	979
929	156
929	347
929	348
929	547
929	562
929	581
929	640
929	668
929	702
929	707
929	714
929	737
929	797
929	809
929	840
929	895
929	898
929	914
929	924
929	964
929	980
929	982
929	983
929	990
930	35
930	38
930	113
930	211
930	269
930	351
930	508
930	543
930	622
930	672
930	677
930	753
930	791
930	836
930	840
930	844
930	866
930	883
930	889
930	897
930	918
930	925
930	969
930	983
931	82
931	84
931	115
931	173
931	286
931	355
931	424
931	446
931	483
931	492
931	535
931	650
931	658
931	749
931	777
931	873
931	890
931	907
931	938
931	955
931	964
931	976
931	987
931	988
932	88
932	122
932	172
932	318
932	413
932	416
932	425
932	466
932	538
932	672
932	680
932	759
932	777
932	821
932	832
932	891
932	895
932	916
932	923
932	949
932	971
932	980
932	993
932	997
932	999
933	57
933	246
933	260
933	281
933	380
933	418
933	429
933	441
933	491
933	518
933	525
933	571
933	704
933	760
933	792
933	824
933	846
933	859
933	879
933	892
933	912
933	916
933	948
933	986
933	991
934	43
934	59
934	133
934	198
934	282
934	354
934	474
934	580
934	797
934	800
934	821
934	852
934	859
934	864
934	872
934	914
934	927
934	935
934	936
934	937
934	969
934	976
934	985
934	990
934	995
935	90
935	106
935	376
935	503
935	652
935	654
935	666
935	697
935	708
935	732
935	753
935	776
935	829
935	893
935	927
935	934
935	936
935	937
935	969
935	976
935	980
935	985
935	989
935	995
935	996
936	86
936	309
936	329
936	416
936	558
936	603
936	607
936	659
936	661
936	697
936	756
936	823
936	844
936	898
936	934
936	935
936	937
936	950
936	969
936	976
936	980
936	981
936	985
936	992
936	995
937	245
937	260
937	402
937	624
937	654
937	722
937	797
937	844
937	878
937	879
937	898
937	913
937	916
937	927
937	934
937	935
937	936
937	944
937	968
937	969
937	976
937	980
937	981
937	985
937	987
937	995
938	32
938	73
938	84
938	85
938	286
938	319
938	324
938	345
938	405
938	424
938	462
938	564
938	585
938	596
938	650
938	761
938	777
938	858
938	873
938	875
938	886
938	906
938	920
938	931
938	978
938	993
939	42
939	67
939	94
939	110
939	205
939	210
939	326
939	347
939	356
939	477
939	481
939	596
939	624
939	690
939	728
939	730
939	760
939	804
939	818
939	834
939	874
939	882
939	901
939	907
939	940
939	943
940	258
940	273
940	548
940	729
940	752
940	761
940	799
940	833
940	856
940	860
940	867
940	879
940	882
940	907
940	917
940	919
940	939
940	945
940	946
940	947
940	957
940	965
940	975
940	977
940	981
940	1000
941	48
941	127
941	346
941	379
941	429
941	464
941	534
941	558
941	679
941	713
941	717
941	730
941	752
941	773
941	814
941	819
941	821
941	838
941	854
941	865
941	970
941	971
941	988
941	992
941	994
941	998
942	10
942	106
942	449
942	510
942	546
942	549
942	553
942	568
942	585
942	629
942	667
942	719
942	725
942	740
942	766
942	853
942	876
942	887
942	894
942	895
942	915
942	925
942	966
942	984
942	987
942	990
942	996
943	25
943	42
943	67
943	94
943	102
943	110
943	205
943	210
943	278
943	326
943	356
943	481
943	573
943	651
943	760
943	776
943	780
943	790
943	818
943	882
943	901
943	906
943	939
943	947
943	954
943	983
943	996
944	35
944	41
944	398
944	413
944	552
944	565
944	583
944	602
944	668
944	745
944	768
944	828
944	839
944	853
944	861
944	869
944	870
944	871
944	884
944	893
944	937
944	967
944	978
944	983
944	985
944	988
944	989
945	117
945	351
945	567
945	576
945	616
945	747
945	756
945	761
945	765
945	769
945	786
945	799
945	821
945	824
945	855
945	856
945	907
945	919
945	940
945	946
945	957
945	976
945	977
945	981
945	983
945	998
945	1000
946	168
946	190
946	338
946	370
946	577
946	600
946	654
946	725
946	782
946	790
946	794
946	799
946	812
946	832
946	860
946	872
946	907
946	919
946	924
946	940
946	945
946	949
946	954
946	957
946	977
946	981
946	986
946	1000
947	34
947	136
947	141
947	178
947	225
947	341
947	399
947	436
947	480
947	556
947	559
947	659
947	729
947	735
947	743
947	749
947	823
947	859
947	862
947	889
947	895
947	917
947	940
947	943
947	948
947	975
947	994
947	998
948	192
948	296
948	314
948	336
948	377
948	403
948	465
948	581
948	636
948	646
948	647
948	662
948	718
948	728
948	733
948	739
948	760
948	800
948	826
948	903
948	923
948	933
948	947
948	951
948	952
948	956
948	970
948	972
948	996
949	28
949	52
949	136
949	243
949	322
949	401
949	414
949	510
949	552
949	661
949	691
949	695
949	779
949	782
949	795
949	796
949	815
949	853
949	880
949	903
949	907
949	932
949	946
949	963
949	968
949	974
949	975
949	979
949	985
950	45
950	187
950	284
950	298
950	346
950	494
950	527
950	530
950	539
950	577
950	621
950	625
950	689
950	693
950	701
950	765
950	785
950	816
950	834
950	875
950	911
950	916
950	918
950	928
950	936
950	951
950	953
950	959
950	984
951	7
951	127
951	139
951	192
951	206
951	248
951	283
951	323
951	332
951	419
951	626
951	647
951	649
951	688
951	709
951	739
951	764
951	800
951	864
951	893
951	896
951	923
951	926
951	948
951	950
951	952
951	964
951	972
951	986
952	283
952	314
952	319
952	419
952	435
952	636
952	645
952	647
952	692
952	709
952	739
952	755
952	762
952	789
952	800
952	805
952	817
952	825
952	853
952	867
952	871
952	896
952	948
952	951
952	956
952	958
952	972
952	981
952	987
953	29
953	30
953	114
953	128
953	171
953	228
953	243
953	303
953	359
953	372
953	384
953	414
953	422
953	518
953	531
953	541
953	633
953	698
953	817
953	838
953	844
953	872
953	880
953	899
953	907
953	917
953	950
953	956
953	977
953	988
954	261
954	301
954	313
954	333
954	420
954	425
954	468
954	504
954	531
954	570
954	572
954	621
954	636
954	694
954	763
954	766
954	811
954	813
954	835
954	862
954	885
954	902
954	915
954	921
954	943
954	946
954	958
954	977
954	981
954	987
955	8
955	10
955	18
955	82
955	84
955	93
955	176
955	221
955	265
955	274
955	358
955	389
955	392
955	515
955	579
955	611
955	649
955	656
955	681
955	689
955	783
955	798
955	842
955	870
955	913
955	931
955	963
955	971
955	977
955	979
956	13
956	142
956	155
956	253
956	255
956	286
956	299
956	511
956	525
956	543
956	545
956	624
956	668
956	673
956	715
956	719
956	735
956	741
956	744
956	748
956	808
956	830
956	918
956	948
956	952
956	953
956	958
956	959
956	961
956	995
957	235
957	273
957	317
957	452
957	467
957	506
957	555
957	567
957	597
957	657
957	676
957	691
957	695
957	719
957	782
957	817
957	845
957	856
957	860
957	864
957	907
957	919
957	940
957	945
957	946
957	961
957	977
957	981
957	993
957	1000
958	75
958	119
958	218
958	376
958	428
958	450
958	530
958	541
958	572
958	620
958	621
958	672
958	717
958	720
958	766
958	797
958	813
958	835
958	855
958	862
958	885
958	886
958	902
958	915
958	952
958	954
958	956
958	982
958	985
958	989
958	1000
959	74
959	151
959	155
959	160
959	288
959	501
959	526
959	608
959	624
959	626
959	641
959	669
959	700
959	715
959	733
959	743
959	745
959	842
959	849
959	855
959	858
959	866
959	869
959	877
959	905
959	912
959	950
959	956
959	962
959	969
959	987
960	108
960	159
960	223
960	329
960	361
960	373
960	374
960	408
960	428
960	431
960	463
960	482
960	486
960	534
960	610
960	668
960	679
960	680
960	713
960	750
960	773
960	814
960	819
960	821
960	845
960	865
960	867
960	874
960	918
960	970
960	998
961	5
961	21
961	207
961	226
961	343
961	495
961	545
961	573
961	582
961	591
961	610
961	618
961	726
961	770
961	788
961	789
961	825
961	831
961	850
961	861
961	865
961	874
961	892
961	897
961	956
961	957
961	966
961	973
961	976
961	980
961	986
962	1
962	76
962	83
962	170
962	190
962	219
962	359
962	370
962	377
962	389
962	390
962	400
962	427
962	451
962	454
962	484
962	592
962	604
962	613
962	768
962	793
962	832
962	861
962	867
962	869
962	885
962	904
962	910
962	959
962	981
962	999
963	16
963	72
963	74
963	136
963	162
963	239
963	243
963	331
963	442
963	443
963	510
963	605
963	617
963	625
963	706
963	769
963	779
963	808
963	816
963	853
963	858
963	861
963	880
963	918
963	924
963	925
963	928
963	949
963	955
963	968
963	975
963	979
964	3
964	30
964	181
964	241
964	267
964	335
964	371
964	410
964	433
964	453
964	517
964	709
964	753
964	807
964	820
964	823
964	843
964	868
964	871
964	877
964	881
964	887
964	889
964	901
964	906
964	923
964	929
964	931
964	951
964	965
964	985
964	987
965	74
965	230
965	264
965	361
965	371
965	441
965	456
965	580
965	612
965	634
965	640
965	662
965	663
965	668
965	765
965	802
965	807
965	841
965	843
965	868
965	871
965	881
965	883
965	889
965	906
965	919
965	940
965	964
965	986
965	987
965	998
965	1000
966	15
966	130
966	169
966	177
966	270
966	282
966	327
966	400
966	414
966	429
966	522
966	546
966	549
966	568
966	587
966	670
966	719
966	795
966	832
966	869
966	876
966	887
966	893
966	894
966	910
966	911
966	927
966	942
966	961
966	970
966	984
966	995
966	996
967	35
967	94
967	98
967	194
967	393
967	399
967	447
967	547
967	551
967	557
967	562
967	568
967	583
967	614
967	627
967	704
967	705
967	745
967	771
967	785
967	797
967	820
967	828
967	858
967	859
967	884
967	893
967	928
967	944
967	975
967	978
967	983
967	989
968	61
968	77
968	90
968	140
968	239
968	254
968	300
968	311
968	350
968	364
968	460
968	472
968	528
968	559
968	575
968	593
968	686
968	706
968	751
968	773
968	852
968	853
968	883
968	885
968	907
968	924
968	928
968	937
968	949
968	963
968	975
968	979
968	980
968	993
969	12
969	77
969	224
969	415
969	417
969	536
969	597
969	603
969	674
969	683
969	722
969	776
969	798
969	847
969	851
969	867
969	870
969	889
969	897
969	914
969	927
969	930
969	934
969	935
969	936
969	937
969	959
969	980
969	983
969	984
969	985
969	987
969	993
969	995
970	209
970	234
970	237
970	255
970	256
970	408
970	464
970	486
970	499
970	534
970	588
970	594
970	647
970	665
970	679
970	713
970	735
970	773
970	794
970	806
970	814
970	819
970	853
970	854
970	865
970	911
970	926
970	941
970	948
970	960
970	966
970	978
970	984
970	990
970	998
971	63
971	65
971	164
971	272
971	305
971	335
971	456
971	480
971	524
971	573
971	582
971	588
971	591
971	607
971	618
971	659
971	688
971	724
971	726
971	749
971	786
971	788
971	806
971	820
971	825
971	826
971	850
971	857
971	874
971	932
971	941
971	955
971	973
971	987
971	989
972	111
972	127
972	170
972	217
972	333
972	410
972	419
972	431
972	581
972	623
972	636
972	647
972	712
972	718
972	739
972	746
972	752
972	755
972	766
972	771
972	800
972	808
972	839
972	896
972	904
972	922
972	923
972	928
972	948
972	951
972	952
972	978
972	985
972	995
972	1000
973	18
973	157
973	304
973	311
973	365
973	459
973	495
973	514
973	574
973	582
973	585
973	588
973	591
973	607
973	644
973	688
973	706
973	710
973	717
973	766
973	784
973	785
973	788
973	806
973	810
973	813
973	850
973	864
973	868
973	877
973	900
973	961
973	971
973	991
973	992
973	995
973	997
974	23
974	53
974	56
974	93
974	104
974	149
974	231
974	237
974	258
974	369
974	406
974	438
974	445
974	447
974	486
974	493
974	515
974	540
974	563
974	566
974	570
974	637
974	678
974	754
974	761
974	803
974	811
974	845
974	895
974	896
974	903
974	910
974	949
974	977
974	988
974	992
974	996
974	998
975	9
975	176
975	177
975	255
975	273
975	322
975	364
975	386
975	429
975	433
975	455
975	460
975	517
975	524
975	593
975	642
975	647
975	751
975	769
975	795
975	800
975	841
975	871
975	880
975	885
975	889
975	916
975	924
975	928
975	940
975	947
975	949
975	963
975	967
975	968
975	978
975	979
975	985
976	70
976	175
976	198
976	399
976	402
976	434
976	444
976	445
976	503
976	505
976	558
976	626
976	651
976	674
976	683
976	700
976	776
976	779
976	799
976	823
976	844
976	847
976	850
976	874
976	925
976	927
976	931
976	934
976	935
976	936
976	937
976	945
976	961
976	980
976	983
976	985
976	992
976	995
977	83
977	234
977	266
977	282
977	409
977	452
977	467
977	512
977	522
977	576
977	599
977	602
977	604
977	616
977	727
977	761
977	763
977	777
977	782
977	799
977	807
977	856
977	860
977	862
977	864
977	899
977	907
977	919
977	940
977	945
977	946
977	953
977	954
977	955
977	957
977	974
977	981
977	1000
978	97
978	252
978	271
978	318
978	358
978	398
978	407
978	449
978	490
978	503
978	547
978	552
978	573
978	603
978	652
978	678
978	679
978	682
978	705
978	723
978	745
978	772
978	797
978	828
978	833
978	859
978	864
978	870
978	889
978	938
978	944
978	967
978	970
978	972
978	975
978	983
978	989
978	999
979	55
979	82
979	91
979	96
979	163
979	344
979	386
979	409
979	460
979	485
979	508
979	510
979	523
979	556
979	568
979	593
979	717
979	751
979	769
979	779
979	795
979	822
979	823
979	853
979	854
979	856
979	898
979	899
979	919
979	924
979	928
979	949
979	955
979	963
979	968
979	975
979	986
979	992
980	12
980	59
980	70
980	123
980	259
980	290
980	351
980	357
980	417
980	489
980	519
980	584
980	600
980	632
980	654
980	674
980	722
980	759
980	805
980	807
980	844
980	847
980	919
980	926
980	927
980	929
980	932
980	935
980	936
980	937
980	961
980	968
980	969
980	976
980	982
980	985
980	987
980	995
980	1000
981	18
981	49
981	56
981	119
981	187
981	338
981	467
981	522
981	527
981	556
981	567
981	576
981	616
981	640
981	684
981	761
981	782
981	799
981	829
981	856
981	860
981	867
981	882
981	907
981	910
981	919
981	920
981	936
981	937
981	940
981	945
981	946
981	952
981	954
981	957
981	962
981	977
981	982
981	1000
982	17
982	22
982	144
982	156
982	185
982	206
982	274
982	301
982	308
982	328
982	371
982	395
982	400
982	405
982	439
982	492
982	536
982	562
982	572
982	591
982	640
982	702
982	737
982	742
982	743
982	775
982	788
982	809
982	840
982	843
982	881
982	884
982	892
982	898
982	914
982	929
982	958
982	980
982	981
982	985
983	132
983	140
983	266
983	267
983	285
983	292
983	318
983	357
983	387
983	475
983	488
983	544
983	547
983	565
983	583
983	631
983	678
983	704
983	705
983	739
983	758
983	774
983	828
983	844
983	864
983	870
983	884
983	893
983	919
983	929
983	930
983	943
983	944
983	945
983	967
983	969
983	976
983	978
983	984
983	989
984	59
984	121
984	142
984	146
984	169
984	213
984	221
984	227
984	294
984	327
984	334
984	400
984	429
984	449
984	496
984	526
984	546
984	549
984	553
984	568
984	634
984	641
984	644
984	681
984	719
984	739
984	779
984	787
984	790
984	848
984	876
984	887
984	894
984	915
984	942
984	950
984	966
984	969
984	970
984	983
984	996
985	2
985	51
985	77
985	86
985	133
985	153
985	353
985	357
985	417
985	509
985	558
985	603
985	606
985	630
985	653
985	674
985	679
985	685
985	722
985	736
985	748
985	776
985	803
985	844
985	869
985	889
985	906
985	927
985	934
985	935
985	936
985	937
985	944
985	949
985	958
985	964
985	969
985	972
985	975
985	976
985	980
985	982
986	17
986	26
986	28
986	87
986	117
986	126
986	144
986	295
986	385
986	390
986	448
986	513
986	559
986	590
986	601
986	615
986	669
986	719
986	741
986	742
986	756
986	757
986	770
986	780
986	793
986	832
986	843
986	857
986	888
986	902
986	925
986	933
986	946
986	951
986	961
986	965
986	979
986	988
986	990
986	994
986	997
986	998
986	999
987	3
987	64
987	165
987	193
987	232
987	244
987	272
987	276
987	433
987	449
987	459
987	580
987	629
987	634
987	638
987	663
987	738
987	758
987	761
987	775
987	804
987	807
987	820
987	823
987	841
987	843
987	851
987	868
987	871
987	885
987	906
987	931
987	937
987	942
987	952
987	954
987	959
987	964
987	965
987	969
987	971
987	980
987	996
988	17
988	24
988	58
988	87
988	100
988	138
988	200
988	280
988	320
988	385
988	390
988	448
988	467
988	472
988	499
988	513
988	559
988	560
988	590
988	601
988	622
988	628
988	678
988	698
988	741
988	742
988	743
988	756
988	764
988	770
988	780
988	857
988	888
988	897
988	904
988	924
988	931
988	941
988	944
988	953
988	974
988	986
988	994
989	75
989	80
989	236
989	247
989	271
989	318
989	367
989	407
989	475
989	505
989	530
989	552
989	557
989	616
989	678
989	704
989	705
989	714
989	715
989	756
989	758
989	818
989	863
989	864
989	870
989	877
989	884
989	893
989	913
989	914
989	917
989	919
989	924
989	935
989	944
989	958
989	967
989	971
989	978
989	983
989	993
989	994
989	1000
990	33
990	41
990	85
990	105
990	122
990	137
990	166
990	342
990	392
990	407
990	418
990	436
990	470
990	484
990	537
990	563
990	564
990	604
990	606
990	687
990	697
990	712
990	716
990	718
990	732
990	752
990	763
990	774
990	816
990	829
990	843
990	894
990	904
990	918
990	919
990	922
990	924
990	929
990	934
990	942
990	970
990	986
990	993
990	995
991	51
991	57
991	60
991	89
991	135
991	154
991	175
991	185
991	246
991	248
991	260
991	278
991	281
991	327
991	408
991	421
991	459
991	508
991	518
991	571
991	601
991	627
991	635
991	677
991	699
991	721
991	729
991	734
991	748
991	750
991	792
991	799
991	802
991	806
991	815
991	824
991	830
991	846
991	879
991	892
991	923
991	925
991	933
991	973
991	996
992	39
992	96
992	140
992	150
992	163
992	164
992	183
992	201
992	245
992	292
992	326
992	491
992	498
992	514
992	528
992	530
992	533
992	542
992	597
992	616
992	635
992	643
992	657
992	663
992	670
992	676
992	702
992	703
992	720
992	730
992	784
992	787
992	810
992	832
992	867
992	878
992	883
992	912
992	926
992	936
992	941
992	973
992	974
992	976
992	979
993	85
993	130
993	137
993	152
993	199
993	270
993	343
993	418
993	440
993	471
993	481
993	484
993	494
993	550
993	557
993	558
993	568
993	595
993	598
993	604
993	606
993	662
993	697
993	710
993	716
993	733
993	744
993	752
993	763
993	770
993	774
993	788
993	827
993	880
993	904
993	918
993	924
993	927
993	932
993	938
993	957
993	968
993	969
993	989
993	990
993	996
994	34
994	42
994	50
994	141
994	183
994	225
994	238
994	250
994	253
994	254
994	295
994	341
994	350
994	388
994	389
994	394
994	399
994	436
994	479
994	480
994	524
994	555
994	558
994	618
994	659
994	692
994	703
994	723
994	735
994	749
994	776
994	786
994	801
994	803
994	839
994	848
994	856
994	910
994	917
994	920
994	941
994	947
994	986
994	988
994	989
994	997
994	999
995	5
995	43
995	86
995	101
995	166
995	167
995	193
995	259
995	290
995	309
995	357
995	402
995	440
995	503
995	523
995	558
995	603
995	618
995	645
995	654
995	708
995	713
995	722
995	733
995	758
995	776
995	817
995	844
995	881
995	883
995	890
995	894
995	913
995	923
995	927
995	934
995	935
995	936
995	937
995	956
995	966
995	969
995	972
995	973
995	976
995	980
995	990
996	15
996	80
996	105
996	106
996	121
996	130
996	146
996	221
996	227
996	282
996	294
996	327
996	355
996	371
996	400
996	429
996	449
996	525
996	546
996	549
996	553
996	568
996	594
996	613
996	627
996	651
996	719
996	728
996	759
996	811
996	826
996	857
996	867
996	876
996	887
996	894
996	917
996	935
996	942
996	943
996	948
996	966
996	974
996	984
996	987
996	991
996	993
997	31
997	54
997	64
997	131
997	214
997	302
997	456
997	457
997	531
997	562
997	569
997	574
997	579
997	580
997	641
997	651
997	670
997	691
997	701
997	703
997	707
997	708
997	712
997	724
997	727
997	740
997	750
997	752
997	757
997	762
997	780
997	787
997	794
997	804
997	831
997	833
997	834
997	841
997	863
997	873
997	899
997	903
997	926
997	932
997	973
997	986
997	994
997	999
998	16
998	48
998	103
998	108
998	185
998	209
998	223
998	244
998	256
998	257
998	346
998	408
998	431
998	464
998	482
998	486
998	493
998	499
998	513
998	519
998	613
998	622
998	635
998	658
998	665
998	679
998	713
998	742
998	760
998	773
998	814
998	819
998	854
998	856
998	865
998	882
998	883
998	890
998	893
998	941
998	945
998	947
998	960
998	965
998	970
998	974
998	986
998	1000
999	64
999	99
999	143
999	167
999	215
999	368
999	456
999	458
999	515
999	569
999	584
999	674
999	685
999	691
999	701
999	703
999	707
999	708
999	711
999	712
999	714
999	727
999	736
999	740
999	757
999	762
999	768
999	774
999	778
999	794
999	802
999	804
999	819
999	831
999	834
999	837
999	855
999	869
999	875
999	885
999	908
999	925
999	932
999	962
999	978
999	986
999	994
999	997
1000	18
1000	168
1000	196
1000	234
1000	273
1000	274
1000	276
1000	338
1000	370
1000	435
1000	443
1000	452
1000	502
1000	522
1000	567
1000	576
1000	607
1000	616
1000	642
1000	650
1000	761
1000	782
1000	799
1000	801
1000	819
1000	828
1000	830
1000	845
1000	855
1000	856
1000	860
1000	871
1000	873
1000	878
1000	896
1000	907
1000	919
1000	940
1000	945
1000	946
1000	957
1000	958
1000	965
1000	972
1000	977
1000	980
1000	981
1000	989
1000	998
