1.452000000000000135e+01
1.494000000000000661e+01
1.494000000000000661e+01
1.494000000000000661e+01
1.494000000000000661e+01
1.494000000000000661e+01
1.495000000000000639e+01
1.495000000000000639e+01
1.495000000000000639e+01
1.495000000000000639e+01
1.506000000000000760e+01
1.506000000000000760e+01
1.506000000000000760e+01
1.506000000000000760e+01
1.506000000000000760e+01
1.506000000000000760e+01
1.506000000000000760e+01
1.506000000000000760e+01
1.506000000000000760e+01
1.506000000000000760e+01
1.467000000000000526e+01
1.467000000000000526e+01
1.467000000000000526e+01
1.467000000000000526e+01
1.467000000000000526e+01
1.467000000000000526e+01
1.476000000000000512e+01
1.476000000000000512e+01
1.476000000000000512e+01
1.476000000000000512e+01
1.502000000000000668e+01
1.503000000000000647e+01
1.503000000000000647e+01
1.503000000000000647e+01
1.503000000000000647e+01
1.503000000000000647e+01
1.503000000000000647e+01
1.503000000000000647e+01
1.503000000000000647e+01
1.503000000000000647e+01
1.483000000000000718e+01
1.483000000000000718e+01
1.483000000000000718e+01
1.483000000000000718e+01
1.483000000000000718e+01
1.483000000000000718e+01
1.483000000000000718e+01
1.483000000000000718e+01
1.483000000000000718e+01
1.483000000000000718e+01
1.483000000000000718e+01
1.483000000000000718e+01
1.483000000000000718e+01
1.483000000000000718e+01
1.483000000000000718e+01
1.483000000000000718e+01
1.483000000000000718e+01
1.483000000000000718e+01
1.483000000000000718e+01
1.483000000000000718e+01
1.483000000000000718e+01
1.483000000000000718e+01
1.483000000000000718e+01
1.483000000000000718e+01
1.483000000000000718e+01
1.483000000000000718e+01
1.483000000000000718e+01
1.483000000000000718e+01
1.483000000000000718e+01
1.483000000000000718e+01
1.483000000000000718e+01
1.483000000000000718e+01
1.483000000000000718e+01
1.483000000000000718e+01
1.483000000000000718e+01
1.483000000000000718e+01
1.483000000000000718e+01
1.483000000000000718e+01
1.483000000000000718e+01
1.483000000000000718e+01
1.483000000000000718e+01
1.483000000000000718e+01
1.483000000000000718e+01
1.483000000000000718e+01
1.483000000000000718e+01
1.483000000000000718e+01
1.483000000000000718e+01
1.483000000000000718e+01
1.483000000000000718e+01
1.483000000000000718e+01
1.483000000000000718e+01
1.483000000000000718e+01
1.483000000000000718e+01
1.483000000000000718e+01
1.483000000000000718e+01
1.483000000000000718e+01
1.483000000000000718e+01
1.483000000000000718e+01
1.483000000000000718e+01
1.483000000000000718e+01
